10000000 1.0000087047323802381e-07 1.0000092687256767476e-07
15000000 6.666997687254649918e-08 6.6670033271876150138e-08
20000000 5.0001657037057611888e-08 5.0001713436387262846e-08
25000000 4.0008298007876419433e-08 4.0008354407206070391e-08
30000000 3.3360818996186480945e-08 3.3360875395516131903e-08
35000000 2.8556789377631730531e-08 2.8556845776961381489e-08
40000000 2.5032675043945573634e-08 2.5032731443275224592e-08
45000000 2.2269690758136562181e-08 2.2269747157466213139e-08
50000000 2.004924426479703925e-08 2.0049300664126690208e-08
55000000 1.7874503877024494614e-08 1.7874560276354145572e-08
60000000 1.6764280630354733148e-08 1.6764337029684384106e-08
65000000 1.5654057383684971683e-08 1.5654113783014622641e-08
70000000 1.4543834137015210217e-08 1.4543890536344861175e-08
75000000 1.3433610890345448752e-08 1.343366728967509971e-08
80000000 1.2323387643675687286e-08 1.2323444043005338244e-08
85000000 1.1213164397005925821e-08 1.1213220796335576779e-08
90000000 1.0102941150336164355e-08 1.0102997549665815313e-08
95000000 9.0135312547090506996e-09 9.0135876540387016576e-09
100000000 9.0135312547090506996e-09 9.0135876540387016576e-09
105000000 9.0135312547090506996e-09 9.0135876540387016576e-09
110000000 9.0135312547090506996e-09 9.0135876540387016576e-09
115000000 9.0135312547090506996e-09 9.0135876540387016576e-09
120000000 9.0135312547090506996e-09 9.0135876540387016576e-09
125000000 9.0135312547090506996e-09 9.0135876540387016576e-09
130000000 9.0135312547090506996e-09 9.0135876540387016576e-09
135000000 9.0135312547090506996e-09 9.0135876540387016576e-09
140000000 9.0135312547090506996e-09 9.0135876540387016576e-09
145000000 9.0135312547090506996e-09 9.0135876540387016576e-09
150000000 9.0135312547090506996e-09 9.0135876540387016576e-09
155000000 9.0135312547090506996e-09 9.0135876540387016576e-09
160000000 9.0135312547090506996e-09 9.0135876540387016576e-09
165000000 9.0135312547090506996e-09 9.0135876540387016576e-09
170000000 9.0135312547090506996e-09 9.0135876540387016576e-09
175000000 9.0135312547090506996e-09 9.0135876540387016576e-09
180000000 9.0135312547090506996e-09 9.0135876540387016576e-09
185000000 9.0135312547090506996e-09 9.0135876540387016576e-09
190000000 9.0135312547090506996e-09 9.0135876540387016576e-09
195000000 9.0135312547090506996e-09 9.0135876540387016576e-09
200000000 9.0135312547090506996e-09 9.0135876540387016576e-09
205000000 9.0135312547090506996e-09 9.0135876540387016576e-09
210000000 9.0135312547090506996e-09 9.0135876540387016576e-09
215000000 9.0135312547090506996e-09 9.0135876540387016576e-09
220000000 9.0135312547090506996e-09 9.0135876540387016576e-09
225000000 9.0135312547090506996e-09 9.0135876540387016576e-09
230000000 9.0135312547090506996e-09 9.0135876540387016576e-09
235000000 9.0135312547090506996e-09 9.0135876540387016576e-09
240000000 9.0135312547090506996e-09 9.0135876540387016576e-09
245000000 9.0135312547090506996e-09 9.0135876540387016576e-09
250000000 9.0135312547090506996e-09 9.0135876540387016576e-09
255000000 9.0135312547090506996e-09 9.0135876540387016576e-09
260000000 9.0135312547090506996e-09 9.0135876540387016576e-09
265000000 9.0135312547090506996e-09 9.0135876540387016576e-09
270000000 9.0135312547090506996e-09 9.0135876540387016576e-09
275000000 9.0135312547090506996e-09 9.0135876540387016576e-09
280000000 9.0135312547090506996e-09 9.0135876540387016576e-09
285000000 9.0135312547090506996e-09 9.0135876540387016576e-09
290000000 9.0135312547090506996e-09 9.0135876540387016576e-09
295000000 9.0135312547090506996e-09 9.0135876540387016576e-09
300000000 9.0135312547090506996e-09 9.0135876540387016576e-09
305000000 9.0135312547090506996e-09 9.0135876540387016576e-09
310000000 9.0135312547090506996e-09 9.0135876540387016576e-09
315000000 9.0135312547090506996e-09 9.0135876540387016576e-09
320000000 9.0135312547090506996e-09 9.0135876540387016576e-09
325000000 9.0135312547090506996e-09 9.0135876540387016576e-09
330000000 9.0135312547090506996e-09 9.0135876540387016576e-09
335000000 9.0135312547090506996e-09 9.0135876540387016576e-09
340000000 9.0135312547090506996e-09 9.0135876540387016576e-09
345000000 9.0135312547090506996e-09 9.0135876540387016576e-09
350000000 9.0135312547090506996e-09 9.0135876540387016576e-09
355000000 9.0135312547090506996e-09 9.0135876540387016576e-09
360000000 9.0135312547090506996e-09 9.0135876540387016576e-09
365000000 9.0135312547090506996e-09 9.0135876540387016576e-09
370000000 9.0135312547090506996e-09 9.0135876540387016576e-09
375000000 9.0135312547090506996e-09 9.0135876540387016576e-09
380000000 9.0135312547090506996e-09 9.0135876540387016576e-09
385000000 9.0135312547090506996e-09 9.0135876540387016576e-09
390000000 9.0135312547090506996e-09 9.0135876540387016576e-09
395000000 9.0135312547090506996e-09 9.0135876540387016576e-09
400000000 9.0135312547090506996e-09 9.0135876540387016576e-09
405000000 9.0135312547090506996e-09 9.0135876540387016576e-09
410000000 9.0135312547090506996e-09 9.0135876540387016576e-09
415000000 9.0135312547090506996e-09 9.0135876540387016576e-09
420000000 9.0135312547090506996e-09 9.0135876540387016576e-09
425000000 9.0135312547090506996e-09 9.0135876540387016576e-09
430000000 9.0135312547090506996e-09 9.0135876540387016576e-09
435000000 9.0135312547090506996e-09 9.0135876540387016576e-09
440000000 9.0135312547090506996e-09 9.0135876540387016576e-09
445000000 9.0135312547090506996e-09 9.0135876540387016576e-09
450000000 9.0135312547090506996e-09 9.0135876540387016576e-09
455000000 9.0135312547090506996e-09 9.0135876540387016576e-09
460000000 9.0135312547090506996e-09 9.0135876540387016576e-09
465000000 9.0135312547090506996e-09 9.0135876540387016576e-09
470000000 9.0135312547090506996e-09 9.0135876540387016576e-09
475000000 9.0135312547090506996e-09 9.0135876540387016576e-09
480000000 9.0135312547090506996e-09 9.0135876540387016576e-09
485000000 9.0135312547090506996e-09 9.0135876540387016576e-09
490000000 9.0135312547090506996e-09 9.0135876540387016576e-09
495000000 9.0135312547090506996e-09 9.0135876540387016576e-09
500000000 9.0135312547090506996e-09 9.0135876540387016576e-09
505000000 9.0135312547090506996e-09 9.0135876540387016576e-09
510000000 9.0135312547090506996e-09 9.0135876540387016576e-09
515000000 9.0135312547090506996e-09 9.0135876540387016576e-09
520000000 9.0135312547090506996e-09 9.0135876540387016576e-09
525000000 9.0135312547090506996e-09 9.0135876540387016576e-09
530000000 9.0135312547090506996e-09 9.0135876540387016576e-09
535000000 9.0135312547090506996e-09 9.0135876540387016576e-09
540000000 9.0135312547090506996e-09 9.0135876540387016576e-09
545000000 9.0135312547090506996e-09 9.0135876540387016576e-09
550000000 9.0135312547090506996e-09 9.0135876540387016576e-09
555000000 9.0135312547090506996e-09 9.0135876540387016576e-09
560000000 9.0135312547090506996e-09 9.0135876540387016576e-09
565000000 9.0135312547090506996e-09 9.0135876540387016576e-09
570000000 9.0135312547090506996e-09 9.0135876540387016576e-09
575000000 9.0135312547090506996e-09 9.0135876540387016576e-09
580000000 9.0135312547090506996e-09 9.0135876540387016576e-09
585000000 9.0135312547090506996e-09 9.0135876540387016576e-09
590000000 9.0135312547090506996e-09 9.0135876540387016576e-09
595000000 9.0135312547090506996e-09 9.0135876540387016576e-09
600000000 9.0135312547090506996e-09 9.0135876540387016576e-09
605000000 9.0135312547090506996e-09 9.0135876540387016576e-09
610000000 9.0135312547090506996e-09 9.0135876540387016576e-09
615000000 9.0135312547090506996e-09 9.0135876540387016576e-09
620000000 9.0135312547090506996e-09 9.0135876540387016576e-09
625000000 9.0135312547090506996e-09 9.0135876540387016576e-09
630000000 9.0135312547090506996e-09 9.0135876540387016576e-09
635000000 9.0135312547090506996e-09 9.0135876540387016576e-09
640000000 9.0135312547090506996e-09 9.0135876540387016576e-09
645000000 9.0135312547090506996e-09 9.0135876540387016576e-09
650000000 9.0135312547090506996e-09 9.0135876540387016576e-09
655000000 9.0135312547090506996e-09 9.0135876540387016576e-09
660000000 9.0135312547090506996e-09 9.0135876540387016576e-09
665000000 9.0135312547090506996e-09 9.0135876540387016576e-09
670000000 9.0135312547090506996e-09 9.0135876540387016576e-09
675000000 9.0135312547090506996e-09 9.0135876540387016576e-09
680000000 9.0135312547090506996e-09 9.0135876540387016576e-09
685000000 9.0135312547090506996e-09 9.0135876540387016576e-09
690000000 9.0135312547090506996e-09 9.0135876540387016576e-09
695000000 9.0135312547090506996e-09 9.0135876540387016576e-09
700000000 9.0135312547090506996e-09 9.0135876540387016576e-09
705000000 9.0135312547090506996e-09 9.0135876540387016576e-09
710000000 9.0135312547090506996e-09 9.0135876540387016576e-09
715000000 9.0135312547090506996e-09 9.0135876540387016576e-09
720000000 9.0135312547090506996e-09 9.0135876540387016576e-09
725000000 9.0135312547090506996e-09 9.0135876540387016576e-09
730000000 9.0135312547090506996e-09 9.0135876540387016576e-09
735000000 9.0135312547090506996e-09 9.0135876540387016576e-09
740000000 9.0135312547090506996e-09 9.0135876540387016576e-09
745000000 9.0135312547090506996e-09 9.0135876540387016576e-09
750000000 9.0135312547090506996e-09 9.0135876540387016576e-09
755000000 9.0135312547090506996e-09 9.0135876540387016576e-09
760000000 9.0135312547090506996e-09 9.0135876540387016576e-09
765000000 9.0135312547090506996e-09 9.0135876540387016576e-09
770000000 9.0135312547090506996e-09 9.0135876540387016576e-09
775000000 9.0135312547090506996e-09 9.0135876540387016576e-09
780000000 9.0135312547090506996e-09 9.0135876540387016576e-09
785000000 9.0135312547090506996e-09 9.0135876540387016576e-09
790000000 9.0135312547090506996e-09 9.0135876540387016576e-09
795000000 9.0135312547090506996e-09 9.0135876540387016576e-09
800000000 9.0135312547090506996e-09 9.0135876540387016576e-09
805000000 9.0135312547090506996e-09 9.0135876540387016576e-09
810000000 9.0135312547090506996e-09 9.0135876540387016576e-09
815000000 9.0135312547090506996e-09 9.0135876540387016576e-09
820000000 9.0135312547090506996e-09 9.0135876540387016576e-09
825000000 9.0135312547090506996e-09 9.0135876540387016576e-09
830000000 9.0135312547090506996e-09 9.0135876540387016576e-09
835000000 9.0135312547090506996e-09 9.0135876540387016576e-09
840000000 9.0135312547090506996e-09 9.0135876540387016576e-09
845000000 9.0135312547090506996e-09 9.0135876540387016576e-09
850000000 9.0135312547090506996e-09 9.0135876540387016576e-09
855000000 9.0135312547090506996e-09 9.0135876540387016576e-09
860000000 9.0135312547090506996e-09 9.0135876540387016576e-09
865000000 9.0135312547090506996e-09 9.0135876540387016576e-09
870000000 9.0135312547090506996e-09 9.0135876540387016576e-09
875000000 9.0135312547090506996e-09 9.0135876540387016576e-09
880000000 9.0135312547090506996e-09 9.0135876540387016576e-09
885000000 9.0135312547090506996e-09 9.0135876540387016576e-09
890000000 9.0135312547090506996e-09 9.0135876540387016576e-09
895000000 9.0135312547090506996e-09 9.0135876540387016576e-09
900000000 9.0135312547090506996e-09 9.0135876540387016576e-09
905000000 9.0135312547090506996e-09 9.0135876540387016576e-09
910000000 9.0135312547090506996e-09 9.0135876540387016576e-09
915000000 9.0135312547090506996e-09 9.0135876540387016576e-09
920000000 9.0135312547090506996e-09 9.0135876540387016576e-09
925000000 9.0135312547090506996e-09 9.0135876540387016576e-09
930000000 9.0135312547090506996e-09 9.0135876540387016576e-09
935000000 9.0135312547090506996e-09 9.0135876540387016576e-09
940000000 9.0135312547090506996e-09 9.0135876540387016576e-09
945000000 9.0135312547090506996e-09 9.0135876540387016576e-09
950000000 9.0135312547090506996e-09 9.0135876540387016576e-09
955000000 9.0135312547090506996e-09 9.0135876540387016576e-09
960000000 9.0135312547090506996e-09 9.0135876540387016576e-09
965000000 9.0135312547090506996e-09 9.0135876540387016576e-09
970000000 9.0135312547090506996e-09 9.0135876540387016576e-09
975000000 9.0135312547090506996e-09 9.0135876540387016576e-09
980000000 9.0135312547090506996e-09 9.0135876540387016576e-09
985000000 9.0135312547090506996e-09 9.0135876540387016576e-09
990000000 9.0135312547090506996e-09 9.0135876540387016576e-09
995000000 9.0135312547090506996e-09 9.0135876540387016576e-09
1000000000 9.0135312547090506996e-09 9.0135876540387016576e-09
