0.5 164.25175139159
0.25 50.0767088086878
0.125 18.4449486237275
0.0625 44.8100231377179
0.03125 34.9206890005485
0.015625 31.1351862006989
0.0078125 7.31990752560334
0.00390625 11.5632364983558
0.001953125 5.37338072701209
0.0009765625 1.85583914424867
0.00048828125 3.1543649785898
0.000244140625 1.77170862317079
0.0001220703125 1.9717985032291
6.103515625e-05 1.72693227360378
3.0517578125e-05 0.698376173237381
1.52587890625e-05 0.22892137300266
7.62939453125e-06 1.14903618140859
3.814697265625e-06 0.680430583153073
1.9073486328125e-06 0.0916687124903679
9.5367431640625e-07 0.2217264634223
4.76837158203125e-07 0.156273924842895
