0.5 399.389142866333
0.25 37.6747661989187
0.125 158.400250462435
0.0625 25.7161079666556
0.03125 73.7916659601757
0.015625 4.03341488326931
0.0078125 32.6456040453566
0.00390625 17.3104880821413
0.001953125 0.651594237272594
0.0009765625 6.96199895589513
0.00048828125 6.49821026299758
0.000244140625 3.38657400088202
0.0001220703125 2.11606937423563
6.103515625e-05 5.73543475130157
3.0517578125e-05 2.59678723122489
1.52587890625e-05 0.314822178572574
7.62939453125e-06 1.06705248542251
3.814697265625e-06 0.523768650103079
1.9073486328125e-06 0.237583893186802
9.5367431640625e-07 0.507988725028
4.76837158203125e-07 0.218126582315517
