0.05 0.05 0.975 
0.1 0.09875 0.9497923996 
0.15 0.14623962 0.9244489751 
0.2 0.1924620687 0.8990434751 
0.25 0.2374142425 0.8736505153 
0.3 0.2810967683 0.8483445495 
0.35 0.3235139957 0.8231989255 
0.4 0.364673942 0.7982850316 
0.45 0.4045881936 0.7736715405 
0.5 0.4432717706 0.7494237506 
0.55 0.4807429581 0.7256030256 
0.6 0.5170231094 0.7022663311 
0.65 0.552136426 0.6794658631 
0.7 0.5861097191 0.6572487654 
0.75 0.6189721574 0.6356569288 
0.8 0.6507550038 0.6147268668 
0.85 0.6814913472 0.5944896587 
0.9 0.7112158301 0.5749709554 
0.95 0.7399643779 0.5561910388 
1 0.7677739298 0.5381649278 
1.05 0.7946821762 0.520902525 
1.1 0.8207273025 0.5044087962 
1.15 0.8459477423 0.4886839774 
1.2 0.8703819411 0.4737238038 
1.25 0.8940681313 0.4595197549 
1.3 0.9170441191 0.4460593117 
1.35 0.9393470847 0.4333262218 
1.4 0.9610133958 0.4213007694 
1.45 0.9820784342 0.4099600458 
1.5 1.002576437 0.3992782193 
1.55 1.022540347 0.3892268008 
1.6 1.042001688 0.3797749049 
1.65 1.060990433 0.3708895036 
1.7 1.079534908 0.3625356716 
1.75 1.097661692 0.3546768228 
1.8 1.115395533 0.3472749374 
1.85 1.13275928 0.3402907771 
1.9 1.149773818 0.3336840913 
1.95 1.166458023 0.3274138102 
2 1.182828713 0.3214382284 
2.05 1.198900625 0.3157151758 
2.1 1.214686384 0.3102021779 
2.15 1.230196493 0.3048566047 
2.2 1.245439323 0.2996358081 
2.25 1.260421113 0.2944972496 
2.3 1.275145976 0.2893986156 
2.35 1.289615906 0.2842979246 
2.4 1.303830803 0.2791536225 
2.45 1.317788484 0.2739246697 
2.5 1.331484717 0.2685706185 
2.55 1.344913248 0.263051682 
2.6 1.358065832 0.2573287952 
2.65 1.370932272 0.2513636675 
2.7 1.383500455 0.2451188298 
2.75 1.395756397 0.2385576734 
2.8 1.407684281 0.231644485 
2.85 1.419266505 0.2243444748 
2.9 1.430483729 0.216623802 
2.95 1.441314919 0.2084495951 
3 1.451737398 0.1997899709 
3.05 1.461726897 0.1906140503 
3.1 1.4712576 0.1808919736 
3.15 1.480302198 0.1705949156 
3.2 1.488831944 0.1596951011 
3.25 1.496816699 0.1481658217 
3.3 1.50422499 0.135981456 
3.35 1.511024063 0.1231174925 
3.4 1.517179938 0.1095505571 
3.45 1.522657465 0.09525844681 
3.5 1.527420388 0.08022016881 
3.55 1.531431396 0.0644159881 
3.6 1.534652196 0.04782748319 
3.65 1.53704357 0.03043761154 
3.7 1.53856545 0.01223078571 
3.75 1.53917699 -0.006807038822 
3.8 1.538836638 -0.02668826317 
3.85 1.537502225 -0.04742353081 
3.9 1.535131048 -0.06902159876 
3.95 1.531679968 -0.09148919327 
4 1.527105508 -0.1148308491 
4.05 1.521363966 -0.139048732 
4.1 1.514411529 -0.1641424431 
4.15 1.506204407 -0.1901088064 
4.2 1.496698967 -0.2169416367 
4.25 1.485851885 -0.2446314906 
4.3 1.47362031 -0.2731653994 
4.35 1.459962041 -0.3025265855 
4.4 1.444835711 -0.3326941627 
4.45 1.428201003 -0.3636428235 
4.5 1.410018862 -0.3953425153 
4.55 1.390251736 -0.4277581081 
4.6 1.368863831 -0.460849059 
4.65 1.345821378 -0.4945690785 
4.7 1.321092924 -0.5288658032 
4.75 1.294649634 -0.5636804847 
4.8 1.266465609 -0.5989477011 
4.85 1.236518224 -0.6345951017 
4.9 1.204788469 -0.6705431966 
4.95 1.17126131 -0.7067052017 
5 1.135926049 -0.7429869548 
5.05 1.098776702 -0.7792869141 
5.1 1.059812356 -0.8154962572 
5.15 1.019037543 -0.8514990925 
5.2 0.9764625885 -0.8871728001 
5.25 0.9321039485 -0.9223885143 
5.3 0.8859845228 -0.9570117617 
5.35 0.8381339347 -0.9909032631 
5.4 0.7885887715 -1.023919907 
5.45 0.7373927762 -1.055915895 
5.5 0.6845969815 -1.086744063 
5.55 0.6302597783 -1.116257356 
5.6 0.5744469105 -1.144310462 
5.65 0.5172313874 -1.170761557 
5.7 0.4586933095 -1.195474162 
5.75 0.3989196014 -1.218319046 
5.8 0.3380036491 -1.239176155 
5.85 0.2760448413 -1.257936511 
5.9 0.2131480158 -1.274504025 
5.95 0.1494228145 -1.288797179 
6 0.08498295559 -1.300750519 
6.05 0.01994542961 -1.310315916 
6.1 -0.0455703662 -1.317463532 
6.15 -0.1114435428 -1.32218248 
6.2 -0.1775526668 -1.324481123 
6.25 -0.2437767229 -1.324387023 
6.3 -0.3099960741 -1.321946508 
6.35 -0.3760933995 -1.317223889 
6.4 -0.4419545939 -1.310300336 
6.45 -0.5074696107 -1.301272449 
6.5 -0.5725332331 -1.290250569 
6.55 -0.6370457616 -1.277356878 
6.6 -0.7009136055 -1.262723339 
6.65 -0.7640497725 -1.24648955 
6.7 -0.82637425 -1.228800551 
6.75 -0.8878142775 -1.209804651 
6.8 -0.94830451 -1.189651332 
6.85 -1.007787077 -1.168489259 
6.9 -1.06621154 -1.146464452 
6.95 -1.123534762 -1.123718626 
7 -1.179720693 -1.100387755 
7.05 -1.234740081 -1.076600828 
7.1 -1.288570123 -1.052478844 
7.15 -1.341194065 -1.028134015 
7.2 -1.392600766 -1.003669181 
7.25 -1.442784225 -0.979177425 
7.3 -1.491743096 -0.9547418649 
7.35 -1.539480189 -0.9304356114 
7.4 -1.58600197 -0.9063218673 
7.45 -1.631318063 -0.8824541472 
7.5 -1.67544077 -0.8588765997 
7.55 -1.7183846 -0.8356244103 
7.6 -1.760165821 -0.8127242663 
7.65 -1.800802034 -0.7901948695 
7.7 -1.840311778 -0.7680474772 
7.75 -1.878714152 -0.7462864621 
7.8 -1.916028475 -0.7249098772 
7.85 -1.952273968 -0.7039100172 
7.9 -1.987469469 -0.6832739682 
7.95 -2.021633168 -0.6629841386 
8 -2.054782375 -0.6430187677 
8.05 -2.086933313 -0.6233524077 
8.1 -2.118100933 -0.6039563761 
8.15 -2.148298752 -0.5847991775 
8.2 -2.177538711 -0.5658468947 
8.25 -2.205831056 -0.5470635472 
8.3 -2.233184233 -0.5284114201 
8.35 -2.259604804 -0.509851361 
8.4 -2.285097372 -0.49134305 
8.45 -2.309664525 -0.4728452404 
8.5 -2.333306787 -0.454315975 
8.55 -2.356022586 -0.4357127768 
8.6 -2.377808224 -0.4169928182 
8.65 -2.398657865 -0.3981130693 
8.7 -2.418563519 -0.379030427 
8.75 -2.43751504 -0.3597018271 
8.8 -2.455500131 -0.3400843407 
8.85 -2.472504349 -0.3201352569 
8.9 -2.488511111 -0.2998121526 
8.95 -2.503501719 -0.2790729517 
9 -2.517455367 -0.2578759744 
9.05 -2.530349165 -0.2361799786 
9.1 -2.542158164 -0.2139441938 
9.15 -2.552855374 -0.1911283494 
9.2 -2.562411791 -0.1676926992 
9.25 -2.570796426 -0.1435980413 
9.3 -2.577976328 -0.1188057375 
9.35 -2.583916615 -0.09327773077 
9.4 -2.588580502 -0.06697656504 
9.45 -2.59192933 -0.03986540602 
9.5 -2.5939226 -0.01190806713 
9.55 -2.594518004 0.0169309588 
9.6 -2.593671456 0.04668645938 
9.65 -2.591337133 0.07739245169 
9.7 -2.58746751 0.1090821176 
9.75 -2.582013404 0.1417877223 
9.8 -2.574924018 0.175540512 
9.85 -2.566146993 0.2103705873 
9.9 -2.555628463 0.2463067465 
9.95 -2.543313126 0.2833762952 
10 -2.529144311 0.3216048141 
10.05 -2.51306407 0.3610158813 
10.1 -2.495013276 0.4016307391 
10.15 -2.474931739 0.4434679 
10.2 -2.452758344 0.4865426825 
10.25 -2.42843121 0.5308666688 
10.3 -2.401887877 0.5764470744 
10.35 -2.373065523 0.6232860229 
10.4 -2.341901222 0.6713797153 
10.45 -2.308332236 0.7207174882 
10.5 -2.272296362 0.771280753 
10.55 -2.233732324 0.823041813 
10.6 -2.192580234 0.8759625567 
10.65 -2.148782106 0.9299930302 
10.7 -2.102282454 0.9850698961 
10.75 -2.053028959 1.041114795 
10.8 -2.00097322 1.098032629 
10.85 -1.946071588 1.155709806 
10.9 -1.888286098 1.21401248 
10.95 -1.827585474 1.272784847 
11 -1.763946232 1.331847579 
11.05 -1.697353853 1.390996457 
11.1 -1.62780403 1.450001326 
11.15 -1.555303963 1.508605472 
11.2 -1.47987369 1.566525555 
11.25 -1.401547412 1.623452213 
11.3 -1.320374801 1.679051484 
11.35 -1.236422227 1.732967164 
11.4 -1.149773869 1.78482419 
11.45 -1.06053266 1.834233146 
11.5 -0.9688210023 1.880795894 
11.55 -0.8747812075 1.924112319 
11.6 -0.7785755916 1.963788084 
11.65 -0.6803861874 1.999443227 
11.7 -0.5804140261 2.030721333 
11.75 -0.4788779594 2.057298977 
11.8 -0.3760130105 2.078895026 
11.85 -0.2720682592 2.095279376 
11.9 -0.1673042904 2.106280668 
11.95 -0.06199025702 2.111792561 
12 0.04359937103 2.111778163 
12.05 0.1491882792 2.106272343 
12.1 0.2545018964 2.095381738 
12.15 0.3592709833 2.079282409 
12.2 0.4632351037 2.058215247 
12.25 0.5661458661 2.032479356 
12.3 0.6677698339 2.002423761 
12.35 0.7678910219 1.968437876 
12.4 0.8663129157 1.930941192 
12.45 0.9628599753 1.890372714 
12.5 1.057378611 1.847180564 
12.55 1.149737639 1.801812207 
12.6 1.23982825 1.754705595 
12.65 1.327563529 1.70628149 
12.7 1.412877604 1.656937118 
12.75 1.49572446 1.607041199 
12.8 1.57607652 1.556930353 
12.85 1.653923037 1.506906801 
12.9 1.729268377 1.45723723 
12.95 1.802130239 1.408152676 
13 1.872537873 1.359849254 
13.05 1.940530335 1.312489565 
13.1 2.006154814 1.266204612 
13.15 2.069465044 1.221096085 
13.2 2.130519849 1.177238866 
13.25 2.189381792 1.134683657 
13.3 2.246115975 1.093459631 
13.35 2.300788956 1.053577034 
13.4 2.353467808 1.015029685 
13.45 2.404219292 0.9777973344 
13.5 2.453109159 0.941847853 
13.55 2.500201552 0.9071392383 
13.6 2.545558513 0.8736214327 
13.65 2.589239585 0.8412379517 
13.7 2.631301483 0.8099273296 
13.75 2.671797849 0.7796243907 
13.8 2.710779069 0.7502613579 
13.85 2.748292137 0.7217688104 
13.9 2.784380577 0.6940765057 
13.95 2.819084402 0.6671140772 
14 2.852440106 0.6408116219 
14.05 2.884480687 0.6151001903 
14.1 2.915235697 0.5899121894 
14.15 2.944731306 0.5651817105 
14.2 2.972990392 0.5408447909 
14.25 3.000032631 0.5168396185 
14.3 3.025874612 0.4931066869 
14.35 3.050529947 0.4695889073 
14.4 3.074009392 0.4462316849 
14.45 3.096320976 0.4229829624 
14.5 3.117470124 0.399793238 
14.55 3.137459786 0.3766155589 
14.6 3.156290564 0.3534054958 
14.65 3.173960839 0.3301210999 
14.7 3.190466894 0.306722845 
14.75 3.205803036 0.2831735567 
14.8 3.219961714 0.2594383305 
14.85 3.232933631 0.2354844398 
14.9 3.244707853 0.211281235 
14.95 3.255271914 0.1868000349 
15 3.264611916 0.162014011 
15.05 3.272712617 0.1368980656 
15.1 3.27955752 0.1114287038 
15.15 3.285128955 0.08558390152 
15.2 3.28940815 0.0593429684 
15.25 3.292375299 0.03268640734 
15.3 3.294009619 0.005595771422 
15.35 3.294289408 -0.02194648128 
15.4 3.293192084 -0.04995713387 
15.45 3.290694227 -0.07845235659 
15.5 3.286771609 -0.1074478515 
15.55 3.281399216 -0.1369589941 
15.6 3.274551267 -0.1670009706 
15.65 3.266201218 -0.1975889088 
15.7 3.256321773 -0.228738 
15.75 3.244884873 -0.2604636099 
15.8 3.231861692 -0.2927813756 
15.85 3.217222623 -0.3257072854 
15.9 3.200937259 -0.3592577381 
15.95 3.182974372 -0.3934495768 
16 3.163301893 -0.4283000942 
16.05 3.141886889 -0.4638270029 
16.1 3.118695539 -0.5000483669 
16.15 3.09369312 -0.5369824858 
16.2 3.066843996 -0.5746477272 
16.25 3.03811161 -0.6130622989 
16.3 3.007458495 -0.6522439534 
16.35 2.974846297 -0.692209615 
16.4 2.940235816 -0.7329749232 
16.45 2.90358707 -0.7745536799 
16.5 2.864859386 -0.8169571932 
16.55 2.824011526 -0.8601935071 
16.6 2.781001851 -0.9042665082 
16.65 2.735788526 -0.9491749006 
16.7 2.688329781 -0.9949110429 
16.75 2.638584229 -1.041459641 
16.8 2.586511246 -1.088796293 
16.85 2.532071432 -1.136885897 
16.9 2.475227137 -1.185680908 
16.95 2.415943092 -1.235119489 
17 2.354187117 -1.285123539 
17.05 2.28993094 -1.335596671 
17.1 2.223151107 -1.386422146 
17.15 2.153829999 -1.437460844 
17.2 2.081956957 -1.488549332 
17.25 2.007529491 -1.539498117 
17.3 1.930554585 -1.590090188 
17.35 1.851050075 -1.640079965 
17.4 1.769046077 -1.68919278 
17.45 1.684586438 -1.73712503 
17.5 1.597730187 -1.78354515 
17.55 1.508552929 -1.828095529 
17.6 1.417148153 -1.870395495 
17.65 1.323628378 -1.910045461 
17.7 1.228126105 -1.946632274 
17.75 1.130794491 -1.979735763 
17.8 1.031807703 -2.008936406 
17.85 0.9313608826 -2.033823968 
17.9 0.8296696842 -2.054006864 
17.95 0.726969341 -2.069121925 
18 0.6235132448 -2.078844192 
18.05 0.5195710352 -2.08289628 
18.1 0.4154262212 -2.081056844 
18.15 0.311373379 -2.073167705 
18.2 0.2077149938 -2.059139198 
18.25 0.1047580339 -2.038953429 
18.3 0.002810362398 -2.012665202 
18.35 -0.09782289771 -1.980400554 
18.4 -0.1968429254 -1.942352939 
18.45 -0.2939605723 -1.898777273 
18.5 -0.388899436 -1.849982173 
18.55 -0.4813985447 -1.796320794 
18.6 -0.5712145843 -1.738180771 
18.65 -0.6581236229 -1.67597375 
18.7 -0.7419223104 -1.610124993 
18.75 -0.82242856 -1.541063499 
18.8 -0.899481735 -1.469212982 
18.85 -0.9729423841 -1.394983989 
18.9 -1.042691584 -1.318767313 
18.95 -1.108629949 -1.240928796 
19 -1.170676389 -1.16180551 
19.05 -1.228766664 -1.081703259 
19.1 -1.282851827 -1.000895282 
19.15 -1.332896592 -0.9196220153 
19.2 -1.378877692 -0.8380917377 
19.25 -1.420782279 -0.7564819492 
19.3 -1.458606377 -0.6749413031 
19.35 -1.492353442 -0.5935919541 
19.4 -1.522033039 -0.5125321866 
19.45 -1.547659649 -0.4318392152 
19.5 -1.56925161 -0.3515720665 
19.55 -1.586830213 -0.2717744726 
19.6 -1.600418937 -0.1924777249 
19.65 -1.610042823 -0.1137034513 
19.7 -1.615727995 -0.03546629403 
19.75 -1.61750131 0.04222352412 
19.8 -1.615390134 0.1193577516 
19.85 -1.609422246 0.1959277766 
19.9 -1.599625857 0.2719224098 
19.95 -1.586029737 0.347325777 
20 -1.568663448 0.4221153194 
20.05 -1.547557682 0.4962598994 
20.1 -1.522744687 0.5697180177 
20.15 -1.494258786 0.6424361489 
20.2 -1.462136979 0.7143472115 
20.25 -1.426419618 0.7853691954 
20.3 -1.387151158 0.8554039756 
20.35 -1.34438096 0.9243363513 
20.4 -1.298164142 0.9920333555 
20.45 -1.248562474 1.058343886 
20.5 -1.19564528 1.123098716 
20.55 -1.139490344 1.186110943 
20.6 -1.080184797 1.247176934 
20.65 -1.01782595 1.306077823 
20.7 -0.9525220593 1.362581603 
20.75 -0.8843929791 1.416445844 
20.8 -0.813570687 1.467421047 
20.85 -0.7401996346 1.515254614 
20.9 -0.6644369039 1.55969539 
20.95 -0.5864521344 1.60049869 
21 -0.5064271999 1.637431696 
21.05 -0.4245556151 1.670279071 
21.1 -0.3410416616 1.698848595 
21.15 -0.2560992318 1.722976622 
21.2 -0.1699504007 1.742533123 
21.25 -0.08282374457 1.7574261 
21.3 0.005047560454 1.767605148 
21.35 0.09342781785 1.773063975 
21.4 0.1820810166 1.773841756 
21.45 0.2707731044 1.770023215 
21.5 0.3592742651 1.76173741 
21.55 0.4473611356 1.749155278 
21.6 0.5348188995 1.732486019 
21.65 0.6214432005 1.711972496 
21.7 0.7070418253 1.687885845 
21.75 0.7914361175 1.660519538 
21.8 0.8744620944 1.630183135 
21.85 0.9559712511 1.597195982 
21.9 1.03583105 1.561881073 
21.95 1.113925104 1.524559288 
22 1.190153068 1.485544152 
22.05 1.264430276 1.445137249 
22.1 1.336687138 1.403624367 
22.15 1.406868357 1.361272397 
22.2 1.474931977 1.318327001 
22.25 1.540848327 1.275011003 
22.3 1.604598877 1.23152346 
22.35 1.66617505 1.188039333 
22.4 1.725577016 1.144709672 
22.45 1.7828125 1.101662244 
22.5 1.837895612 1.059002498 
22.55 1.890845737 1.0168148 
22.6 1.941686477 0.9751638547 
22.65 1.99044467 0.934096251 
22.7 2.037149482 0.8936420744 
22.75 2.081831586 0.8538165343 
22.8 2.124522413 0.8146215717 
22.85 2.165253491 0.7760474153 
22.9 2.204055862 0.7380740639 
22.95 2.240959565 0.7006726787 
23 2.275993199 0.663806876 
23.05 2.309183543 0.6274339141 
23.1 2.340555239 0.5915057717 
23.15 2.370130527 0.5559701213 
23.2 2.397929033 0.5207711977 
23.25 2.423967593 0.4858505685 
23.3 2.448260122 0.4511478124 
23.35 2.470817512 0.4166011105 
23.4 2.491647568 0.3821477597 
23.45 2.510754956 0.3477246139 
23.5 2.528141187 0.3132684607 
23.55 2.54380461 0.2787163409 
23.6 2.557740427 0.2440058172 
23.65 2.569940718 0.2090751992 
23.7 2.580394478 0.1738637309 
23.75 2.589087664 0.1383117462 
23.8 2.596003251 0.1023607999 
23.85 2.601121291 0.0659537775 
23.9 2.60441898 0.02903499269 
23.95 2.60587073 -0.00844972517 
24 2.605448244 -0.04655294547 
24.05 2.603120596 -0.08532554793 
24.1 2.598854319 -0.1248166252 
24.15 2.592613488 -0.1650733699 
24.2 2.584359819 -0.20614094 
24.25 2.574052772 -0.248062295 
24.3 2.561649657 -0.2908779953 
24.35 2.547105758 -0.3346259574 
24.4 2.53037446 -0.3793411561 
24.45 2.511407402 -0.4250552634 
24.5 2.490154639 -0.4717962172 
24.55 2.466564828 -0.5195877069 
24.6 2.440585443 -0.5684485678 
24.65 2.412163014 -0.6183920736 
24.7 2.381243411 -0.6694251167 
24.75 2.347772155 -0.7215472683 
24.8 2.311694791 -0.7747497098 
24.85 2.272957306 -0.829014031 
24.9 2.231506604 -0.8843108921 
24.95 2.18729106 -0.9405985512 
25 2.140261132 -0.9978212655 
25.05 2.090370069 -1.05590758 
25.1 2.03757469 -1.114768524 
25.15 1.981836264 -1.174295757 
25.2 1.923121476 -1.234359697 
25.25 1.861403491 -1.294807701 
25.3 1.796663106 -1.355462367 
25.35 1.728889988 -1.416120053 
25.4 1.658083985 -1.476549713 
25.45 1.584256499 -1.536492173 
25.5 1.507431891 -1.59565999 
25.55 1.427648891 -1.653738022 
25.6 1.34496199 -1.710384858 
25.65 1.259442747 -1.765235242 
25.7 1.171180985 -1.8179036 
25.75 1.080285805 -1.867988757 
25.8 0.9868863671 -1.91507987 
25.85 0.8911323736 -1.958763552 
25.9 0.7931941959 -1.998632083 
25.95 0.6932625918 -2.034292518 
26 0.5915479659 -2.065376429 
26.05 0.4882791444 -2.091549911 
26.1 0.3837016489 -2.112523437 
26.15 0.278075477 -2.128061096 
26.2 0.1716724222 -2.137988709 
26.25 0.06477298679 -2.14220038 
26.3 -0.04233703223 -2.140663056 
26.35 -0.149370185 -2.133418797 
26.4 -0.2560411249 -2.120584572 
26.45 -0.3620703535 -2.102349546 
26.5 -0.4671878308 -2.07896998 
26.55 -0.5711363298 -2.050762005 
26.6 -0.67367443 -2.018092658 
26.65 -0.7745790629 -1.981369661 
26.7 -0.873647546 -1.941030451 
26.75 -0.9706990685 -1.897531004 
26.8 -1.065575619 -1.851334943 
26.85 -1.158142366 -1.80290335 
26.9 -1.248287533 -1.752685637 
26.95 -1.335921815 -1.70111171 
27 -1.420977401 -1.648585567 
27.05 -1.503406679 -1.595480384 
27.1 -1.583180698 -1.542135045 
27.15 -1.66028745 -1.488852028 
27.2 -1.734730052 -1.435896498 
27.25 -1.806524877 -1.383496444 
27.3 -1.875699699 -1.33184366 
27.35 -1.942291882 -1.281095412 
27.4 -2.006346653 -1.231376586 
27.45 -2.067915482 -1.182782191 
27.5 -2.127054591 -1.135380063 
27.55 -2.183823595 -1.089213649 
27.6 -2.238284277 -1.044304806 
27.65 -2.290499517 -1.00065651 
27.7 -2.340532343 -0.9582554484 
27.75 -2.388445115 -0.9170744448 
27.8 -2.434298837 -0.8770746947 
27.85 -2.478152572 -0.8382078049 
27.9 -2.520062962 -0.8004176283 
27.95 -2.560083844 -0.7636418975 
28 -2.598265939 -0.7278136667 
28.05 -2.634656622 -0.6928625702 
28.1 -2.669299751 -0.6587159124 
28.15 -2.702235546 -0.6252996017 
28.2 -2.733500526 -0.5925389442 
28.25 -2.763127473 -0.56035931 
28.3 -2.791145439 -0.528686686 
28.35 -2.817579773 -0.4974481296 
28.4 -2.84245218 -0.4665721327 
28.45 -2.865780786 -0.4359889091 
28.5 -2.887580232 -0.4056306142 
28.55 -2.907861763 -0.3754315062 
28.6 -2.926633338 -0.3453280565 
28.65 -2.943899741 -0.3152590161 
28.7 -2.959662691 -0.285165445 
28.75 -2.973920964 -0.2549907094 
28.8 -2.986670499 -0.2246804509 
28.85 -2.997904522 -0.1941825339 
28.9 -3.007613648 -0.1634469722 
28.95 -3.015785997 -0.1324258407 
29 -3.022407289 -0.1010731738 
29.05 -3.027460948 -0.06934485406 
29.1 -3.03092819 -0.03719849256 
29.15 -3.032788115 -0.004593305806 
29.2 -3.03301778 0.02851001033 
29.25 -3.03159228 0.0621494057 
29.3 -3.02848481 0.09636159766 
29.35 -3.02366673 0.1311821862 
29.4 -3.01710762 0.1666457593 
29.45 -3.008775332 0.2027859847 
29.5 -2.998636033 0.2396356842 
29.55 -2.986654249 0.2772268852 
29.6 -2.972792905 0.3155908459 
29.65 -2.957013362 0.3547580465 
29.7 -2.93927546 0.3947581414 
29.75 -2.919537553 0.4356198647 
29.8 -2.89775656 0.4773708817 
29.85 -2.873888016 0.5200375767 
29.9 -2.847886137 0.563644769 
29.95 -2.819703898 0.6082153453 
30 -2.789293131 0.6537697997 
30.05 -2.756604641 0.7003256677 
30.1 -2.721588358 0.7478968434 
30.15 -2.684193516 0.796492769 
30.2 -2.644368877 0.8461174824 
30.25 -2.602063003 0.896768515 
30.3 -2.557224577 0.9484356285 
30.35 -2.509802796 1.001099385 
30.4 -2.459747827 1.054729548 
30.45 -2.407011349 1.109283311 
30.5 -2.351547184 1.164703373 
30.55 -2.293312015 1.220915865 
30.6 -2.232266222 1.277828159 
30.65 -2.168374814 1.335326608 
30.7 -2.101608483 1.393274255 
30.75 -2.031944771 1.451508593 
30.8 -1.959369341 1.509839471 
30.85 -1.883877368 1.568047237 
30.9 -1.805475006 1.62588127 
30.95 -1.724180942 1.683059029 
31 -1.640027991 1.739265791 
31.05 -1.553064701 1.794155252 
31.1 -1.463356939 1.847351146 
31.15 -1.370989381 1.898450061 
31.2 -1.276066878 1.947025561 
31.25 -1.1787156 1.992633722 
31.3 -1.079083914 2.034820102 
31.35 -0.977342909 2.073128086 
31.4 -0.8736865047 2.10710848 
31.45 -0.7683310807 2.136330079 
31.5 -0.6615145768 2.16039089 
31.55 -0.5534950322 2.178929533 
31.6 -0.4445485556 2.191636306 
31.65 -0.3349667403 2.198263359 
31.7 -0.2250535723 2.198633371 
31.75 -0.1151219038 2.192646233 
31.8 -0.005489592106 2.180283273 
31.85 0.1035245715 2.161608731 
31.9 0.2116050081 2.136768335 
31.95 0.3184434248 2.105985036 
32 0.4237426766 2.069552109 
32.05 0.5272202821 2.027824029 
32.1 0.6286114835 1.981205629 
32.15 0.727671765 1.930140129 
32.2 0.8241787714 1.875096676 
32.25 0.9179336052 1.816557976 
32.3 1.008761504 1.755008574 
32.35 1.096511933 1.690924204 
32.4 1.181058143 1.624762547 
32.45 1.26229627 1.55695558 
32.5 1.340144049 1.487903621 
32.55 1.41453923 1.417971045 
32.6 1.485437783 1.347483567 
32.65 1.552811961 1.27672695 
32.7 1.616648308 1.205946927 
32.75 1.676945655 1.135350139 
32.8 1.733713162 1.065105862 
32.85 1.786968455 0.9953483295 
32.9 1.836735871 0.9261794595 
32.95 1.883044844 0.8576718249 
33 1.925928436 0.7898717408 
33.05 1.965422023 0.7228023537 
33.1 2.00156214 0.6564666558 
33.15 2.034385473 0.5908503609 
33.2 2.063927991 0.5259246053 
33.25 2.090224221 0.4616484475 
33.3 2.113306644 0.3979711564 
33.35 2.133205202 0.3348342896 
33.4 2.149946916 0.272173568 
33.45 2.163555594 0.2099205602 
33.5 2.174051622 0.1480041973 
33.55 2.181451832 0.08635213478 
33.6 2.185769439 0.02489198681 
33.65 2.187014038 -0.036447545 
33.7 2.185191661 -0.09773562552 
33.75 2.18030488 -0.1590382992 
33.8 2.172352965 -0.2204175399 
33.85 2.161332088 -0.2819303175 
33.9 2.147235572 -0.3436276585 
33.95 2.130054189 -0.4055536859 
34 2.109776505 -0.4677446183 
34.05 2.086389274 -0.5302277165 
34.1 2.059877888 -0.593020165 
34.15 2.03022688 -0.656127881 
34.2 1.997420486 -0.7195442477 
34.25 1.961443273 -0.7832487722 
34.3 1.922280835 -0.8472056774 
34.35 1.879920551 -0.9113624424 
34.4 1.834352429 -0.975648314 
34.45 1.785570013 -1.039972825 
34.5 1.733571372 -1.104224363 
34.55 1.678360154 -1.168268842 
34.6 1.619946712 -1.231948558 
34.65 1.558349284 -1.295081287 
34.7 1.493595219 -1.35745975 
34.75 1.425722232 -1.418851514 
34.8 1.354779656 -1.478999459 
34.85 1.280829683 -1.537622917 
34.9 1.203948537 -1.594419582 
34.95 1.124227558 -1.649068283 
35 1.041774144 -1.701232697 
35.05 0.9567125093 -1.750566028 
35.1 0.8691842079 -1.796716648 
35.15 0.7793483755 -1.839334642 
35.2 0.6873816434 -1.878079123 
35.25 0.5934776872 -1.912626148 
35.3 0.4978463798 -1.942676966 
35.35 0.4007125315 -1.9679663 
35.4 0.3023142165 -1.988270312 
35.45 0.2029007009 -2.003413867 
35.5 0.1027300075 -2.013276736 
35.55 0.002066170746 -2.017798372 
35.6 -0.09882374785 -2.016980997 
35.65 -0.1996727977 -2.01089077 
35.7 -0.3002173362 -1.999656948 
35.75 -0.4002001836 -1.983469055 
35.8 -0.4993736363 -1.962572174 
35.85 -0.597502245 -1.937260605 
35.9 -0.6943652753 -1.907870203 
35.95 -0.7897587854 -1.874769776 
36 -0.8834972742 -1.838351957 
36.05 -0.975414872 -1.799023954 
36.1 -1.06536607 -1.757198555 
36.15 -1.153225997 -1.713285732 
36.2 -1.238890284 -1.66768509 
36.25 -1.322274539 -1.62077936 
36.3 -1.403313507 -1.572929038 
36.35 -1.481959958 -1.524468223 
36.4 -1.55818337 -1.475701621 
36.45 -1.631968451 -1.426902649 
36.5 -1.703313583 -1.378312533 
36.55 -1.77222921 -1.330140271 
36.6 -1.838736223 -1.282563307 
36.65 -1.902864389 -1.235728798 
36.7 -1.964650829 -1.189755305 
36.75 -2.024138594 -1.144734803 
36.8 -2.081375334 -1.100734894 
36.85 -2.136412079 -1.057801121 
36.9 -2.189302135 -1.015959308 
36.95 -2.2401001 -0.9752178689 
37 -2.288860993 -0.9355700227 
37.05 -2.335639495 -0.8969959001 
37.1 -2.38048929 -0.8594645004 
37.15 -2.423462515 -0.8229354942 
37.2 -2.464609289 -0.7873608626 
37.25 -2.503977332 -0.7526863717 
37.3 -2.541611651 -0.7188528869 
37.35 -2.577554295 -0.6857975335 
37.4 -2.611844172 -0.6534547116 
37.45 -2.644516908 -0.6217569779 
37.5 -2.675604757 -0.5906358027 
37.55 -2.705136547 -0.5600222158 
37.6 -2.733137658 -0.5298473504 
37.65 -2.759630025 -0.5000428964 
37.7 -2.78463217 -0.4705414741 
37.75 -2.808159244 -0.4412769352 
37.8 -2.83022309 -0.4121846021 
37.85 -2.85083232 -0.3832014519 
37.9 -2.869992393 -0.3542662519 
37.95 -2.887705706 -0.3253196543 
38 -2.903971688 -0.2963042531 
38.05 -2.918786901 -0.2671646114 
38.1 -2.932145132 -0.2378472605 
38.15 -2.944037495 -0.2083006766 
38.2 -2.954452528 -0.1784752373 
38.25 -2.96337629 -0.1483231629 
38.3 -2.970792448 -0.1177984426 
38.35 -2.976682371 -0.0868567514 
38.4 -2.981025208 -0.05545535752 
38.45 -2.983797976 -0.02355302493 
38.5 -2.984975627 0.008890087776 
38.55 -2.984531123 0.04191252912 
38.6 -2.982435496 0.07555165424 
38.65 -2.978657914 0.1098437195 
38.7 -2.973165728 0.1448239687 
38.75 -2.965924529 0.1805267077 
38.8 -2.956898194 0.216985363 
38.85 -2.946048926 0.2542325201 
38.9 -2.9333373 0.292299937 
38.95 -2.918722303 0.3312185263 
39 -2.902161377 0.3710183006 
39.05 -2.883610462 0.4117282739 
39.1 -2.863024048 0.4533763106 
39.15 -2.840355232 0.4959889146 
39.2 -2.815555787 0.5395909485 
39.25 -2.788576239 0.5842052725 
39.3 -2.759365976 0.6298522931 
39.35 -2.727873361 0.6765494091 
39.4 -2.69404589 0.724310343 
39.45 -2.657830373 0.7731443475 
39.5 -2.619173156 0.8230552722 
39.55 -2.578020392 0.8740404826 
39.6 -2.534318368 0.9260896198 
39.65 -2.488013887 0.9791831945 
39.7 -2.439054727 1.033291011 
39.75 -2.387390177 1.088370423 
39.8 -2.332971656 1.144364426 
39.85 -2.275753434 1.201199609 
39.9 -2.215693454 1.258783975 
39.95 -2.152754255 1.317004695 
40 -2.086904021 1.375725815 
40.05 -2.01811773 1.434786018 
40.1 -1.946378429 1.493996503 
40.15 -1.871678604 1.55313911 
40.2 -1.794021648 1.611964803 
40.25 -1.713423408 1.670192663 
40.3 -1.629913775 1.727509564 
40.35 -1.543538297 1.783570675 
40.4 -1.454359763 1.838000996 
40.45 -1.362459713 1.890398064 
40.5 -1.26793981 1.940335969 
40.55 -1.170923012 1.987370787 
40.6 -1.071554472 2.031047459 
40.65 -0.9700020993 2.070908058 
40.7 -0.8664566963 2.106501343 
40.75 -0.7611316292 2.137393319 
40.8 -0.6542619633 2.163178496 
40.85 -0.5461030385 2.183491375 
40.9 -0.4369284697 2.198017656 
40.95 -0.3270275869 2.206504581 
41 -0.2167023578 2.20876984 
41.05 -0.1062638658 2.204708498 
41.1 0.003971559068 2.194297478 
41.15 0.113686433 2.177597281 
41.2 0.222566297 2.154750793 
41.25 0.3303038367 2.125979194 
41.3 0.4366027964 2.091575193 
41.35 0.541181556 2.051893966 
41.4 0.6437762544 2.007342309 
41.45 0.7441433698 1.958366603 
41.5 0.8420617 1.905440229 
41.55 0.9373337114 1.849051033 
41.6 1.029786263 1.789689406 
41.65 1.119270733 1.72783742 
41.7 1.205662604 1.663959361 
41.75 1.288860572 1.598493874 
41.8 1.368785266 1.531847818 
41.85 1.445377657 1.46439181 
41.9 1.518597248 1.396457377 
41.95 1.588420116 1.328335555 
42 1.654836894 1.260276742 
42.05 1.717850731 1.192491579 
42.1 1.77747531 1.12515266 
42.15 1.833732943 1.058396843 
42.2 1.886652785 0.9923279862 
42.25 1.936269185 0.9270199425 
42.3 1.982620182 0.8625196663 
42.35 2.025746165 0.7988503324 
42.4 2.065688682 0.7360143736 
42.45 2.1024894 0.6739963793 
42.5 2.136189219 0.6127658084 
42.55 2.16682751 0.5522794931 
42.6 2.194441484 0.4924839199 
42.65 2.21906568 0.4333172861 
42.7 2.240731545 0.3747113376 
42.75 2.259467112 0.3165930003 
42.8 2.275296762 0.2588858219 
42.85 2.288241053 0.2015112416 
42.9 2.298316615 0.1443897105 
42.95 2.3055361 0.08744168188 
43 2.309908184 0.03058849587 
43.05 2.311437609 -0.02624682268 
43.1 2.310125268 -0.08313882947 
43.15 2.305968327 -0.1401589697 
43.2 2.298960378 -0.1973749105 
43.25 2.289091633 -0.254849877 
43.3 2.276349139 -0.3126419749 
43.35 2.26071704 -0.3708034809 
43.4 2.242176866 -0.4293800849 
43.45 2.220707862 -0.48841007 
43.5 2.196287358 -0.5479234148 
43.55 2.168891188 -0.6079408097 
43.6 2.138494147 -0.6684725747 
43.65 2.105070518 -0.7295174769 
43.7 2.068594644 -0.7910614434 
43.75 2.029041572 -0.8530761755 
43.8 1.986387763 -0.9155176737 
43.85 1.94061188 -0.9783246908 
43.9 1.891695645 -1.041417141 
43.95 1.839624788 -1.104694503 
44 1.784390063 -1.168034266 
44.05 1.72598835 -1.231290477 
44.1 1.664423826 -1.294292478 
44.15 1.599709202 -1.356843903 
44.2 1.531867007 -1.418722063 
44.25 1.460930904 -1.479677801 
44.3 1.386947014 -1.539435969 
44.35 1.309975215 -1.597696627 
44.4 1.230090384 -1.654137085 
44.45 1.14738353 -1.708414895 
44.5 1.061962785 -1.760171862 
44.55 0.9739541917 -1.809039113 
44.6 0.883502236 -1.854643218 
44.65 0.7907700751 -1.896613279 
44.7 0.6959394112 -1.934588867 
44.75 0.5992099678 -1.968228569 
44.8 0.5007985394 -1.997218888 
44.85 0.400937595 -2.02128313 
44.9 0.2998734385 -2.040189891 
44.95 0.1978639439 -2.053760739 
45 0.09517590698 -2.061876668 
45.05 -0.007917926398 -2.064482946 
45.1 -0.1111420737 -2.061592081 
45.15 -0.2142216777 -2.053284658 
45.2 -0.3168859107 -2.039708 
45.25 -0.4188713107 -2.021072656 
45.3 -0.5199249435 -1.997646909 
45.35 -0.6198072889 -1.969749573 
45.4 -0.7182947676 -1.937741454 
45.45 -0.8151818403 -1.9020159 
45.5 -0.9102826353 -1.862988899 
45.55 -1.00343208 -1.821089173 
45.6 -1.094486539 -1.77674866 
45.65 -1.183323972 -1.730393749 
45.7 -1.269843659 -1.682437503 
45.75 -1.353965535 -1.633273078 
45.8 -1.435629188 -1.583268404 
45.85 -1.514792609 -1.532762181 
45.9 -1.591430718 -1.482061102 
45.95 -1.665533773 -1.431438257 
46 -1.737105686 -1.381132542 
46.05 -1.806162313 -1.331348958 
46.1 -1.872729761 -1.282259619 
46.15 -1.936842742 -1.234005327 
46.2 -1.998543008 -1.186697559 
46.25 -2.057877886 -1.140420733 
46.3 -2.114898923 -1.095234646 
46.35 -2.169660655 -1.051176976 
46.4 -2.222219504 -1.008265785 
46.45 -2.272632793 -0.9665019437 
46.5 -2.32095789 -0.9258714527 
46.55 -2.367251463 -0.8863476121 
46.6 -2.411568843 -0.8478930307 
46.65 -2.453963495 -0.8104614588 
46.7 -2.494486568 -0.773999442 
46.75 -2.53318654 -0.7384477985 
46.8 -2.57010893 -0.7037429266 
46.85 -2.605296076 -0.6698179504 
46.9 -2.638786974 -0.6366037146 
46.95 -2.670617159 -0.6040296421 
47 -2.700818641 -0.5720244643 
47.05 -2.729419865 -0.5405168379 
47.1 -2.756445707 -0.5094358597 
47.15 -2.7819175 -0.4787114902 
47.2 -2.805853074 -0.4482748974 
47.25 -2.828266819 -0.4180587296 
47.3 -2.849169755 -0.3879973262 
47.35 -2.868569622 -0.3580268748 
47.4 -2.886470965 -0.3280855212 
47.45 -2.902875242 -0.2981134387 
47.5 -2.917780913 -0.2680528629 
47.55 -2.931183557 -0.2378480958 
47.6 -2.943075961 -0.2074454854 
47.65 -2.953448236 -0.1767933823 
47.7 -2.962287905 -0.1458420801 
47.75 -2.969580009 -0.1145437393 
47.8 -2.975307196 -0.08285230096 
47.85 -2.979449811 -0.05072339055 
47.9 -2.98198598 -0.01811421637 
47.95 -2.982891691 0.01501653555 
48 -2.982140864 0.04870880679 
48.05 -2.979705424 0.08300126938 
48.1 -2.975555361 0.1179314228 
48.15 -2.969658789 0.1535356819 
48.2 -2.961982005 0.1898494515 
48.25 -2.952489533 0.2269071837 
48.3 -2.941144174 0.2647424141 
48.35 -2.927907053 0.3033877691 
48.4 -2.912737664 0.3428749421 
48.45 -2.895593917 0.3832346279 
48.5 -2.876432186 0.4244964125 
48.55 -2.855207365 0.4666886053 
48.6 -2.831872935 0.5098380098 
48.65 -2.806381035 0.553969619 
48.7 -2.778682554 0.5991062276 
48.75 -2.748727242 0.6452679493 
48.8 -2.716463845 0.6924716265 
48.85 -2.681840263 0.7407301225 
48.9 -2.644803757 0.7900514817 
48.95 -2.605301183 0.8404379489 
49 -2.563279286 0.8918848342 
49.05 -2.518685044 0.944379218 
49.1 -2.471466083 0.9978984863 
49.15 -2.421571159 1.052408697 
49.2 -2.368950724 1.107862781 
49.25 -2.313557585 1.164198579 
49.3 -2.255347656 1.221336751 
49.35 -2.194280818 1.279178569 
49.4 -2.13032189 1.337603647 
49.45 -2.063441708 1.396467663 
49.5 -1.993618324 1.455600155 
49.55 -1.920838317 1.514802475 
49.6 -1.845098193 1.573846025 
49.65 -1.766405892 1.632470911 
49.7 -1.684782346 1.690385157 
49.75 -1.600263088 1.747264655 
49.8 -1.512899856 1.802754021 
49.85 -1.422762155 1.856468519 
49.9 -1.329938729 1.907997225 
49.95 -1.234538867 1.956907531 
50 -1.136693491 2.002751087 
50.05 -1.036555936 2.045071176 
50.1 -0.9343023775 2.083411454 
50.15 -0.8301318048 2.117325879 
50.2 -0.7242655109 2.14638956 
50.25 -0.6169460329 2.17021014 
50.3 -0.5084355259 2.188439231 
50.35 -0.3990135643 2.200783378 
50.4 -0.2889743954 2.207013945 
50.45 -0.1786236982 2.206975374 
50.5 -0.06827492946 2.200591282 
50.55 0.04175463466 2.187867998 
50.6 0.1511480346 2.168895256 
50.65 0.2595927974 2.14384397 
50.7 0.3667849959 2.112961173 
50.75 0.4724330545 2.076562395 
50.8 0.5762611743 2.035021918 
50.85 0.6780122702 1.988761456 
50.9 0.777450343 1.938237868 
50.95 0.8743622364 1.883930536 
51 0.9685587632 1.826329006 
51.05 1.059875214 1.765921409 
51.1 1.148171284 1.703184068 
51.15 1.233330487 1.638572592 
51.2 1.315259117 1.57251463 
51.25 1.393884848 1.505404328 
51.3 1.469155065 1.437598462 
51.35 1.541034988 1.369414121 
51.4 1.609505694 1.301127767 
51.45 1.674562082 1.232975481 
51.5 1.736210856 1.165154153 
51.55 1.794468564 1.097823423 
51.6 1.849359735 1.031108164 
51.65 1.900915143 0.9651013165 
51.7 1.949170209 0.8998669368 
51.75 1.994163556 0.8354433145 
51.8 2.035935722 0.7718460683 
51.85 2.074528025 0.7090711391 
51.9 2.109981582 0.6470976239 
51.95 2.142336463 0.5858904173 
52 2.171630984 0.5254026365 
52.05 2.197901116 0.4655778238 
52.1 2.221180007 0.4063519263 
52.15 2.241497604 0.3476550616 
52.2 2.258880357 0.289413084 
52.25 2.273351011 0.2315489678 
52.3 2.284928459 0.1739840276 
52.35 2.293627661 0.1166389976 
52.4 2.29945961 0.05943499069 
52.45 2.30243136 0.002294359599 
52.5 2.302546078 -0.05485851787 
52.55 2.299803152 -0.1120965087 
52.6 2.294198327 -0.169489029 
52.65 2.285723875 -0.2271013629 
52.7 2.274368807 -0.2849939768 
52.75 2.260119108 -0.3432218119 
52.8 2.242958018 -0.4018335364 
52.85 2.222866341 -0.4608707432 
52.9 2.199822804 -0.520367078 
52.95 2.17380445 -0.5803472853 
53 2.144787085 -0.6408261634 
53.05 2.112745777 -0.7018074203 
53.1 2.077655406 -0.7632824282 
53.15 2.039491285 -0.8252288776 
53.2 1.998229841 -0.8876093394 
53.25 1.953849374 -0.9503697494 
53.3 1.906330887 -1.013437838 
53.35 1.855658995 -1.076721537 
53.4 1.801822918 -1.140107417 
53.45 1.744817547 -1.203459194 
53.5 1.684644587 -1.266616397 
53.55 1.621313767 -1.329393265 
53.6 1.554844104 -1.391577981 
53.65 1.485265205 -1.45293234 
53.7 1.412618588 -1.513191989 
53.75 1.336958989 -1.57206733 
53.8 1.258355622 -1.629245233 
53.85 1.17689336 -1.68439165 
53.9 1.092673778 -1.737155218 
53.95 1.005816017 -1.78717191 
54 0.9164574216 -1.834070732 
54.05 0.824753885 -1.87748043 
54.1 0.7308798635 -1.917037086 
54.15 0.6350280092 -1.952392426 
54.2 0.5374083879 -1.983222576 
54.25 0.4382472591 -2.009236953 
54.3 0.3377854115 -2.030186914 
54.35 0.2362760658 -2.045873753 
54.4 0.1339823781 -2.056155633 
54.45 0.0311745965 -2.060953073 
54.5 -0.07187305714 -2.060252642 
54.55 -0.1748856893 -2.054108635 
54.6 -0.277591121 -2.04264257 
54.65 -0.3797232495 -2.026040528 
54.7 -0.4810252759 -2.004548422 
54.75 -0.581252697 -1.978465457 
54.8 -0.6801759698 -1.948136098 
54.85 -0.7775827747 -1.913940972 
54.9 -0.8732798233 -1.876287138 
54.95 -0.9670941802 -1.83559818 
55 -1.058874089 -1.79230454 
55.05 -1.148489316 -1.746834463 
55.1 -1.235831039 -1.699605851 
55.15 -1.320811332 -1.651019217 
55.2 -1.403362293 -1.601451897 
55.25 -1.483434888 -1.551253543 
55.3 -1.560997565 -1.500742884 
55.35 -1.636034709 -1.45020568 
55.4 -1.708544993 -1.399893753 
55.45 -1.778539681 -1.350024946 
55.5 -1.846040928 -1.300783867 
55.55 -1.911080121 -1.252323239 
55.6 -1.973696283 -1.204765737 
55.65 -2.03393457 -1.158206141 
55.7 -2.091844877 -1.112713705 
55.75 -2.147480562 -1.068334636 
55.8 -2.200897294 -1.025094589 
55.85 -2.252152024 -0.9830011193 
55.9 -2.30130208 -0.9420460394 
55.95 -2.348404382 -0.9022076434 
56 -2.393514764 -0.863452774 
56.05 -2.436687402 -0.8257387194 
56.1 -2.477974338 -0.7890149331 
56.15 -2.517425085 -0.7532245762 
56.2 -2.555086314 -0.718305888 
56.25 -2.591001608 -0.6841933916 
56.3 -2.625211278 -0.6508189459 
56.35 -2.657752225 -0.6181126541 
56.4 -2.688657858 -0.5860036425 
56.45 -2.71795804 -0.55442072 
56.5 -2.745679076 -0.5232929324 
56.55 -2.771843723 -0.4925500204 
56.6 -2.796471224 -0.462122795 
56.65 -2.819577363 -0.4319434371 
56.7 -2.841174535 -0.4019457333 
56.75 -2.861271822 -0.3720652539 
56.8 -2.879875085 -0.3422394817 
56.85 -2.896987059 -0.3124078982 
56.9 -2.912607454 -0.2825120315 
56.95 -2.926733055 -0.2524954741 
57 -2.939357829 -0.2223038718 
57.05 -2.950473023 -0.1918848906 
57.1 -2.960067267 -0.1611881635 
57.15 -2.968126675 -0.1301652217 
57.2 -2.974634936 -0.09876941227 
57.25 -2.979573407 -0.06695580647 
57.3 -2.982921197 -0.03468109992 
57.35 -2.984655252 -0.001903508807 
57.4 -2.984750428 0.03141733595 
57.45 -2.983179561 0.06532049345 
57.5 -2.979913536 0.09984381344 
57.55 -2.974921346 0.1350240296 
57.6 -2.968170144 0.1708968419 
57.65 -2.959625302 0.2074969837 
57.7 -2.949250453 0.2448582702 
57.75 -2.937007539 0.2830136218 
57.8 -2.922856858 0.3219950581 
57.85 -2.906757105 0.3618336559 
57.9 -2.888665422 0.402559464 
57.95 -2.868537449 0.444201368 
58 -2.846327381 0.4867868961 
58.05 -2.821988036 0.530341956 
58.1 -2.795470938 0.5748904946 
58.15 -2.766726414 0.6204540687 
58.2 -2.73570371 0.6670513148 
58.25 -2.702351144 0.7146973073 
58.3 -2.666616279 0.7634027927 
58.35 -2.628446139 0.8131732876 
58.4 -2.587787475 0.8640080293 
58.45 -2.544587074 0.9158987699 
58.5 -2.498792135 0.9688284049 
58.55 -2.450350715 1.022769433 
58.6 -2.399212243 1.077682246 
58.65 -2.345328131 1.133513255 
58.7 -2.288652468 1.190192867 
58.75 -2.229142825 1.247633334 
58.8 -2.166761158 1.305726514 
58.85 -2.101474832 1.364341588 
58.9 -2.033257753 1.423322802 
58.95 -1.962091613 1.482487321 
59 -1.887967247 1.541623293 
59.05 -1.810886082 1.600488254 
59.1 -1.730861669 1.658808007 
59.15 -1.647921269 1.716276149 
59.2 -1.562107462 1.772554403 
59.25 -1.473479742 1.827273926 
59.3 -1.382116045 1.880037775 
59.35 -1.288114156 1.93042465 
59.4 -1.191592924 1.977994041 
59.45 -1.092693222 2.02229281 
59.5 -0.9915785815 2.06286319 
59.55 -0.888435422 2.099252087 
59.6 -0.7834728176 2.13102146 
59.65 -0.6769217446 2.157759458 
59.7 -0.5690337717 2.179091896 
59.75 -0.4600791768 2.194693548 
59.8 -0.3503444995 2.204298699 
59.85 -0.2401295645 2.20771038 
59.9 -0.1297440455 2.204807714 
59.95 -0.01950365985 2.195550917 
60 0.09027388601 2.179983585 
60.05 0.1992730653 2.158232088 
60.1 0.3071846697 2.130502048 
60.15 0.4137097721 2.0970721 
60.2 0.5185633771 2.058285253 
60.25 0.6214776398 2.014538372 
60.3 0.7222045584 1.966270349 
60.35 0.8205180758 1.913949585 
60.4 0.9162155551 1.858061425 
60.45 1.009118626 1.799096082 
60.5 1.09907343 1.737537548 
60.55 1.185950308 1.673853838 
60.6 1.269643 1.608488809 
60.65 1.35006744 1.541855675 
60.7 1.427160224 1.474332227 
60.75 1.500876835 1.406257671 
60.8 1.571189719 1.337930957 
60.85 1.638086267 1.269610389 
60.9 1.701566786 1.201514325 
60.95 1.761642502 1.133822724 
61 1.818333639 1.066679357 
61.05 1.871667606 1.000194465 
61.1 1.92167733 0.9344477048 
61.15 1.968399715 0.8694912483 
61.2 2.011874277 0.8053528958 
61.25 2.052141922 0.7420391365 
61.3 2.089243879 0.6795380753 
61.35 2.123220783 0.6178221851 
61.4 2.154111892 0.556850853 
61.45 2.181954435 0.4965727077 
61.5 2.20678307 0.4369277218 
61.55 2.228629456 0.3778490958 
61.6 2.247521911 0.319264934 
61.65 2.263485158 0.261099728 
61.7 2.276540144 0.2032756669 
61.75 2.286703927 0.145713794 
61.8 2.293989617 0.08833503267 
61.85 2.298406369 0.03106110172 
61.9 2.299959424 -0.02618465566 
61.95 2.298650191 -0.08347650984 
62 2.294476365 -0.1408856275 
62.05 2.287432084 -0.1984793794 
62.1 2.277508115 -0.256320653 
62.15 2.264692082 -0.3144671525 
62.2 2.248968725 -0.3729706678 
62.25 2.230320191 -0.4318762955 
62.3 2.208726377 -0.4912215992 
62.35 2.184165297 -0.5510356924 
62.4 2.156613512 -0.6113382359 
62.45 2.1260466 -0.6721383394 
62.5 2.092439683 -0.7334333631 
62.55 2.055768015 -0.7952076184 
62.6 2.016007634 -0.857430972 
62.65 1.973136086 -0.9200573661 
62.7 1.927133217 -0.9830232715 
62.75 1.877982054 -1.046246104 
62.8 1.825669749 -1.109622642 
62.85 1.770188616 -1.1730275 
62.9 1.711537242 -1.236311712 
62.95 1.649721656 -1.299301518 
63 1.58475658 -1.361797433 
63.05 1.516666708 -1.423573702 
63.1 1.445488023 -1.484378267 
63.15 1.37126911 -1.543933345 
63.2 1.294072443 -1.601936765 
63.25 1.213975604 -1.658064141 
63.3 1.131072397 -1.711972017 
63.35 1.045473797 -1.763302025 
63.4 0.9573086953 -1.811686093 
63.45 0.8667243907 -1.856752687 
63.5 0.7738867563 -1.898134013 
63.55 0.6789800556 -1.935474003 
63.6 0.5822063555 -1.968436889 
63.65 0.483784511 -1.996716067 
63.7 0.3839487077 -2.020042884 
63.75 0.2829465635 -2.03819498 
63.8 0.1810368145 -2.051003743 
63.85 0.07848662734 -2.058360506 
63.9 -0.02443139797 -2.060221093 
63.95 -0.1274424526 -2.056608446 
64 -0.2302728749 -2.047613142 
64.05 -0.332653532 -2.033391726 
64.1 -0.4343231183 -2.014162919 
64.15 -0.5350312642 -1.990201892 
64.2 -0.6345413588 -1.961832889 
64.25 -0.7326330033 -1.929420587 
64.3 -0.8291040326 -1.893360613 
64.35 -0.9237720632 -1.854069684 
64.4 -1.016475547 -1.811975794 
64.45 -1.107074337 -1.767508851 
64.5 -1.19544978 -1.721092085 
64.55 -1.281504384 -1.673134488 
64.6 -1.365161108 -1.624024438 
64.65 -1.44636233 -1.574124598 
64.7 -1.52506856 -1.523768103 
64.75 -1.601256965 -1.473255974 
64.8 -1.674919764 -1.422855663 
64.85 -1.746062547 -1.372800601 
64.9 -1.814702577 -1.32329059 
64.95 -1.880867107 -1.274492891 
65 -1.944591751 -1.226543848 
65.05 -2.005918944 -1.179550904 
65.1 -2.064896489 -1.133594882 
65.15 -2.121576233 -1.088732418 
65.2 -2.176012854 -1.044998455 
65.25 -2.228262776 -1.002408721 
65.3 -2.278383213 -0.9609621255 
65.35 -2.326431319 -0.9206430552 
65.4 -2.372463472 -0.8814235075 
65.45 -2.416534647 -0.8432650681 
65.5 -2.4586979 -0.8061207115 
65.55 -2.499003936 -0.7699364239 
65.6 -2.537500757 -0.7346526517 
65.65 -2.57423339 -0.700205582 
65.7 -2.609243669 -0.6665282635 
65.75 -2.642570082 -0.6335515805 
65.8 -2.674247661 -0.6012050894 
65.85 -2.704307915 -0.5694177328 
65.9 -2.732778802 -0.5381184407 
65.95 -2.759684724 -0.5072366321 
66 -2.785046556 -0.4767026277 
66.05 -2.808881687 -0.4464479836 
66.1 -2.831204086 -0.4164057563 
66.15 -2.852024374 -0.3865107065 
66.2 -2.871349909 -0.3566994504 
66.25 -2.889184882 -0.3269105653 
66.3 -2.90553041 -0.2970846546 
66.35 -2.920384643 -0.2671643798 
66.4 -2.933742862 -0.2370944626 
66.45 -2.945597585 -0.2068216613 
66.5 -2.955938668 -0.1762947276 
66.55 -2.964753405 -0.1454643441 
66.6 -2.972026622 -0.114283049 
66.65 -2.977740774 -0.08270514789 
66.7 -2.981876032 -0.05068661798 
66.75 -2.984410362 -0.01818500575 
66.8 -2.985319613 0.01484067821 
66.85 -2.984577579 0.04843006488 
66.9 -2.982156076 0.08262152988 
66.95 -2.978024999 0.1174522908 
67 -2.972152385 0.1529584956 
67.05 -2.96450446 0.1891752976 
67.1 -2.955045695 0.2261369141 
67.15 -2.943738849 0.2638766629 
67.2 -2.930545016 0.3024269715 
67.25 -2.915423667 0.3418193544 
67.3 -2.8983327 0.3820843503 
67.35 -2.879228482 0.423251413 
67.4 -2.858065912 0.465348748 
67.45 -2.834798474 0.5084030851 
67.5 -2.80937832 0.5524393788 
67.55 -2.781756351 0.5974804248 
67.6 -2.75188233 0.6435463822 
67.65 -2.719705011 0.6906541893 
67.7 -2.685172301 0.7388168621 
67.75 -2.648231458 0.7880426623 
67.8 -2.608829325 0.8383341235 
67.85 -2.566912619 0.8896869255 
67.9 -2.522428273 0.9420886069 
67.95 -2.475323842 0.9955171109 
68 -2.425547987 1.04993916 
68.05 -2.373051029 1.105308463 
68.1 -2.317785605 1.161563767 
68.15 -2.259707417 1.218626765 
68.2 -2.198776079 1.276399896 
68.25 -2.134956084 1.334764079 
68.3 -2.06821788 1.39357643 
68.35 -1.998539059 1.452668048 
68.4 -1.925905656 1.511841963 
68.45 -1.850313558 1.570871342 
68.5 -1.771769991 1.629498121 
68.55 -1.690295085 1.687432177 
68.6 -1.605923476 1.74435123 
68.65 -1.518705915 1.79990164 
68.7 -1.428710833 1.85370027 
68.75 -1.336025819 1.90533756 
68.8 -1.240758941 1.954381965 
68.85 -1.143039843 2.0003858 
68.9 -1.043020553 2.042892539 
68.95 -0.9408759259 2.081445476 
69 -0.8368036521 2.115597592 
69.05 -0.7310237725 2.144922364 
69.1 -0.6237776543 2.16902512 
69.15 -0.5153263983 2.1875545 
69.2 -0.4059486733 2.200213449 
69.25 -0.2959380008 2.206769198 
69.3 -0.185599541 2.207061619 
69.35 -0.07524646001 2.201009475 
69.4 0.03480401374 2.188614106 
69.45 0.144234719 2.169960299 
69.5 0.252732734 2.145214235 
69.55 0.3599934457 2.11461858 
69.6 0.4657243747 2.078485012 
69.65 0.5696486253 2.037184582 
69.7 0.6715078544 1.99113647 
69.75 0.7710646779 1.94079574 
69.8 0.8681044649 1.886640716 
69.85 0.9624365007 1.829160601 
69.9 1.053894531 1.768843832 
69.95 1.142336722 1.706167615 
70 1.227645103 1.641588924 
70.05 1.309724549 1.575537155 
70.1 1.388501407 1.508408487 
70.15 1.463921831 1.440561914 
70.2 1.535949927 1.37231685 
70.25 1.60456577 1.303952108 
70.3 1.669763375 1.235706083 
70.35 1.731548679 1.167777894 
70.4 1.789937574 1.100329291 
70.45 1.844954038 1.0334871 
70.5 1.896628393 0.9673460534 
70.55 1.944995696 0.9019718226 
70.6 1.990094287 0.837404136 
70.65 2.031964494 0.7736598793 
70.7 2.070647488 0.7107360949 
70.75 2.106184293 0.6486128276 
70.8 2.138614934 0.5872557778 
70.85 2.167977723 0.5266187405 
70.9 2.19430866 0.4666458213 
70.95 2.217640951 0.4072734298 
71 2.238004623 0.3484320595 
71.05 2.255426226 0.290047866 
71.1 2.269928619 0.232044063 
71.15 2.281530822 0.1743421543 
71.2 2.29024793 0.1168630231 
71.25 2.296091081 0.05952790135 
71.3 2.299067476 0.002259239982 
71.35 2.299180438 -0.05501849711 
71.4 2.296429513 -0.112378095 
71.45 2.290810608 -0.1698888846 
71.5 2.282316164 -0.2276160538 
71.55 2.270935361 -0.2856199557 
71.6 2.256654364 -0.3439553935 
71.65 2.239456594 -0.4026708671 
71.7 2.219323051 -0.4618077635 
71.75 2.196232662 -0.52139948 
71.8 2.170162688 -0.5814704634 
71.85 2.141089165 -0.64203516 
71.9 2.108987407 -0.7030968662 
71.95 2.073832564 -0.7646464788 
72 2.03560024 -0.8266611453 
72.05 1.994267183 -0.8891028236 
72.1 1.949812042 -0.9519167656 
72.15 1.902216203 -1.015029948 
72.2 1.851464706 -1.078349483 
72.25 1.797547232 -1.141761059 
72.3 1.740459179 -1.205127461 
72.35 1.680202806 -1.26828725 
72.4 1.616788443 -1.331053678 
72.45 1.550235759 -1.393213944 
72.5 1.480575062 -1.454528892 
72.55 1.407848618 -1.514733281 
72.6 1.332111953 -1.573536731 
72.65 1.253435117 -1.630625473 
72.7 1.171903843 -1.685665012 
72.75 1.087620593 -1.738303772 
72.8 1.000705404 -1.788177798 
72.85 0.9112965141 -1.834916491 
72.9 0.8195506896 -1.878149354 
72.95 0.7256432219 -1.917513612 
73 0.6297675413 -1.952662535 
73.05 0.5321344145 -1.983274191 
73.1 0.4329707049 -2.009060319 
73.15 0.332517689 -2.029774937 
73.2 0.2310289421 -2.045222282 
73.25 0.128767828 -2.055263668 
73.3 0.02600464459 -2.059822883 
73.35 -0.07698649956 -2.058889785 
73.4 -0.1799309888 -2.052521869 
73.45 -0.2825570822 -2.040843671 
73.5 -0.3845992658 -2.024044004 
73.55 -0.485801466 -2.002371151 
73.6 -0.5859200235 -1.976126257 
73.65 -0.6847263363 -1.945655258 
73.7 -0.7820090992 -1.911339757 
73.75 -0.8775760871 -1.873587301 
73.8 -0.9712554521 -1.832821487 
73.85 -1.062896526 -1.78947234 
73.9 -1.152370143 -1.74396731 
73.95 -1.239568509 -1.696723178 
74 -1.324404668 -1.648139087 
74.05 -1.406811622 -1.598590814 
74.1 -1.486741163 -1.548426325 
74.15 -1.564162479 -1.497962601 
74.2 -1.639060609 -1.447483639 
74.25 -1.711434791 -1.39723953 
74.3 -1.781296768 -1.347446454 
74.35 -1.84866909 -1.298287448 
74.4 -1.913583463 -1.24991378 
74.45 -1.976079152 -1.202446794 
74.5 -2.036201491 -1.155980076 
74.55 -2.094000495 -1.110581819 
74.6 -2.149529586 -1.066297303 
74.65 -2.202844451 -1.023151384 
74.7 -2.25400202 -0.9811509388 
74.75 -2.303059567 -0.9402872139 
74.8 -2.350073928 -0.900538039 
74.85 -2.39510083 -0.861869885 
74.9 -2.438194324 -0.8242397504 
74.95 -2.479406312 -0.7875968713 
75 -2.518786155 -0.7518842547 
75.05 -2.556380368 -0.7170400401 
75.1 -2.59223237 -0.6829986977 
75.15 -2.626382305 -0.6496920722 
75.2 -2.658866909 -0.6170502861 
75.25 -2.689719423 -0.5850025115 
75.3 -2.718969549 -0.5534776257 
75.35 -2.74664343 -0.5224047598 
75.4 -2.772763668 -0.491713754 
75.45 -2.797349355 -0.4613355289 
75.5 -2.820416132 -0.4312023829 
75.55 -2.841976251 -0.4012482251 
75.6 -2.862038662 -0.3714087514 
75.65 -2.8806091 -0.3416215722 
75.7 -2.897690178 -0.3118262959 
75.75 -2.913281493 -0.2819645773 
75.8 -2.927379722 -0.2519801331 
75.85 -2.939978729 -0.2218187311 
75.9 -2.951069665 -0.1914281557 
75.95 -2.960641073 -0.1607581548 
76 -2.968678981 -0.1297603705 
76.05 -2.975166999 -0.09838825638 
76.1 -2.980086412 -0.06659698591 
76.15 -2.983416262 -0.03434335237 
76.2 -2.985133429 -0.00158566502 
76.25 -2.985212712 0.03171635671 
76.3 -2.983626895 0.06560168799 
76.35 -2.98034681 0.1001080992 
76.4 -2.975341405 0.135272249 
76.45 -2.968577793 0.1711297668 
76.5 -2.960021304 0.2077153199 
76.55 -2.949635538 0.2450626613 
76.6 -2.937382405 0.2832046538 
76.65 -2.923222173 0.3221732633 
76.7 -2.90711351 0.3619995168 
76.75 -2.889013534 0.4027134176 
76.8 -2.868877863 0.4443438097 
76.85 -2.846660672 0.4869181834 
76.9 -2.822314763 0.5304624128 
76.95 -2.795791642 0.5750004151 
77 -2.767041622 0.6205537212 
77.05 -2.736013936 0.667140946 
77.1 -2.702656888 0.7147771465 
77.15 -2.666918031 0.7634730561 
77.2 -2.628744378 0.8132341824 
77.25 -2.588082669 0.8640597588 
77.3 -2.544879681 0.915941538 
77.35 -2.499082604 0.9688624212 
77.4 -2.450639483 1.022794918 
77.45 -2.399499737 1.077699435 
77.5 -2.345614766 1.133522407 
77.55 -2.288938645 1.190194266 
77.6 -2.229428932 1.247627297 
77.65 -2.167047567 1.305713398 
77.7 -2.101761897 1.364321792 
77.75 -2.033545808 1.423296774 
77.8 -1.962380969 1.482455562 
77.85 -1.888258191 1.541586361 
77.9 -1.811178873 1.600446765 
77.95 -1.731156535 1.658762639 
78 -1.648218403 1.716227642 
78.05 -1.56240702 1.772503551 
78.1 -1.473781843 1.827221577 
78.15 -1.382420764 1.879984822 
78.2 -1.288421523 1.93037202 
78.25 -1.191902922 1.97794268 
78.3 -1.093005788 2.022243669 
78.35 -0.9918936046 2.062817202 
78.4 -0.8887527445 2.099210146 
78.45 -0.7837922372 2.130984397 
78.5 -0.6772430173 2.157728016 
78.55 -0.5693566165 2.179066704 
78.6 -0.4604032813 2.194675096 
78.65 -0.3506695265 2.204287319 
78.7 -0.2404551606 2.207706228 
78.75 -0.1300698492 2.204810754 
78.8 -0.01982931147 2.195560917 
78.85 0.08994873437 2.180000113 
78.9 0.19894874 2.15825452 
78.95 0.306861466 2.13052958 
79 0.413387945 2.097103761 
79.05 0.5182431331 2.058319931 
79.1 0.6211591296 2.01457484 
79.15 0.7218878716 1.966307287 
79.2 0.820203236 1.913985614 
79.25 0.9159025167 1.858095132 
79.3 1.008807273 1.799126047 
79.35 1.098763576 1.737562366 
79.4 1.185641694 1.673872138 
79.45 1.269335301 1.608499276 
79.5 1.349760265 1.541857057 
79.55 1.426853117 1.474323347 
79.6 1.500569285 1.406237433 
79.65 1.570881156 1.337898349 
79.7 1.637776074 1.269564484 
79.75 1.701254298 1.201454276 
79.8 1.761327012 1.133747765 
79.85 1.8180144 1.066588796 
79.9 1.87134384 1.000087679 
79.95 1.921348224 0.9343241378 
80 1.968064431 0.8693503993 
80.05 2.011531951 0.8051943171 
80.1 2.051791667 0.7418624273 
80.15 2.088884788 0.6793428764 
80.2 2.122851932 0.6176081742 
80.25 2.15373234 0.5566177411 
80.3 2.181563228 0.4963202349 
80.35 2.206379239 0.4366556549 
80.4 2.228212022 0.3775572257 
80.45 2.247089883 0.3189530747 
80.5 2.263037537 0.2607677152 
80.55 2.276075923 0.2029233584 
80.6 2.286222091 0.14534107 
80.65 2.293489144 0.08794179708 
80.7 2.297886234 0.0306472849 
80.75 2.299418598 -0.02661909413 
80.8 2.298087644 -0.083931577 
80.85 2.293891065 -0.1413612919 
80.9 2.286823 -0.198975565 
80.95 2.276874222 -0.2568372316 
81 2.26403236 -0.3150039356 
81.05 2.248282164 -0.3735273958 
81.1 2.229605794 -0.4324526274 
81.15 2.207983162 -0.4918170987 
81.2 2.183392307 -0.5516498141 
81.25 2.155809817 -0.6119703088 
81.3 2.125211301 -0.6727875495 
81.35 2.091571924 -0.7340987343 
81.4 2.054866987 -0.7958879917 
81.45 2.015072588 -0.8581249844 
81.5 1.972166338 -0.9207634272 
81.55 1.926128167 -0.9837395413 
81.6 1.87694119 -1.04697047 
81.65 1.824592666 -1.110352698 
81.7 1.769075032 -1.173760524 
81.75 1.710387005 -1.237044652 
81.8 1.648534773 -1.300030979 
81.85 1.583533224 -1.362519669 
81.9 1.51540724 -1.424284618 
81.95 1.444193009 -1.485073426 
82 1.369939338 -1.544607993 
82.05 1.292708939 -1.602585859 
82.1 1.212579646 -1.6586824 
82.15 1.129645526 -1.71255398 
82.2 1.044017827 -1.763842128 
82.25 0.9558257202 -1.81217876 
82.3 0.8652167821 -1.857192439 
82.35 0.7723571602 -1.898515577 
82.4 0.6774313814 -1.935792441 
82.45 0.5806417593 -1.968687731 
82.5 0.4822073728 -1.99689543 
82.55 0.3823626012 -2.020147602 
82.6 0.2813552211 -2.038222706 
82.65 0.1794440858 -2.050953045 
82.7 0.07689643357 -2.058230928 
82.75 -0.02601511284 -2.060013195 
82.8 -0.1290157726 -2.056323808 
82.85 -0.231831963 -2.047254342 
82.9 -0.3341946801 -2.032962274 
82.95 -0.4358427938 -2.013667176 
83 -0.5365261526 -1.989644953 
83.05 -0.6360084002 -1.961220454 
83.1 -0.7340694229 -1.928758812 
83.15 -0.8305073635 -1.892655961 
83.2 -0.9251401616 -1.853328775 
83.25 -1.0178066 -1.811205261 
83.3 -1.108366863 -1.766715207 
83.35 -1.196702624 -1.72028161 
83.4 -1.282716704 -1.672313128 
83.45 -1.366332361 -1.62319773 
83.5 -1.447492247 -1.573297613 
83.55 -1.526157128 -1.522945405 
83.6 -1.602304398 -1.472441603 
83.65 -1.675926478 -1.422053126 
83.7 -1.747029135 -1.372012883 
83.75 -1.815629779 -1.322520172 
83.8 -1.881755787 -1.273741778 
83.85 -1.945442876 -1.2258136 
83.9 -2.006733556 -1.178842673 
83.95 -2.06567569 -1.132909455 
84 -2.122321163 -1.088070252 
84.05 -2.176724675 -1.04435972 
84.1 -2.228942661 -1.001793334 
84.15 -2.279032328 -0.9603697916 
84.2 -2.327050817 -0.9200732974 
84.25 -2.373054482 -0.8808756984 
84.3 -2.417098267 -0.8427384581 
84.35 -2.45923519 -0.8056144532 
84.4 -2.499515913 -0.7694495947 
84.45 -2.537988393 -0.7341842729 
84.5 -2.574697606 -0.6997546359 
84.55 -2.609685338 -0.666093708 
84.6 -2.642990023 -0.633132361 
84.65 -2.674646641 -0.60080015 
84.7 -2.704686649 -0.5690260246 
84.75 -2.73313795 -0.5377389288 
84.8 -2.760024897 -0.5068683019 
84.85 -2.785368312 -0.4763444892 
84.9 -2.809185536 -0.4460990752 
84.95 -2.83149049 -0.4160651475 
85 -2.852293747 -0.3861774996 
85.05 -2.871602622 -0.3563727823 
85.1 -2.889421261 -0.3265896075 
85.15 -2.905750742 -0.2967686142 
85.2 -2.920589172 -0.2668524991 
85.25 -2.933931797 -0.2367860183 
85.3 -2.945771098 -0.2065159643 
85.35 -2.956096897 -0.1759911215 
85.4 -2.964896453 -0.1451622046 
85.45 -2.972154563 -0.1139817822 
85.5 -2.977853652 -0.08240418913 
85.55 -2.981973861 -0.0503854302 
85.6 -2.984493133 -0.01788307811 
85.65 -2.985387287 0.0151438319 
85.7 -2.984630095 0.04873490766 
85.75 -2.98219335 0.08292850312 
85.8 -2.978046925 0.1177618156 
85.85 -2.972158834 0.1532709741 
85.9 -2.964495285 0.1894911142 
85.95 -2.95502073 0.2264564365 
86 -2.943697908 0.2642002428 
86.05 -2.930487896 0.3027549453 
86.1 -2.915350148 0.3421520434 
86.15 -2.898242546 0.3824220607 
86.2 -2.879121443 0.4235944355 
86.25 -2.857941721 0.4656973566 
86.3 -2.834656853 0.5087575361 
86.35 -2.809218977 0.5527999086 
86.4 -2.781578981 0.597847247 
86.45 -2.751686619 0.6439196841 
86.5 -2.719490635 0.691034128 
86.55 -2.684938928 0.7392035587 
86.6 -2.64797875 0.7884361958 
86.65 -2.608556941 0.8387345232 
86.7 -2.566620214 0.8900941626 
86.75 -2.522115506 0.9425025847 
86.8 -2.474990377 0.9959376531 
86.85 -2.425193494 1.050365999 
86.9 -2.372675194 1.105741225 
86.95 -2.317388133 1.162001959 
87 -2.259288035 1.219069757 
87.05 -2.198334547 1.276846906 
87.1 -2.134492202 1.335214156 
87.15 -2.067731494 1.394028435 
87.2 -1.998030073 1.453120643 
87.25 -1.92537404 1.512293591 
87.3 -1.849759361 1.571320218 
87.35 -1.77119335 1.629942224 
87.4 -1.689696239 1.687869245 
87.45 -1.605302776 1.744778763 
87.5 -1.518063838 1.80031691 
87.55 -1.428047993 1.854100336 
87.6 -1.335342976 1.905719301 
87.65 -1.240057011 1.954742113 
87.7 -1.142319905 2.00072099 
87.75 -1.042283856 2.043199371 
87.8 -0.9401238873 2.081720578 
87.85 -0.8360378584 2.115837704 
87.9 -0.7302459732 2.145124414 
87.95 -0.6229897525 2.169186316 
88 -0.5145304367 2.187672406 
88.05 -0.4051468164 2.20028607 
88.1 -0.2951325129 2.206795045 
88.15 -0.1847927606 2.207039767 
88.2 -0.07444077227 2.200939597 
88.25 0.03560620756 2.18849649 
88.3 0.1450310321 2.169795849 
88.35 0.2535208245 2.145004438 
88.4 0.3607710464 2.114365465 
88.45 0.4664893196 2.078191082 
88.5 0.5703988738 2.036852741 
88.55 0.6722415108 1.990769932 
88.6 0.7717800074 1.940397935 
88.65 0.8687999042 1.886215199 
88.7 0.9631106641 1.828710962 
88.75 1.054546212 1.768373614 
88.8 1.142964893 1.70568024 
88.85 1.228248905 1.641087636 
88.9 1.310303287 1.575024967 
88.95 1.389054535 1.507888149 
89 1.464448943 1.44003589 
89.05 1.536450737 1.371787303 
89.1 1.605040102 1.3034209 
89.15 1.670211147 1.235174778 
89.2 1.731969886 1.167247773 
89.25 1.790332275 1.099801364 
89.3 1.845322343 1.03296213 
89.35 1.896970449 0.9668245769 
89.4 1.945311678 0.9014541709 
89.45 1.990384387 0.8368904608 
89.5 2.03222891 0.7731501747 
89.55 2.070886419 0.7102302192 
89.6 2.10639793 0.648110524 
89.65 2.138803456 0.5867566934 
89.7 2.16814129 0.5261224437 
89.75 2.194447413 0.4661518174 
89.8 2.217755003 0.4067811756 
89.85 2.238094062 0.3479409754 
89.9 2.255491111 0.2895573477 
89.95 2.269968978 0.2315534914 
90 2.281546653 0.1738509044 
90.05 2.290239198 0.116370472 
90.1 2.296057722 0.05903343556 
90.15 2.299009394 0.001762262292 
90.2 2.299097507 -0.05551856141 
90.25 2.296321579 -0.112881792 
90.3 2.290677489 -0.1703967256 
90.35 2.282157653 -0.2281285092 
90.4 2.270751227 -0.2861374485 
90.45 2.256444355 -0.3444782926 
90.5 2.23922044 -0.4031994795 
90.55 2.219060466 -0.4623423268 
90.6 2.19594335 -0.5219401528 
90.65 2.169846342 -0.5820173163 
90.7 2.140745476 -0.6425881644 
90.75 2.108616068 -0.7036558828 
90.8 2.073433274 -0.7652112449 
90.85 2.035172712 -0.8272312613 
90.9 1.993811149 -0.8896777387 
90.95 1.949327262 -0.9524957627 
91 1.901702474 -1.015612128 
91.05 1.850921867 -1.078933752 
91.1 1.79697518 -1.14234611 
91.15 1.739857874 -1.205711765 
91.2 1.679572286 -1.26886904 
91.25 1.616128834 -1.331630943 
91.3 1.549547287 -1.393784424 
91.35 1.479858066 -1.455090081 
91.4 1.407103562 -1.515282429 
91.45 1.33133944 -1.57407086 
91.5 1.252635897 -1.631141399 
91.55 1.171078827 -1.686159377 
91.6 1.086770858 -1.738773085 
91.65 0.9998322041 -1.788618485 
91.7 0.9104012799 -1.835324957 
91.75 0.818635032 -1.878522053 
91.8 0.7247089294 -1.917847127 
91.85 0.628816573 -1.952953657 
91.9 0.5311688902 -1.983520007 
91.95 0.4319928898 -2.009258296 
92 0.331529975 -2.029923001 
92.05 0.2300338249 -2.045318889 
92.1 0.1277678805 -2.055307862 
92.15 0.02500248734 -2.059814338 
92.2 -0.07798822956 -2.058828826 
92.25 -0.1809296709 -2.052409478 
92.3 -0.2835501448 -2.040681465 
92.35 -0.385584218 -2.023834197 
92.4 -0.4867759279 -2.002116497 
92.45 -0.5868817527 -1.975829975 
92.5 -0.6856732515 -1.945320947 
92.55 -0.7829392988 -1.910971307 
92.6 -0.8784878642 -1.873188789 
92.65 -0.9721473036 -1.832397089 
92.7 -1.063767158 -1.78902624 
92.75 -1.15321847 -1.743503612 
92.8 -1.240393651 -1.69624584 
92.85 -1.325205943 -1.647651857 
92.9 -1.407588535 -1.598097182 
92.95 -1.487493395 -1.547929491 
93 -1.564889869 -1.497465446 
93.05 -1.639763141 -1.446988716 
93.1 -1.712112577 -1.396749062 
93.15 -1.78195003 -1.346962335 
93.2 -1.849298147 -1.297811256 
93.25 -1.91418871 -1.249446796 
93.3 -1.97666105 -1.20199002 
93.35 -2.036760551 -1.155534256 
93.4 -2.094537263 -1.110147469 
93.45 -2.150044637 -1.065874728 
93.5 -2.203338373 -1.022740708 
93.55 -2.254475409 -0.9807521251 
93.6 -2.303513015 -0.9399000883 
93.65 -2.350508019 -0.9001623104 
93.7 -2.395516135 -0.8615051645 
93.75 -2.438591393 -0.8238855684 
93.8 -2.479785672 -0.7872526933 
93.85 -2.519148306 -0.7515494951 
93.9 -2.556725781 -0.7167140746 
93.95 -2.592561485 -0.6826808736 
94 -2.626695528 -0.6493817181 
94.05 -2.659164614 -0.6167467195 
94.1 -2.69000195 -0.5847050457 
94.15 -2.719237203 -0.5531855753 
94.2 -2.746896481 -0.5221174455 
94.25 -2.773002354 -0.4914305067 
94.3 -2.797573879 -0.4610556924 
94.35 -2.820626664 -0.4309253166 
94.4 -2.842172929 -0.4009733057 
94.45 -2.862221595 -0.3711353744 
94.5 -2.880778363 -0.3413491528 
94.55 -2.897845821 -0.3115542695 
94.6 -2.913423534 -0.2816923999 
94.65 -2.927508154 -0.2517072811 
94.7 -2.940093519 -0.2215447011 
94.75 -2.951170754 -0.1911524641 
94.8 -2.960728377 -0.1604803372 
94.85 -2.968752394 -0.1294799806 
94.9 -2.975226393 -0.09810486581 
94.95 -2.980131636 -0.06631018262 
95 -2.983447145 -0.03405273999 
95.05 -2.985149782 -0.001290861805 
95.1 -2.985214325 0.03201571893 
95.15 -2.983613539 0.0659059648 
95.2 -2.980318241 0.1004176345 
95.25 -2.975297359 0.1355873759 
95.3 -2.96851799 0.1714508085 
95.35 -2.95994545 0.2080425899 
95.4 -2.949543321 0.2453964644 
95.45 -2.937273497 0.2835452855 
95.5 -2.923096233 0.3225210103 
95.55 -2.906970183 0.3623546563 
95.6 -2.88885245 0.4030762165 
95.65 -2.868698639 0.4447145231 
95.7 -2.846462913 0.4872970529 
95.75 -2.82209806 0.5308496636 
95.8 -2.795555577 0.5753962531 
95.85 -2.766785764 0.6209583287 
95.9 -2.735737848 0.6675544768 
95.95 -2.702360124 0.7151997196 
96 -2.666600138 0.7639047486 
96.05 -2.628404901 0.8136750214 
96.1 -2.58772115 0.8645097111 
96.15 -2.544495664 0.9164004992 
96.2 -2.498675639 0.969330203 
96.25 -2.450209129 1.023271234 
96.3 -2.399045567 1.078183886 
96.35 -2.345136373 1.134014461 
96.4 -2.28843565 1.190693245 
96.45 -2.228900988 1.248132355 
96.5 -2.16649437 1.306223498 
96.55 -2.101183195 1.364835693 
96.6 -2.03294141 1.423813007 
96.65 -1.96175076 1.482972413 
96.7 -1.887602139 1.542101855 
96.75 -1.810497046 1.600958657 
96.8 -1.730449114 1.659268402 
96.85 -1.647485694 1.716724469 
96.9 -1.56164947 1.772988363 
96.95 -1.473000052 1.827691037 
97 -1.3816155 1.880435361 
97.05 -1.287593732 1.930799879 
97.1 -1.191053738 1.978343959 
97.15 -1.09213654 2.022614389 
97.2 -0.9910058207 2.063153384 
97.25 -0.8878481515 2.099507896 
97.3 -0.7828727567 2.131239997 
97.35 -0.6763107568 2.157938028 
97.4 -0.5684138554 2.179228065 
97.45 -0.4594524521 2.194785219 
97.5 -0.3497131912 2.204344177 
97.55 -0.2394959823 2.207708426 
97.6 -0.129110561 2.204757585 
97.65 -0.01887268175 2.195452394 
97.7 0.09089993796 2.179836977 
97.75 0.1998917868 2.158038219 
97.8 0.3077936977 2.130262229 
97.85 0.4143068092 2.096788076 
97.9 0.519146213 2.057959146 
97.95 0.6220441703 2.014172603 
98 0.7227528004 1.965867562 
98.05 0.8210461785 1.913512565 
98.1 0.9167218068 1.857593016 
98.15 1.009601458 1.798599113 
98.2 1.099531413 1.737014764 
98.25 1.186382152 1.673307843 
98.3 1.270047544 1.607922017 
98.35 1.350443644 1.541270277 
98.4 1.427507158 1.473730162 
98.45 1.501193666 1.405640616 
98.5 1.571475697 1.337300318 
98.55 1.638340713 1.268967304 
98.6 1.701789078 1.200859671 
98.65 1.761832062 1.133157133 
98.7 1.818489919 1.066003232 
98.75 1.87179008 0.999507998 
98.8 1.92176548 0.9337509012 
98.85 1.968453025 0.8687839443 
98.9 2.011892222 0.8046347818 
98.95 2.052123961 0.7413097773 
99 2.08918945 0.6787969299 
99.05 2.123129297 0.6170686247 
99.1 2.153982728 0.5560841788 
99.15 2.181786937 0.4957921661 
99.2 2.206576545 0.4361325191 
99.25 2.228383171 0.3770384115 
99.3 2.247235092 0.318437933 
99.35 2.263156988 0.260255572 
99.4 2.276169767 0.202413525 
99.45 2.286290443 0.1448328529 
99.5 2.293532086 0.08743450621 
99.55 2.297903811 0.03014024136 
99.6 2.299410823 -0.02712655111 
99.65 2.298054496 -0.08444008356 
99.7 2.293832492 -0.1418714534 
99.75 2.286738919 -0.1994879496 
99.8 2.276764521 -0.2573523646 
99.85 2.263896903 -0.3155222926 
99.9 2.248120789 -0.3740493964 
99.95 2.229418319 -0.4329786274 
100 2.207769387 -0.4923473827 
