0.05 0.049375 0.974895925 
0.1 0.09749045157 0.9496531292 
0.15 0.1443411763 0.9243428608 
0.2 0.1899255962 0.8990373445 
0.25 0.2342457561 0.8738087679 
0.3 0.2773072974 0.848728352 
0.35 0.319119388 0.8238655156 
0.4 0.3596946119 0.7992871336 
0.45 0.3990488253 0.7750568933 
0.5 0.4372009821 0.751234747 
0.55 0.4741729344 0.7278764582 
0.6 0.5099892131 0.7050332386 
0.65 0.5446767924 0.6827514697 
0.7 0.5782648421 0.6610725046 
0.75 0.6107844722 0.6400325422 
0.8 0.6422684731 0.6196625673 
0.85 0.6727510537 0.5999883504 
0.9 0.7022675819 0.5810304981 
0.95 0.7308543279 0.5628045504 
1 0.7585482137 0.5453211145 
1.05 0.7853865705 0.528586032 
1.1 0.8114069047 0.512600572 
1.15 0.8366466746 0.4973616457 
1.2 0.8611430779 0.4828620362 
1.25 0.8849328512 0.4690906415 
1.3 0.9080520821 0.4560327243 
1.35 0.9305360336 0.4436701673 
1.4 0.9524189814 0.4319817295 
1.45 0.9737340643 0.4209433028 
1.5 0.9945131474 0.4105281639 
1.55 1.014786697 0.4007072235 
1.6 1.034583669 0.3914492675 
1.65 1.053931408 0.3827211918 
1.7 1.072855561 0.3744882284 
1.75 1.091379994 0.3667141623 
1.8 1.109526731 0.3593615382 
1.85 1.127315896 0.352391858 
1.9 1.144765661 0.3457657667 
1.95 1.161892214 0.3394432281 
2 1.178709725 0.33338369 
2.05 1.195230325 0.3275462377 
2.1 1.211464093 0.3218897379 
2.15 1.227419046 0.3163729715 
2.2 1.243101141 0.3109547556 
2.25 1.258514278 0.3055940563 
2.3 1.27366031 0.300250091 
2.35 1.288539057 0.2948824215 
2.4 1.303148329 0.2894510378 
2.45 1.317483947 0.2839164335 
2.5 1.331539768 0.2782396729 
2.55 1.345307719 0.27238245 
2.6 1.358777827 0.2663071411 
2.65 1.371938257 0.2599768501 
2.7 1.384775346 0.253355448 
2.75 1.397273646 0.2464076074 
2.8 1.409415961 0.2390988319 
2.85 1.421183394 0.2313954815 
2.9 1.432555385 0.2232647952 
2.95 1.44350976 0.2146749113 
3 1.454022772 0.205594885 
3.05 1.464069155 0.1959947064 
3.1 1.47362216 0.1858453184 
3.15 1.482653613 0.1751186345 
3.2 1.49113396 0.1637875602 
3.25 1.499032316 0.1518260157 
3.3 1.506316518 0.1392089632 
3.35 1.512953179 0.1259124386 
3.4 1.518907739 0.1119135893 
3.45 1.524144525 0.0971907183 
3.5 1.528626808 0.08172333634 
3.55 1.532316866 0.06549222268 
3.6 1.535176049 0.04847949578 
3.65 1.537164846 0.03066869473 
3.7 1.538242961 0.01204487244 
3.75 1.538369388 -0.007405298242 
3.8 1.537502499 -0.0276934048 
3.85 1.535600129 -0.04882916057 
3.9 1.53261968 -0.07082025482 
3.95 1.528518217 -0.09367218656 
4 1.523252592 -0.1173880816 
4.05 1.516779558 -0.1419684919 
4.1 1.509055912 -0.167411178 
4.15 1.500038632 -0.1937108729 
4.2 1.48968504 -0.220859029 
4.25 1.477952971 -0.2488435483 
4.3 1.464800955 -0.2776484961 
4.35 1.45018842 -0.3072538014 
4.4 1.434075906 -0.3376349442 
4.45 1.416425291 -0.368762634 
4.5 1.397200045 -0.4006024825 
4.55 1.376365485 -0.4331146747 
4.6 1.35388906 -0.4662536448 
4.65 1.329740647 -0.4999677623 
4.7 1.303892856 -0.5341990374 
4.75 1.276321363 -0.568882852 
4.8 1.247005239 -0.6039477304 
4.85 1.215927307 -0.6393151565 
4.9 1.183074491 -0.6748994526 
4.95 1.14843818 -0.7106077327 
5 1.112014585 -0.7463399422 
5.05 1.073805099 -0.781989001 
5.1 1.033816643 -0.8174410614 
5.15 0.9920619921 -0.8525758953 
5.2 0.948560088 -0.8872674238 
5.25 0.903336314 -0.9213843965 
5.3 0.8564227348 -0.9547912306 
5.35 0.8078582908 -0.9873490115 
5.4 0.7576889371 -1.018916655 
5.45 0.7059677211 -1.049352227 
5.5 0.6527547904 -1.078514399 
5.55 0.5981173243 -1.106264042 
5.6 0.5421293825 -1.13246591 
5.65 0.4848716684 -1.156990398 
5.7 0.4264312024 -1.179715336 
5.75 0.366900905 -1.200527768 
5.8 0.3063790927 -1.219325687 
5.85 0.2449688879 -1.236019656 
5.9 0.182777552 -1.250534295 
5.95 0.1199157475 -1.262809557 
6 0.05649674246 -1.272801777 
6.05 -0.007364431772 -1.280484447 
6.1 -0.0715518536 -1.28584868 
6.15 -0.1359496003 -1.288903366 
6.2 -0.2004426364 -1.289674989 
6.25 -0.2649176848 -1.288207124 
6.3 -0.3292640651 -1.284559621 
6.35 -0.3933744827 -1.278807499 
6.4 -0.457145757 -1.271039592 
6.45 -0.5204794753 -1.261356971 
6.5 -0.583282563 -1.249871214 
6.55 -0.6454677639 -1.236702541 
6.6 -0.7069540253 -1.221977894 
6.65 -0.7676667854 -1.205828998 
6.7 -0.8275381643 -1.188390445 
6.75 -0.8865070602 -1.169797853 
6.8 -0.9445191562 -1.150186131 
6.85 -1.001526843 -1.129687882 
6.9 -1.057489065 -1.108431961 
6.95 -1.1123711 -1.086542213 
7 -1.16614428 -1.064136392 
7.05 -1.218785658 -1.041325265 
7.1 -1.270277646 -1.018211907 
7.15 -1.320607606 -0.9948911673 
7.2 -1.369767434 -0.9714493054 
7.25 -1.417753122 -0.9479637801 
7.3 -1.464564313 -0.9245031761 
7.35 -1.510203858 -0.9011272535 
7.4 -1.554677375 -0.8778871008 
7.45 -1.597992827 -0.8548253777 
7.5 -1.640160099 -0.8319766282 
7.55 -1.681190606 -0.8093676525 
7.6 -1.721096916 -0.7870179199 
7.65 -1.759892389 -0.7649400138 
7.7 -1.797590853 -0.7431400946 
7.75 -1.834206284 -0.7216183721 
7.8 -1.869752529 -0.70036958 
7.85 -1.90424304 -0.6793834429 
7.9 -1.937690635 -0.6586451336 
7.95 -1.970107282 -0.6381357129 
8 -2.001503906 -0.6178325511 
8.05 -2.031890211 -0.5977097271 
8.1 -2.061274531 -0.5777384039 
8.15 -2.089663685 -0.5578871799 
8.2 -2.117062867 -0.5381224142 
8.25 -2.143475531 -0.5184085284 
8.3 -2.168903312 -0.4987082823 
8.35 -2.193345943 -0.4789830268 
8.4 -2.216801191 -0.4591929337 
8.45 -2.239264807 -0.4392972037 
8.5 -2.260730477 -0.4192542543 
8.55 -2.281189794 -0.3990218885 
8.6 -2.300632225 -0.3785574464 
8.65 -2.319045095 -0.3578179406 
8.7 -2.336413574 -0.3367601765 
8.75 -2.352720667 -0.3153408613 
8.8 -2.367947214 -0.2935166994 
8.85 -2.38207189 -0.2712444796 
8.9 -2.395071215 -0.2484811527 
8.95 -2.406919558 -0.2251839032 
9 -2.417589158 -0.2013102145 
9.05 -2.427050133 -0.1768179309 
9.1 -2.435270504 -0.1516653177 
9.15 -2.442216217 -0.1258111202 
9.2 -2.447851168 -0.0992146248 
9.25 -2.452137232 -0.07183572283 
9.3 -2.455034294 -0.04363498053 
9.35 -2.456500284 -0.01457371673 
9.4 -2.45649122 0.01538590866 
9.45 -2.454961248 0.04628079269 
9.5 -2.451862697 0.07814677036 
9.55 -2.447146131 0.1110184751 
9.6 -2.440760413 0.1449291742 
9.65 -2.432652781 0.1799105756 
9.7 -2.422768928 0.2159925992 
9.75 -2.411053102 0.2532031093 
9.8 -2.397448209 0.2915676003 
9.85 -2.381895946 0.3311088297 
9.9 -2.364336946 0.3718463921 
9.95 -2.344710947 0.413796226 
10 -2.322956987 0.456970046 
10.05 -2.299013634 0.5013746938 
10.1 -2.272819243 0.5470113998 
10.15 -2.24431226 0.5938749497 
10.2 -2.213431562 0.6419527504 
10.25 -2.180116854 0.6912237917 
10.3 -2.144309117 0.7416575035 
10.35 -2.105951111 0.7932125096 
10.4 -2.064987957 0.8458352863 
10.45 -2.021367769 0.8994587375 
10.5 -1.975042375 0.9540007057 
10.55 -1.925968108 1.009362446 
10.6 -1.87410667 1.0654271 
10.65 -1.819426078 1.12205822 
10.7 -1.761901679 1.179098394 
10.75 -1.70151723 1.236368055 
10.8 -1.638266031 1.293664549 
10.85 -1.572152103 1.350761556 
10.9 -1.503191376 1.407408973 
10.95 -1.431412874 1.463333357 
11 -1.356859866 1.518239043 
11.05 -1.279590939 1.57181004 
11.1 -1.199680953 1.623712772 
11.15 -1.117221846 1.67359975 
11.2 -1.03232322 1.721114183 
11.25 -0.9451126827 1.765895508 
11.3 -0.8557358884 1.807585774 
11.35 -0.7643562346 1.845836746 
11.4 -0.6711541945 1.88031752 
11.45 -0.5763262545 1.910722421 
11.5 -0.4800834561 1.936778852 
11.55 -0.3826495491 1.958254779 
11.6 -0.2842587845 1.974965487 
11.65 -0.1851533924 1.98677927 
11.7 -0.08558080624 1.99362174 
11.75 0.01420929181 1.995478517 
11.8 0.1139680161 1.99239614 
11.85 0.2134503232 1.984481114 
11.9 0.3124179634 1.971897152 
11.95 0.4106422513 1.95486074 
12 0.5079065747 1.933635246 
12.05 0.6040085763 1.908523888 
12.1 0.6987619598 1.879861883 
12.15 0.791997887 1.848008159 
12.2 0.8835659545 1.813336976 
12.25 0.9733347532 1.776229782 
12.3 1.06119203 1.73706759 
12.35 1.147044483 1.696224098 
12.4 1.230817238 1.654059709 
12.45 1.312453043 1.610916539 
12.5 1.391911244 1.567114465 
12.55 1.469166585 1.522948179 
12.6 1.544207889 1.478685208 
12.65 1.617036662 1.434564805 
12.7 1.687665658 1.390797604 
12.75 1.75611745 1.347565933 
12.8 1.82242303 1.305024653 
12.85 1.886620462 1.263302415 
12.9 1.948753604 1.222503233 
12.95 2.008870922 1.182708264 
13 2.067024391 1.143977722 
13.05 2.1232685 1.10635285 
13.1 2.177659346 1.069857898 
13.15 2.230253842 1.03450206 
13.2 2.281109005 1.000281331 
13.25 2.330281344 0.9671802631 
13.3 2.377826332 0.9351736118 
13.35 2.423797953 0.9042278462 
13.4 2.468248322 0.8743025327 
13.45 2.51122738 0.8453515863 
13.5 2.552782633 0.8173243932 
13.55 2.592958959 0.79016681 
13.6 2.631798448 0.7638220475 
13.65 2.669340297 0.7382314457 
13.7 2.705620731 0.7133351493 
13.75 2.740672959 0.689072693 
13.8 2.774527161 0.6653835035 
13.85 2.807210486 0.6422073288 
13.9 2.838747088 0.6194846006 
13.95 2.86915816 0.5971567386 
14 2.898461995 0.575166403 
14.05 2.926674055 0.5534577016 
14.1 2.953807043 0.5319763562 
14.15 2.97987099 0.5106698347 
14.2 3.004873346 0.4894874528 
14.25 3.028819077 0.4683804479 
14.3 3.051710754 0.4473020313 
14.35 3.073548663 0.4262074183 
14.4 3.094330898 0.4050538418 
14.45 3.114053468 0.3838005495 
14.5 3.132710392 0.3624087871 
14.55 3.150293802 0.3408417693 
14.6 3.16679404 0.3190646397 
14.65 3.182199752 0.29704442 
14.7 3.196497981 0.2747499501 
14.75 3.209674258 0.2521518205 
14.8 3.221712686 0.229222295 
14.85 3.23259602 0.2059352272 
14.9 3.242305749 0.1822659698 
14.95 3.250822165 0.1581912766 
15 3.258124431 0.1336891992 
15.05 3.264190644 0.108738977 
15.1 3.268997892 0.08332092328 
15.15 3.272522302 0.05741630512 
15.2 3.274739088 0.03100722052 
15.25 3.27562259 0.004076471751 
15.3 3.2751463 -0.02339256342 
15.35 3.273282895 -0.05141606162 
15.4 3.270004252 -0.08000988356 
15.45 3.265281459 -0.1091897022 
15.5 3.259084827 -0.1389711272 
15.55 3.251383885 -0.169369824 
15.6 3.242147375 -0.2004016251 
15.65 3.231343244 -0.2320826303 
15.7 3.218938623 -0.2644292937 
15.75 3.204899815 -0.2974584927 
15.8 3.189192263 -0.3311875767 
15.85 3.171780534 -0.3656343883 
15.9 3.15262829 -0.4008172555 
15.95 3.131698263 -0.4367549451 
16 3.108952238 -0.4734665747 
16.05 3.084351038 -0.5109714734 
16.1 3.057854515 -0.5492889848 
16.15 3.029421556 -0.5884382041 
16.2 2.999010107 -0.6284376386 
16.25 2.966577203 -0.6693047835 
16.3 2.93207904 -0.7110556012 
16.35 2.895471061 -0.7537038942 
16.4 2.856708081 -0.7972605598 
16.45 2.815744453 -0.8417327166 
16.5 2.772534281 -0.8871226917 
16.55 2.727031689 -0.9334268596 
16.6 2.679191144 -0.9806343264 
16.65 2.628967858 -1.028725453 
16.7 2.576318265 -1.077670221 
16.75 2.521200581 -1.127426437 
16.8 2.463575458 -1.177937803 
16.85 2.403406745 -1.229131856 
16.9 2.34066234 -1.28091782 
16.95 2.275315169 -1.33318441 
17 2.207344261 -1.385797647 
17.05 2.136735937 -1.438598763 
17.1 2.063485102 -1.491402276 
17.15 1.987596623 -1.543994362 
17.2 1.909086786 -1.596131638 
17.25 1.82798479 -1.647540498 
17.3 1.744334277 -1.697917164 
17.35 1.658194819 -1.746928581 
17.4 1.569643352 -1.794214326 
17.45 1.478775485 -1.839389646 
17.5 1.38570662 -1.882049711 
17.55 1.290572837 -1.92177515 
17.6 1.193531467 -1.958138825 
17.65 1.094761296 -1.990713774 
17.7 0.9944623427 -2.019082131 
17.75 0.8928551735 -2.042844759 
17.8 0.7901797191 -2.061631256 
17.85 0.6866935871 -2.07510989 
17.9 0.5826698854 -2.082997036 
17.95 0.4783945923 -2.085065592 
18 0.3741635378 -2.081151944 
18.05 0.2702790769 -2.071161065 
18.1 0.1670465593 -2.055069446 
18.15 0.06477070985 -2.032925679 
18.2 -0.03624796169 -2.004848646 
18.25 -0.1357166006 -1.971023426 
18.3 -0.2333531889 -1.931695158 
18.35 -0.3288893725 -1.887161212 
18.4 -0.4220728608 -1.837762112 
18.45 -0.5126693465 -1.783871671 
18.5 -0.6004639185 -1.725886843 
18.55 -0.6852619669 -1.664217734 
18.6 -0.7668895967 -1.599278164 
18.65 -0.8451935877 -1.53147711 
18.7 -0.920040952 -1.461211244 
18.75 -0.9913181477 -1.388858726 
18.8 -1.058930014 -1.314774298 
18.85 -1.122798494 -1.239285669 
18.9 -1.182861209 -1.162691128 
18.95 -1.239069939 -1.085258268 
19 -1.291389073 -1.007223678 
19.05 -1.339794059 -0.9287934706 
19.1 -1.3842699 -0.8501444683 
19.15 -1.42480973 -0.7714259211 
19.2 -1.461413482 -0.6927616095 
19.25 -1.494086669 -0.6142522198 
19.3 -1.522839295 -0.5359778903 
19.35 -1.547684886 -0.4580008461 
19.4 -1.568639669 -0.3803680597 
19.45 -1.585721867 -0.303113887 
19.5 -1.598951141 -0.2262626463 
19.55 -1.608348146 -0.1498311167 
19.6 -1.613934218 -0.07383094308 
19.65 -1.615731177 0.001729058669 
19.7 -1.61376124 0.0768406969 
19.75 -1.608047043 0.1514942979 
19.8 -1.598611771 0.2256766948 
19.85 -1.585479376 0.2993693091 
19.9 -1.568674898 0.372546324 
19.95 -1.548224871 0.4451729509 
20 -1.524157813 0.5172037983 
20.05 -1.496504795 0.5885813532 
20.1 -1.465300086 0.6592345955 
20.15 -1.430581857 0.7290777699 
20.2 -1.392392951 0.7980093498 
20.25 -1.35078169 0.8659112317 
20.3 -1.305802725 0.9326482065 
20.35 -1.257517896 0.9980677603 
20.4 -1.205997101 1.062000258 
20.45 -1.151319142 1.124259566 
20.5 -1.093572526 1.184644164 
20.55 -1.032856201 1.242938793 
20.6 -0.9692801973 1.298916676 
20.65 -0.9029661365 1.352342316 
20.7 -0.8340475927 1.40297488 
20.75 -0.7626702672 1.450572132 
20.8 -0.6889919544 1.49489484 
20.85 -0.6131822757 1.53571159 
20.9 -0.5354221655 1.572803849 
20.95 -0.455903098 1.605971139 
21 -0.3748260563 1.635036147 
21.05 -0.292400249 1.65984955 
21.1 -0.2088415956 1.68029438 
21.15 -0.1243710072 1.696289721 
21.2 -0.03921250223 1.707793563 
21.25 0.04640879882 1.714804679 
21.3 0.1322687458 1.717363413 
21.35 0.2181462434 1.715551349 
21.4 0.3038252905 1.709489848 
21.45 0.3890969195 1.699337532 
21.5 0.4737609838 1.685286818 
21.55 0.5576277514 1.667559657 
21.6 0.6405192663 1.646402666 
21.65 0.7222704554 1.622081853 
21.7 0.8027299624 1.594877147 
21.75 0.8817607077 1.565076928 
21.8 0.9592401754 1.532972746 
21.85 1.035060444 1.498854375 
21.9 1.10912798 1.463005342 
21.95 1.18136322 1.425698999 
22 1.25169997 1.387195214 
22.05 1.320084659 1.347737693 
22.1 1.386475471 1.307551932 
22.15 1.450841389 1.266843767 
22.2 1.513161185 1.225798493 
22.25 1.573422377 1.184580468 
22.3 1.631620174 1.143333161 
22.35 1.687756446 1.102179564 
22.4 1.741838703 1.061222903 
22.45 1.793879139 1.020547578 
22.5 1.843893707 0.9802202791 
22.55 1.891901267 0.940291224 
22.6 1.937922798 0.9007954613 
22.65 1.981980664 0.8617542117 
22.7 2.024097965 0.823176206 
22.75 2.064297937 0.7850589976 
22.8 2.102603436 0.7473902267 
22.85 2.139036461 0.7101488238 
22.9 2.173617759 0.6733061397 
22.95 2.206366466 0.636826997 
23 2.237299808 0.600670658 
23.05 2.266432847 0.5647917103 
23.1 2.293778267 0.5291408691 
23.15 2.3193462 0.4936657002 
23.2 2.343144087 0.4583112671 
23.25 2.365176565 0.4230207066 
23.3 2.385445388 0.3877357389 
23.35 2.403949365 0.3523971175 
23.4 2.420684324 0.3169450237 
23.45 2.435643092 0.2813194133 
23.5 2.448815493 0.2454603206 
23.55 2.460188357 0.2093081254 
23.6 2.469745544 0.1728037894 
23.65 2.477467981 0.1358890677 
23.7 2.483333704 0.09850670156 
23.75 2.487317914 0.06060059777 
23.8 2.489393036 0.02211600168 
23.85 2.489528796 -0.01700033076 
23.9 2.487692296 -0.05679995511 
23.95 2.483848106 -0.0973325479 
24 2.47795836 -0.1386456966 
24.05 2.46998287 -0.1807846626 
24.1 2.459879244 -0.223792109 
24.15 2.447603028 -0.2677077858 
24.2 2.433107855 -0.3125681624 
24.25 2.416345625 -0.3584059997 
24.3 2.397266696 -0.4052498511 
24.35 2.375820112 -0.453123484 
24.4 2.351953856 -0.5020452115 
24.45 2.325615141 -0.5520271248 
24.5 2.296750741 -0.6030742192 
24.55 2.265307373 -0.6551834056 
24.6 2.231232118 -0.7083424021 
24.65 2.194472923 -0.7625285052 
24.7 2.154979141 -0.8177072397 
24.75 2.112702166 -0.8738308967 
24.8 2.067596125 -0.9308369708 
24.85 2.019618661 -0.9886465175 
24.9 1.968731795 -1.047162464 
24.95 1.91490288 -1.106267909 
25 1.858105626 -1.165824475 
25.05 1.798321221 -1.225670769 
25.1 1.735539515 -1.285621044 
25.15 1.669760268 -1.345464151 
25.2 1.600994441 -1.404962891 
25.25 1.529265509 -1.463853887 
25.3 1.454610767 -1.521848105 
25.35 1.377082589 -1.57863213 
25.4 1.296749602 -1.633870342 
25.45 1.213697736 -1.687208055 
25.5 1.128031078 -1.738275713 
25.55 1.039872505 -1.786694143 
25.6 0.9493640145 -1.832080852 
25.65 0.8566667251 -1.874057262 
25.7 0.761960487 -1.912256717 
25.75 0.6654430799 -1.946333031 
25.8 0.5673289716 -1.975969263 
25.85 0.4678476374 -2.000886361 
25.9 0.367241455 -2.020851292 
25.95 0.2657632111 -2.035684224 
26 0.1636732773 -2.045264413 
26.05 0.06123652857 -2.049534425 
26.1 -0.0412809048 -2.048502465 
26.15 -0.1436149518 -2.042242654 
26.2 -0.2455068771 -2.03089321 
26.25 -0.346706416 -2.014652646 
26.3 -0.4469746704 -1.993774162 
26.35 -0.5460866838 -1.968558542 
26.4 -0.6438336283 -1.939345928 
26.45 -0.7400245567 -1.906506859 
26.5 -0.8344876935 -1.870433018 
26.55 -0.9270712615 -1.831528058 
26.6 -1.017643855 -1.790198879 
26.65 -1.106094395 -1.746847617 
26.7 -1.192331697 -1.701864589 
26.75 -1.276283722 -1.655622314 
26.8 -1.357896551 -1.608470683 
26.85 -1.437133142 -1.560733289 
26.9 -1.513971944 -1.512704856 
26.95 -1.588405398 -1.4646497 
27 -1.660438391 -1.41680108 
27.05 -1.730086698 -1.36936134 
27.1 -1.797375443 -1.322502672 
27.15 -1.862337625 -1.276368401 
27.2 -1.925012705 -1.231074636 
27.25 -1.985445292 -1.186712193 
27.3 -2.04368393 -1.143348683 
27.35 -2.099779991 -1.101030686 
27.4 -2.153786677 -1.059785934 
27.45 -2.20575813 -1.019625461 
27.5 -2.255748655 -0.9805456654 
27.55 -2.303812034 -0.9425302714 
27.6 -2.350000941 -0.9055521504 
27.65 -2.394366445 -0.8695750063 
27.7 -2.436957588 -0.8345549108 
27.75 -2.477821045 -0.8004416902 
27.8 -2.517000839 -0.7671801673 
27.85 -2.554538125 -0.7347112631 
27.9 -2.590471019 -0.7029729676 
27.95 -2.624834472 -0.6719011878 
28 -2.65766019 -0.6414304827 
28.05 -2.68897658 -0.6114946949 
28.1 -2.71880873 -0.5820274891 
28.15 -2.747178412 -0.5529628066 
28.2 -2.77410411 -0.524235244 
28.25 -2.799601053 -0.4957803657 
28.3 -2.823681281 -0.4675349562 
28.35 -2.846353703 -0.4394372206 
28.4 -2.867624177 -0.4114269384 
28.45 -2.88749559 -0.3834455772 
28.5 -2.905967947 -0.3554363702 
28.55 -2.923038458 -0.3273443629 
28.6 -2.938701632 -0.2991164325 
28.65 -2.952949367 -0.2707012836 
28.7 -2.965771043 -0.2420494234 
28.75 -2.977153606 -0.2131131188 
28.8 -2.987081665 -0.183846339 
28.85 -2.995537563 -0.1542046842 
28.9 -3.002501466 -0.1241453048 
28.95 -3.007951436 -0.09362681136 
29 -3.011863499 -0.06260917834 
29.05 -3.014211712 -0.03105364423 
29.1 -3.014968226 0.001077390835 
29.15 -3.01410334 0.03382046638 
29.2 -3.011585549 0.06721115974 
29.25 -3.007381595 0.1012841778 
29.3 -3.001456504 0.1360734392 
29.35 -2.993773623 0.1716121428 
29.4 -2.98429466 0.2079328185 
29.45 -2.97297971 0.2450673558 
29.5 -2.95978729 0.2830470036 
29.55 -2.944674373 0.3219023363 
29.6 -2.927596418 0.3616631787 
29.65 -2.908507415 0.4023584814 
29.7 -2.88735993 0.4440161391 
29.75 -2.864105162 0.4866627418 
29.8 -2.83869302 0.5303232482 
29.85 -2.811072207 0.5750205704 
29.9 -2.781190343 0.6207750584 
29.95 -2.748994096 0.6676038707 
30 -2.714429369 0.7155202194 
30.05 -2.677441513 0.7645324757 
30.1 -2.637975595 0.8146431249 
30.15 -2.595976716 0.8658475587 
30.2 -2.551390406 0.9181326963 
30.25 -2.504163078 0.971475429 
30.3 -2.454242572 1.025840886 
30.35 -2.401578788 1.081180529 
30.4 -2.346124423 1.137430082 
30.45 -2.287835807 1.194507335 
30.5 -2.226673856 1.252309833 
30.55 -2.162605146 1.310712532 
30.6 -2.0956031 1.369565458 
30.65 -2.025649288 1.428691492 
30.7 -1.952734844 1.487884348 
30.75 -1.876861965 1.54690692 
30.8 -1.79804549 1.6054901 
30.85 -1.716314524 1.663332271 
30.9 -1.63171406 1.720099618 
30.95 -1.544306577 1.77542746 
31 -1.454173528 1.828922737 
31.05 -1.361416687 1.880167823 
31.1 -1.26615926 1.928725732 
31.15 -1.168546707 1.974146769 
31.2 -1.068747194 2.015976567 
31.25 -0.9669516096 2.05376538 
31.3 -0.8633730851 2.087078388 
31.35 -0.7582459858 2.115506661 
31.4 -0.6518243363 2.138678349 
31.45 -0.544379689 2.15626958 
31.5 -0.4361984626 2.168014515 
31.55 -0.3275788052 2.173714003 
31.6 -0.2188270661 2.17324232 
31.65 -0.1102539845 2.166551586 
31.7 -0.002170718804 2.153673558 
31.75 0.1051151457 2.134718682 
31.8 0.2113034737 2.109872446 
31.85 0.316105209 2.079389241 
31.9 0.4192456391 2.04358411 
31.95 0.5204671996 2.002822841 
32 0.6195317487 1.957510968 
32.05 0.7162222721 1.90808224 
32.1 0.8103440042 1.854987111 
32.15 0.9017249812 1.798681738 
32.2 0.9902160618 1.739617894 
32.25 1.07569047 1.678234093 
32.3 1.15804293 1.614948122 
32.35 1.237188455 1.550151068 
32.4 1.313060891 1.484202857 
32.45 1.385611258 1.417429209 
32.5 1.454805983 1.350119905 
32.55 1.520625075 1.282528203 
32.6 1.583060294 1.214871205 
32.65 1.642113364 1.147331014 
32.7 1.697794262 1.080056491 
32.75 1.750119602 1.013165442 
32.8 1.799111141 0.9467471064 
32.85 1.844794419 0.8808648023 
32.9 1.887197525 0.8155586433 
32.95 1.92635001 0.7508482367 
33 1.962281924 0.6867353037 
33.05 1.995022986 0.62320618 
33.1 2.02460188 0.5602341639 
33.15 2.051045652 0.4977816985 
33.2 2.074379228 0.4358023795 
33.25 2.094625014 0.3742427904 
33.3 2.111802591 0.3130441729 
33.35 2.125928487 0.2521439439 
33.4 2.137016026 0.191477075 
33.45 2.145075231 0.1309773518 
33.5 2.150112802 0.07057853211 
33.55 2.152132138 0.01021542225 
33.6 2.151133419 -0.05017510754 
33.65 2.147113731 -0.1106531496 
33.7 2.140067244 -0.1712748075 
33.75 2.129985434 -0.232091248 
33.8 2.116857353 -0.2931477397 
33.85 2.100669952 -0.3544826619 
33.9 2.081408445 -0.4161264689 
33.95 2.059056736 -0.4781006003 
34 2.033597898 -0.540416326 
34.05 2.005014709 -0.6030735233 
34.1 1.973290252 -0.6660593844 
34.15 1.938408586 -0.7293470607 
34.2 1.900355482 -0.7928942548 
34.25 1.859119229 -0.8566417813 
34.3 1.814691514 -0.9205121244 
34.35 1.767068377 -0.9844080318 
34.4 1.716251232 -1.048211195 
34.45 1.662247949 -1.111781077 
34.5 1.605073991 -1.174953964 
34.55 1.544753598 -1.237542317 
34.6 1.481320984 -1.29933453 
34.65 1.414821547 -1.360095185 
34.7 1.345313037 -1.419565901 
34.75 1.272866683 -1.477466892 
34.8 1.197568211 -1.533499305 
34.85 1.119518726 -1.587348411 
34.9 1.038835421 -1.638687683 
34.95 0.9556520476 -1.68718377 
35 0.870119126 -1.732502308 
35.05 0.7824038399 -1.774314469 
35.1 0.6926895879 -1.812304091 
35.15 0.6011751675 -1.846175172 
35.2 0.5080735772 -1.875659461 
35.25 0.4136104419 -1.900523829 
35.3 0.3180220779 -1.92057711 
35.35 0.2215532341 -1.935676061 
35.4 0.1244545611 -1.945730152 
35.45 0.02697987294 -1.9507049 
35.5 -0.07061671841 -1.950623586 
35.55 -0.1680837125 -1.945567215 
35.6 -0.2651750839 -1.935672735 
35.65 -0.3616530136 -1.921129576 
35.7 -0.4572904074 -1.902174706 
35.75 -0.5518731334 -1.879086436 
35.8 -0.6452019217 -1.852177292 
35.85 -0.7370938888 -1.821786284 
35.9 -0.8273836647 -1.788270917 
35.95 -0.9159241178 -1.751999266 
36 -1.002586689 -1.713342411 
36.05 -1.087261362 -1.672667469 
36.1 -1.169856295 -1.630331405 
36.15 -1.250297176 -1.586675748 
36.2 -1.328526327 -1.542022269 
36.25 -1.404501621 -1.496669638 
36.3 -1.478195253 -1.450891032 
36.35 -1.549592423 -1.404932619 
36.4 -1.618689951 -1.359012827 
36.45 -1.685494882 -1.313322306 
36.5 -1.750023107 -1.268024455 
36.55 -1.812298017 -1.22325642 
36.6 -1.872349217 -1.179130431 
36.65 -1.930211324 -1.135735414 
36.7 -1.985922838 -1.093138762 
36.75 -2.039525113 -1.051388208 
36.8 -2.091061423 -1.010513731 
36.85 -2.140576122 -0.9705294481 
36.9 -2.188113892 -0.9314354551 
36.95 -2.233719096 -0.893219579 
37 -2.277435199 -0.8558590325 
37.05 -2.319304282 -0.8193219495 
37.1 -2.359366623 -0.7835687963 
37.15 -2.397660348 -0.7485536562 
37.2 -2.434221143 -0.7142253886 
37.25 -2.469082017 -0.6805286639 
37.3 -2.502273123 -0.6474048826 
37.35 -2.53382161 -0.6147929836 
37.4 -2.563751522 -0.5826301496 
37.45 -2.592083726 -0.5508524184 
37.5 -2.618835869 -0.5193952071 
37.55 -2.644022359 -0.4881937582 
37.6 -2.667654366 -0.4571835155 
37.65 -2.689739843 -0.4263004352 
37.7 -2.710283554 -0.3954812423 
37.75 -2.729287125 -0.3646636355 
37.8 -2.74674909 -0.3337864486 
37.85 -2.762664956 -0.3027897732 
37.9 -2.777027267 -0.2716150476 
37.95 -2.789825674 -0.2402051158 
38 -2.801047006 -0.2085042632 
38.05 -2.81067534 -0.1764582298 
38.1 -2.818692079 -0.1440142068 
38.15 -2.825076022 -0.1111208205 
38.2 -2.829803432 -0.07772810464 
38.25 -2.832848112 -0.04378746744 
38.3 -2.834181467 -0.009251655479 
38.35 -2.833772573 0.02592528161 
38.4 -2.83158824 0.06178802141 
38.45 -2.827593077 0.09837998976 
38.5 -2.821749552 0.1357433678 
38.55 -2.814018056 0.1739190799 
38.6 -2.804356965 0.2129467567 
38.65 -2.792722705 0.2528646668 
38.7 -2.779069827 0.29370961 
38.75 -2.763351078 0.3355167646 
38.8 -2.745517491 0.3783194799 
38.85 -2.72551848 0.422149004 
38.9 -2.703301951 0.4670341374 
38.95 -2.678814439 0.5130008006 
39 -2.652001261 0.5600715051 
39.05 -2.622806701 0.608264714 
39.1 -2.59117423 0.6575940813 
39.15 -2.557046766 0.7080675571 
39.2 -2.520366988 0.7596863469 
39.25 -2.481077696 0.8124437158 
39.3 -2.439122242 0.8663236291 
39.35 -2.39444503 0.9212992257 
39.4 -2.3469921 0.9773311248 
39.45 -2.296711795 1.034365573 
39.5 -2.243555533 1.092332445 
39.55 -2.18747867 1.151143135 
39.6 -2.128441484 1.210688356 
39.65 -2.066410261 1.270835924 
39.7 -2.001358495 1.331428588 
39.75 -1.933268198 1.392281991 
39.8 -1.862131299 1.453182884 
39.85 -1.78795113 1.513887708 
39.9 -1.710743971 1.574121708 
39.95 -1.630540627 1.633578722 
40 -1.547387987 1.691921828 
40.05 -1.461350539 1.748785005 
40.1 -1.372511766 1.803775964 
40.15 -1.280975375 1.856480271 
40.2 -1.186866283 1.906466837 
40.25 -1.090331294 1.953294782 
40.3 -0.9915394038 1.996521616 
40.35 -0.8906816571 2.035712566 
40.4 -0.7879705193 2.070450797 
40.45 -0.6836387158 2.100348159 
40.5 -0.5779375267 2.125056031 
40.55 -0.4711345433 2.144275734 
40.6 -0.3635109213 2.157768003 
40.65 -0.2553581914 2.165360955 
40.7 -0.1469747132 2.166956116 
40.75 -0.03866188375 2.162532093 
40.8 0.06927977735 2.152145683 
40.85 0.1765545313 2.135930296 
40.9 0.2828751791 2.114091805 
40.95 0.3879665509 2.086902041 
41 0.4915686154 2.054690315 
41.05 0.5934391228 2.017833451 
41.1 0.6933557174 1.976744858 
41.15 0.7911174881 1.931863194 
41.2 0.8865459473 1.88364115 
41.25 0.9794854587 1.832534805 
41.3 1.069803151 1.778993929 
41.35 1.157388377 1.723453514 
41.4 1.242151777 1.666326691 
41.45 1.324024028 1.607999117 
41.5 1.402954349 1.548824819 
41.55 1.478908832 1.489123414 
41.6 1.551868669 1.429178583 
41.65 1.621828327 1.369237635 
41.7 1.688793738 1.309511987 
41.75 1.752780517 1.250178381 
41.8 1.813812272 1.191380662 
41.85 1.871919007 1.133231969 
41.9 1.927135646 1.075817186 
41.95 1.979500682 1.019195544 
42 2.029054962 0.9634032716 
42.05 2.075840601 0.9084562157 
42.1 2.119900028 0.8543523775 
42.15 2.161275158 0.8010743147 
42.2 2.200006675 0.7485913846 
42.25 2.236133426 0.69686181 
42.3 2.269691916 0.6458345578 
42.35 2.300715888 0.5954510318 
42.4 2.329235984 0.5456465816 
42.45 2.35527948 0.4963518378 
42.5 2.378870081 0.4474938842 
42.55 2.40002777 0.3989972799 
42.6 2.418768705 0.3507849459 
42.65 2.435105161 0.3027789308 
42.7 2.4490455 0.2549010707 
42.75 2.460594179 0.2070735582 
42.8 2.46975178 0.1592194346 
42.85 2.476515063 0.1112630203 
42.9 2.480877041 0.0631302966 
42.95 2.482827072 0.01474925277 
43 2.482350968 -0.03394978833 
43.05 2.479431119 -0.08303385347 
43.1 2.474046634 -0.1325669976 
43.15 2.466173498 -0.1826099657 
43.2 2.455784747 -0.2332198238 
43.25 2.442850659 -0.2844495485 
43.3 2.427338971 -0.3363475594 
43.35 2.40921512 -0.388957184 
43.4 2.388442514 -0.4423160414 
43.45 2.364982826 -0.4964553324 
43.5 2.338796344 -0.5513990256 
43.55 2.309842348 -0.6071629278 
43.6 2.278079544 -0.6637536318 
43.65 2.243466555 -0.7211673347 
43.7 2.205962467 -0.7793885248 
43.75 2.165527456 -0.8383885396 
43.8 2.122123475 -0.8981240033 
43.85 2.075715038 -0.9585351587 
43.9 2.026270076 -1.019544121 
43.95 1.973760889 -1.081053088 
44 1.91816519 -1.142942556 
44.05 1.859467229 -1.205069603 
44.1 1.79765901 -1.26726632 
44.15 1.732741571 -1.329338489 
44.2 1.664726335 -1.391064597 
44.25 1.593636488 -1.452195337 
44.3 1.51950838 -1.512453706 
44.35 1.442392893 -1.57153584 
44.4 1.362356752 -1.629112726 
44.45 1.279483736 -1.684832898 
44.5 1.193875708 -1.738326215 
44.55 1.105653451 -1.789208779 
44.6 1.014957212 -1.837088977 
44.65 0.9219469248 -1.881574609 
44.7 0.8268020499 -1.922280943 
44.75 0.7297209893 -1.958839494 
44.8 0.6309200492 -1.990907232 
44.85 0.5306319345 -2.018175858 
44.9 0.4291037847 -2.040380733 
44.95 0.3265947752 -2.057309039 
45 0.2233733374 -2.068806721 
45.05 0.1197140655 -2.074783841 
45.1 0.01589440044 -2.075218005 
45.15 -0.08780880695 -2.070155663 
45.2 -0.191122743 -2.059711188 
45.25 -0.2937819764 -2.044063755 
45.3 -0.3955315953 -2.02345221 
45.35 -0.4961300393 -1.998168187 
45.4 -0.5953515498 -1.968547869 
45.45 -0.6929881777 -1.934962785 
45.5 -0.7888513143 -1.897810123 
45.55 -0.8827727302 -1.857502983 
45.6 -0.9746051301 -1.81446096 
45.65 -1.064222251 -1.769101414 
45.7 -1.151518542 -1.721831662 
45.75 -1.236408483 -1.673042285 
45.8 -1.31882559 -1.623101654 
45.85 -1.398721191 -1.572351672 
45.9 -1.476063005 -1.52110474 
45.95 -1.550833608 -1.469641818 
46 -1.623028822 -1.418211502 
46.05 -1.692656091 -1.367029962 
46.1 -1.759732861 -1.316281592 
46.15 -1.824285018 -1.266120238 
46.2 -1.886345397 -1.216670867 
46.25 -1.945952382 -1.168031529 
46.3 -2.003148615 -1.120275538 
46.35 -2.057979811 -1.073453744 
46.4 -2.110493698 -1.027596841 
46.45 -2.160739059 -0.9827176402 
46.5 -2.2087649 -0.9388132624 
46.55 -2.254619718 -0.8958672202 
46.6 -2.298350868 -0.8538513605 
46.65 -2.340004028 -0.8127276578 
46.7 -2.37962275 -0.7724498482 
46.75 -2.417248085 -0.7329649051 
46.8 -2.45291828 -0.6942143574 
46.85 -2.486668537 -0.656135458 
46.9 -2.518530826 -0.6186622101 
46.95 -2.54853375 -0.5817262606 
47 -2.576702443 -0.5452576715 
47.05 -2.603058511 -0.5091855798 
47.1 -2.627620001 -0.4734387564 
47.15 -2.650401396 -0.4379460743 
47.2 -2.671413631 -0.402636896 
47.25 -2.690664122 -0.3674413897 
47.3 -2.708156821 -0.332290782 
47.35 -2.723892267 -0.2971175561 
47.4 -2.73786766 -0.2618556028 
47.45 -2.750076927 -0.2264403305 
47.5 -2.760510809 -0.1908087415 
47.55 -2.769156933 -0.1548994803 
47.6 -2.775999903 -0.1186528592 
47.65 -2.781021379 -0.08201086697 
47.7 -2.784200163 -0.04491716658 
47.75 -2.785512282 -0.00731708585 
47.8 -2.78493107 0.03084239236 
47.85 -2.782427253 0.06961263555 
47.9 -2.777969027 0.1090433566 
47.95 -2.771522147 0.1491825925 
48 -2.763050008 0.1900766598 
48.05 -2.752513731 0.2317700799 
48.1 -2.739872259 0.2743054671 
48.15 -2.725082455 0.3177233698 
48.2 -2.708099205 0.3620620566 
48.25 -2.688875545 0.4073572373 
48.3 -2.667362793 0.4536417079 
48.35 -2.643510705 0.5009449087 
48.4 -2.617267656 0.5492923835 
48.45 -2.588580848 0.5987051274 
48.5 -2.557396556 0.6491988118 
48.55 -2.523660419 0.7007828735 
48.6 -2.487317769 0.7534594581 
48.65 -2.448314028 0.8072222074 
48.7 -2.406595169 0.8620548848 
48.75 -2.362108238 0.9179298361 
48.8 -2.314801974 0.9748062865 
48.85 -2.264627502 1.032628485 
48.9 -2.211539136 1.091323715 
48.95 -2.155495275 1.150800193 
49 -2.096459411 1.210944914 
49.05 -2.034401244 1.271621479 
49.1 -1.969297906 1.332668 
49.15 -1.901135284 1.393895164 
49.2 -1.829909438 1.455084574 
49.25 -1.755628093 1.5159875 
49.3 -1.678312178 1.576324186 
49.35 -1.597997387 1.635783872 
49.4 -1.514735718 1.694025703 
49.45 -1.428596944 1.750680681 
49.5 -1.339669953 1.8053548 
49.55 -1.248063909 1.857633475 
49.6 -1.153909148 1.907087327 
49.65 -1.057357761 1.953279317 
49.7 -0.9585837803 1.995773128 
49.75 -0.857782919 2.034142627 
49.8 -0.7551718169 2.067982121 
49.85 -0.6509867543 2.096917027 
49.9 -0.5454818297 2.120614508 
49.95 -0.4389266121 2.138793568 
50 -0.3316033087 2.151234065 
50.05 -0.2238035155 2.157784149 
50.1 -0.1158246415 2.158365659 
50.15 -0.007966117751 2.152977158 
50.2 0.09947448228 2.141694386 
50.25 0.2062052806 2.124668094 
50.3 0.3119437589 2.102119365 
50.35 0.4164201302 2.074332712 
50.4 0.5193803133 2.041647321 
50.45 0.6205884297 2.004446951 
50.5 0.7198287686 1.963149007 
50.55 0.816907191 1.91819334 
50.6 0.9116519738 1.870031255 
50.65 1.003914115 1.819115182 
50.7 1.093567144 1.765889351 
50.75 1.180506494 1.710781704 
50.8 1.264648499 1.654197217 
50.85 1.345929103 1.596512654 
50.9 1.424302329 1.53807276 
50.95 1.499738607 1.479187781 
51 1.572222994 1.420132187 
51.05 1.641753376 1.361144439 
51.1 1.708338663 1.302427623 
51.15 1.771997055 1.244150775 
51.2 1.83275437 1.186450727 
51.25 1.890642492 1.129434333 
51.3 1.945697929 1.073180924 
51.35 1.997960496 1.0177449 
51.4 2.047472142 0.9631583474 
51.45 2.09427589 0.9094336152 
51.5 2.138414922 0.8565658023 
51.55 2.179931769 0.8045351042 
51.6 2.218867631 0.753309 
51.65 2.255261787 0.7028442614 
51.7 2.28915111 0.6530887771 
51.75 2.320569666 0.6039831924 
51.8 2.349548391 0.5554623698 
51.85 2.376114837 0.5074566773 
51.9 2.400292974 0.4598931179 
51.95 2.422103053 0.4126963118 
52 2.441561505 0.365789345 
52.05 2.458680888 0.3190945003 
52.1 2.473469862 0.2725338825 
52.15 2.485933194 0.2260299541 
52.2 2.496071787 0.1795059946 
52.25 2.503882738 0.1328864968 
52.3 2.5093594 0.08609751276 
52.35 2.512491471 0.03906696387 
52.4 2.513265099 -0.008275075134 
52.45 2.511662989 -0.05599610379 
52.5 2.507664537 -0.1041609242 
52.55 2.50124597 -0.1528313579 
52.6 2.492380502 -0.2020659384 
52.65 2.481038507 -0.2519195692 
52.7 2.467187707 -0.3024431319 
52.75 2.450793389 -0.3536830356 
52.8 2.431818637 -0.4056806918 
52.85 2.410224595 -0.4584719054 
52.9 2.385970769 -0.5120861673 
52.95 2.359015354 -0.566545839 
53 2.329315619 -0.6218652184 
53.05 2.296828333 -0.6780494784 
53.1 2.261510248 -0.7350934719 
53.15 2.223318647 -0.7929804024 
53.2 2.182211965 -0.85168036 
53.25 2.138150477 -0.9111487343 
53.3 2.091097077 -0.971324517 
53.35 2.041018144 -1.032128523 
53.4 1.987884491 -1.093461561 
53.45 1.931672414 -1.155202615 
53.5 1.872364828 -1.217207082 
53.55 1.80995249 -1.279305162 
53.6 1.744435292 -1.34130049 
53.65 1.675823622 -1.402969118 
53.7 1.604139767 -1.464058978 
53.75 1.529419316 -1.524289952 
53.8 1.45171256 -1.583354693 
53.85 1.371085819 -1.640920338 
53.9 1.287622661 -1.69663122 
53.95 1.201424963 -1.750112682 
54 1.112613753 -1.800976052 
54.05 1.021329764 -1.848824772 
54.1 0.9277336712 -1.893261628 
54.15 0.8320059243 -1.933896929 
54.2 0.7343461599 -1.970357434 
54.25 0.6349721498 -2.002295702 
54.3 0.5341182748 -2.029399525 
54.35 0.4320335307 -2.051401006 
54.4 0.3289790947 -2.068084841 
54.45 0.2252255035 -2.079295366 
54.5 0.121049514 -2.084941978 
54.55 0.01673073956 -2.085002584 
54.6 -0.0874518362 -2.079524889 
54.65 -0.1912233524 -2.068625408 
54.7 -0.2943164588 -2.052486247 
54.75 -0.3964744891 -2.031349837 
54.8 -0.4974543225 -2.0055119 
54.85 -0.5970288543 -1.975313026 
54.9 -0.6949890162 -1.941129309 
54.95 -0.7911453098 -1.903362489 
55 -0.8853288413 -1.862430051 
55.05 -0.9773918651 -1.818755683 
55.1 -1.067207863 -1.772760441 
55.15 -1.154671204 -1.724854869 
55.2 -1.239696435 -1.675432261 
55.25 -1.322217264 -1.624863156 
55.3 -1.402185304 -1.573491101 
55.35 -1.479568628 -1.521629617 
55.4 -1.554350209 -1.469560312 
55.45 -1.626526292 -1.417531997 
55.5 -1.696104737 -1.365760675 
55.55 -1.763103394 -1.31443025 
55.6 -1.82754852 -1.263693811 
55.65 -1.889473275 -1.213675346 
55.7 -1.948916318 -1.164471769 
55.75 -2.005920503 -1.116155132 
55.8 -2.060531693 -1.068774944 
55.85 -2.112797691 -1.022360513 
55.9 -2.162767292 -0.9769232455 
55.95 -2.210489439 -0.9324588663 
56 -2.256012497 -0.8889495173 
56.05 -2.299383622 -0.8463657157 
56.1 -2.340648229 -0.8046681573 
56.15 -2.379849542 -0.7638093588 
56.2 -2.417028225 -0.7237351371 
56.25 -2.452222082 -0.6843859308 
56.3 -2.485465822 -0.6456979686 
56.35 -2.516790869 -0.6076042939 
56.4 -2.546225233 -0.5700356564 
56.45 -2.573793414 -0.5329212796 
56.5 -2.599516344 -0.4961895171 
56.55 -2.623411356 -0.4597684066 
56.6 -2.645492184 -0.4235861339 
56.65 -2.665768982 -0.3875714152 
56.7 -2.684248352 -0.3516538093 
56.75 -2.700933404 -0.3157639658 
56.8 -2.715823807 -0.2798338201 
56.85 -2.72891586 -0.2437967413 
56.9 -2.740202571 -0.2075876407 
56.95 -2.749673731 -0.1711430471 
57 -2.757315998 -0.1344011558 
57.05 -2.763112984 -0.09730185666 
57.1 -2.767045335 -0.05978674748 
57.15 -2.769090824 -0.02179913771 
57.2 -2.769224427 0.01671595097 
57.25 -2.767418419 0.0558117821 
57.3 -2.763642451 0.09553989372 
57.35 -2.757863643 0.1359500731 
57.4 -2.750046668 0.1770903101 
57.45 -2.740153846 0.219006723 
57.5 -2.728145241 0.2617434468 
57.55 -2.71397876 0.3053424783 
57.6 -2.697610264 0.349843467 
57.65 -2.678993698 0.3952834423 
57.7 -2.658081222 0.4416964669 
57.75 -2.634823374 0.4891132053 
57.8 -2.609169247 0.5375603948 
57.85 -2.581066707 0.5870602072 
57.9 -2.550462632 0.6376294901 
57.95 -2.517303203 0.6892788739 
58 -2.481534237 0.7420117351 
58.05 -2.443101577 0.7958230062 
58.1 -2.40195155 0.8506978245 
58.15 -2.358031485 0.906610018 
58.2 -2.311290327 0.9635204289 
58.25 -2.261679325 1.021375084 
58.3 -2.209152819 1.080103231 
58.35 -2.153669134 1.139615264 
58.4 -2.095191574 1.199800583 
58.45 -2.033689522 1.260525445 
58.5 -1.969139656 1.321630875 
58.55 -1.901527256 1.38293073 
58.6 -1.830847612 1.444210028 
58.65 -1.757107499 1.505223674 
58.7 -1.680326712 1.565695724 
58.75 -1.600539616 1.625319347 
58.8 -1.517796682 1.683757652 
58.85 -1.432165956 1.74064554 
58.9 -1.343734411 1.795592716 
58.95 -1.252609112 1.848187985 
59 -1.158918141 1.898004883 
59.05 -1.0628112 1.944608655 
59.1 -0.9644598367 1.987564489 
59.15 -0.8640572261 2.026446836 
59.2 -0.7618174645 2.060849546 
59.25 -0.6579743393 2.090396461 
59.3 -0.552779563 2.114752015 
59.35 -0.446500484 2.13363134 
59.4 -0.3394173102 2.146809356 
59.45 -0.2318199104 2.154128336 
59.5 -0.1240042815 2.155503487 
59.55 -0.01626879031 2.150926212 
59.6 0.09108968582 2.140464811 
59.65 0.1977795894 2.124262589 
59.7 0.3035183539 2.102533449 
59.75 0.4080357943 2.075555225 
59.8 0.511077113 2.043661151 
59.85 0.6124054381 2.007229924 
59.9 0.7118038355 1.966674898 
59.95 0.8090767673 1.922432945 
60 0.9040509891 1.874953478 
60.05 0.9965759102 1.824688089 
60.1 1.086523455 1.772081147 
60.15 1.17378748 1.71756161 
60.2 1.258282817 1.661536219 
60.25 1.339944011 1.604384123 
60.3 1.418723819 1.546452932 
60.35 1.494591559 1.488056106 
60.4 1.567531346 1.429471554 
60.45 1.637540294 1.370941291 
60.5 1.704626729 1.31267198 
60.55 1.768808437 1.254836171 
60.6 1.830111001 1.197574095 
60.65 1.888566236 1.140995833 
60.7 1.944210733 1.085183742 
60.75 1.997084543 1.030195021 
60.8 2.047229977 0.9760643183 
60.85 2.09469055 0.9228063029 
60.9 2.139510041 0.8704181535 
60.95 2.181731677 0.8188819133 
61 2.221397442 0.7681666869 
61.05 2.258547473 0.7182306629 
61.1 2.293219569 0.669022953 
61.15 2.325448776 0.6204852462 
61.2 2.355267061 0.5725532841 
61.25 2.382703043 0.5251581642 
61.3 2.407781796 0.478227481 
61.35 2.430524698 0.4316863204 
61.4 2.45094933 0.3854581173 
61.45 2.469069413 0.3394653933 
61.5 2.484894778 0.2936303868 
61.55 2.498431368 0.2478755902 
61.6 2.509681266 0.2021242076 
61.65 2.518642733 0.1563005464 
61.7 2.525310281 0.1103303545 
61.75 2.529674748 0.06414111752 
61.8 2.531723392 0.01766232567 
61.85 2.53144 -0.02917427608 
61.9 2.528805007 -0.07643444398 
61.95 2.523795622 -0.1241811856 
62 2.516385979 -0.1724744927 
62.05 2.50654729 -0.221371045 
62.1 2.49424802 -0.270923873 
62.15 2.47945408 -0.3211819681 
62.2 2.462129035 -0.3721898273 
62.25 2.442234345 -0.4239869207 
62.3 2.419729633 -0.4766070695 
62.35 2.394572975 -0.5300777224 
62.4 2.36672125 -0.5844191193 
62.45 2.336130512 -0.6396433329 
62.5 2.302756433 -0.6957531793 
62.55 2.266554787 -0.7527409925 
62.6 2.227482012 -0.810587261 
62.65 2.185495836 -0.8692591302 
62.7 2.140555984 -0.9287087785 
62.75 2.092624966 -0.9888716868 
62.8 2.041668958 -1.049664827 
62.85 1.987658775 -1.110984808 
62.9 1.930570931 -1.172706034 
62.95 1.870388801 -1.234678937 
63 1.807103855 -1.296728375 
63.05 1.740716978 -1.358652279 
63.1 1.671239846 -1.420220687 
63.15 1.598696335 -1.481175274 
63.2 1.523123949 -1.541229515 
63.25 1.444575212 -1.600069639 
63.3 1.363118996 -1.657356496 
63.35 1.278841732 -1.71272845 
63.4 1.191848448 -1.76580541 
63.45 1.102263576 -1.816194031 
63.5 1.010231468 -1.863494083 
63.55 0.9159165707 -1.90730591 
63.6 0.819503196 -1.947238835 
63.65 0.7211948527 -1.982920261 
63.7 0.6212131095 -2.01400516 
63.75 0.5197959788 -2.040185572 
63.8 0.4171958292 -2.061199673 
63.85 0.3136768629 -2.076839965 
63.9 0.2095122095 -2.086960142 
63.95 0.1049807158 -2.091480249 
64 0.000363523613 -2.0903898 
64.05 -0.104059454 -2.08374869 
64.1 -0.2080130458 -2.071685783 
64.15 -0.3112302079 -2.054395294 
64.2 -0.413455174 -2.032131111 
64.25 -0.5144462762 -2.005199419 
64.3 -0.6139783567 -1.973949979 
64.35 -0.7118447174 -1.938766551 
64.4 -0.807858574 -1.900056887 
64.45 -0.9018540055 -1.858242784 
64.5 -0.9936864117 -1.813750547 
64.55 -1.08323251 -1.767002243 
64.6 -1.170389915 -1.718407944 
64.65 -1.255076362 -1.668359169 
64.7 -1.337228631 -1.617223574 
64.75 -1.416801231 -1.565340913 
64.8 -1.493764928 -1.513020221 
64.85 -1.568105147 -1.460538118 
64.9 -1.639820321 -1.408138109 
64.95 -1.708920234 -1.356030733 
65 -1.775424378 -1.304394408 
65.05 -1.839360383 -1.253376832 
65.1 -1.900762514 -1.203096791 
65.15 -1.959670282 -1.153646244 
65.2 -2.016127149 -1.105092599 
65.25 -2.070179365 -1.057481054 
65.3 -2.121874914 -1.010836961 
65.35 -2.171262578 -0.9651681333 
65.4 -2.218391123 -0.9204670607 
65.45 -2.263308579 -0.8767129959 
65.5 -2.306061633 -0.8338738991 
65.55 -2.346695111 -0.7919082202 
65.6 -2.385251542 -0.750766519 
65.65 -2.421770808 -0.7103929207 
65.7 -2.456289849 -0.670726413 
65.75 -2.488842443 -0.6317019899 
65.8 -2.519459029 -0.5932516536 
65.85 -2.548166582 -0.5553052825 
65.9 -2.57498853 -0.5177913783 
65.95 -2.599944698 -0.4806377016 
66 -2.623051285 -0.4437718082 
66.05 -2.644320874 -0.4071214962 
66.1 -2.663762443 -0.3706151736 
66.15 -2.681381414 -0.3341821565 
66.2 -2.697179697 -0.2977529065 
66.25 -2.711155759 -0.2612592157 
66.3 -2.723304689 -0.2246343466 
66.35 -2.73361828 -0.1878131345 
66.4 -2.742085105 -0.1507320593 
66.45 -2.748690604 -0.1133292919 
66.5 -2.753417168 -0.0755447234 
66.55 -2.756244225 -0.03731998129 
66.6 -2.757148328 0.00140156099 
66.65 -2.756103243 0.04067477438 
66.7 -2.753080038 0.08055275919 
66.75 -2.748047167 0.1210868179 
66.8 -2.740970567 0.1623264091 
66.85 -2.731813748 0.2043190753 
66.9 -2.720537894 0.2471103371 
66.95 -2.707101962 0.2907435448 
67 -2.6914628 0.3352596794 
67.05 -2.673575269 0.3806970922 
67.1 -2.653392383 0.427091173 
67.15 -2.630865464 0.474473936 
67.2 -2.605944325 0.5228735118 
67.25 -2.578577476 0.5723135328 
67.3 -2.548712368 0.6228124004 
67.35 -2.516295671 0.6743824219 
67.4 -2.481273607 0.7270288062 
67.45 -2.443592326 0.7807485081 
67.5 -2.403198356 0.8355289143 
67.55 -2.360039109 0.8913463673 
67.6 -2.314063481 0.9481645271 
67.65 -2.265222519 1.00593258 
67.7 -2.2134702 1.064583307 
67.75 -2.158764296 1.124031043 
67.8 -2.101067349 1.184169555 
67.85 -2.040347756 1.244869905 
67.9 -1.976580951 1.30597836 
67.95 -1.909750704 1.367314431 
68 -1.839850498 1.428669161 
68.05 -1.766884992 1.48980378 
68.1 -1.690871544 1.550448865 
68.15 -1.611841752 1.610304175 
68.2 -1.529842989 1.669039307 
68.25 -1.444939887 1.726295344 
68.3 -1.357215703 1.781687639 
68.35 -1.266773522 1.834809852 
68.4 -1.173737226 1.885239314 
68.45 -1.078252157 1.932543725 
68.5 -0.9804854165 1.976289134 
68.55 -0.880625734 2.016049034 
68.6 -0.7788828554 2.051414324 
68.65 -0.6754864163 2.082003799 
68.7 -0.5706842827 2.10747474 
68.75 -0.464740366 2.127533105 
68.8 -0.3579319441 2.141942812 
68.85 -0.2505465485 2.150533592 
68.9 -0.1428784993 2.153206954 
68.95 -0.03522519531 2.149939899 
69 0.0721167229 2.140786114 
69.05 0.1788552049 2.125874591 
69.1 0.2847064891 2.105405701 
69.15 0.3893985441 2.079644976 
69.2 0.4926741464 2.048914941 
69.25 0.594293506 2.01358545 
69.3 0.694036378 1.974063061 
69.35 0.7917036255 1.930779961 
69.4 0.8871182242 1.884182973 
69.45 0.980125725 1.834723078 
69.5 1.07059421 1.78284584 
69.55 1.158413798 1.728982993 
69.6 1.243495755 1.673545376 
69.65 1.325771296 1.616917291 
69.7 1.405190131 1.559452288 
69.75 1.48171884 1.501470298 
69.8 1.555339138 1.443256006 
69.85 1.626046082 1.385058307 
69.9 1.693846282 1.327090674 
69.95 1.758756151 1.269532267 
70 1.820800218 1.212529613 
70.05 1.880009551 1.156198703 
70.1 1.936420282 1.100627363 
70.15 1.99007226 1.045877794 
70.2 2.041007839 0.99198916 
70.25 2.089270784 0.9389801673 
70.3 2.134905316 0.8868515645 
70.35 2.177955276 0.8355885187 
70.4 2.218463398 0.7851628399 
70.45 2.256470703 0.7355350341 
70.5 2.292015976 0.6866561746 
70.55 2.32513534 0.6384695897 
70.6 2.355861911 0.5909123697 
70.65 2.384225522 0.5439167005 
70.7 2.410252505 0.4974110345 
70.75 2.433965536 0.4513211099 
70.8 2.45538352 0.4055708315 
70.85 2.474521523 0.3600830286 
70.9 2.491390732 0.3147801009 
70.95 2.50599845 0.2695845689 
71 2.518348117 0.2244195404 
71.05 2.528439346 0.1792091069 
71.1 2.536267985 0.1338786825 
71.15 2.54182619 0.08835529693 
71.2 2.54510251 0.04256785486 
71.25 2.54608199 -0.003552626929 
71.3 2.544746283 -0.05007279352 
71.35 2.541073769 -0.09705672561 
71.4 2.535039692 -0.1445657019 
71.45 2.526616306 -0.1926579389 
71.5 2.515773031 -0.241388296 
71.55 2.502476637 -0.2908079359 
71.6 2.48669143 -0.3409639256 
71.65 2.468379471 -0.3918987695 
71.7 2.447500817 -0.4436498586 
71.75 2.424013791 -0.4962488269 
71.8 2.397875288 -0.5497208018 
71.85 2.369041118 -0.6040835374 
71.9 2.337466401 -0.6593464214 
71.95 2.303106011 -0.715509349 
72 2.26591508 -0.7725614572 
72.05 2.225849568 -0.8304797196 
72.1 2.18286691 -0.8892274073 
72.15 2.13692674 -0.9487524246 
72.2 2.087991705 -1.008985541 
72.25 2.036028363 -1.069838552 
72.3 1.981008179 -1.131202398 
72.35 1.922908618 -1.192945324 
72.4 1.861714321 -1.254911111 
72.45 1.797418372 -1.316917514 
72.5 1.730023634 -1.378754962 
72.55 1.659544146 -1.440185684 
72.6 1.586006544 -1.500943354 
72.65 1.509451494 -1.560733426 
72.7 1.429935081 -1.619234282 
72.75 1.347530124 -1.676099331 
72.8 1.26232736 -1.730960181 
72.85 1.174436438 -1.783430962 
72.9 1.083986673 -1.833113836 
72.95 0.9911274889 -1.879605682 
73 0.8960285051 -1.922505844 
73.05 0.7988792047 -1.96142479 
73.1 0.6998881549 -1.995993402 
73.15 0.5992817489 -2.025872583 
73.2 0.497302465 -2.050762761 
73.25 0.3942066586 -2.070412858 
73.3 0.2902619241 -2.084628261 
73.35 0.18574409 -2.093277364 
73.4 0.0809339265 -2.096296286 
73.45 -0.02388633292 -2.093691492 
73.5 -0.1284365462 -2.085540137 
73.55 -0.2324421766 -2.071988084 
73.6 -0.335637651 -2.053245722 
73.65 -0.4377694561 -2.029581792 
73.7 -0.53859888 -2.001315568 
73.75 -0.6379043278 -1.968807817 
73.8 -0.7354831592 -1.932450994 
73.85 -0.8311530234 -1.892659139 
73.9 -0.9247526864 -1.849857917 
73.95 -1.016142369 -1.804475198 
74 -1.105203633 -1.756932473 
74.05 -1.191838858 -1.707637347 
74.1 -1.275970376 -1.656977251 
74.15 -1.357539322 -1.60531443 
74.2 -1.436504264 -1.55298221 
74.25 -1.512839678 -1.500282462 
74.3 -1.58653433 -1.447484181 
74.35 -1.657589603 -1.394823017 
74.4 -1.726017834 -1.342501631 
74.45 -1.791840679 -1.290690714 
74.5 -1.855087547 -1.239530516 
74.55 -1.915794121 -1.189132757 
74.6 -1.974000985 -1.139582795 
74.65 -2.029752358 -1.090941933 
74.7 -2.083094954 -1.043249802 
74.75 -2.134076955 -0.9965267207 
74.8 -2.182747106 -0.9507760034 
74.85 -2.229153919 -0.9059861534 
74.9 -2.273344988 -0.8621329281 
74.95 -2.315366398 -0.8191812493 
75 -2.355262234 -0.7770869529 
75.05 -2.393074164 -0.735798372 
75.1 -2.428841103 -0.6952577561 
75.15 -2.462598943 -0.6554025313 
75.2 -2.49438034 -0.6161664096 
75.25 -2.524214557 -0.5774803571 
75.3 -2.552127344 -0.5392734307 
75.35 -2.578140869 -0.5014734962 
75.4 -2.602273668 -0.4640078374 
75.45 -2.624540635 -0.4268036684 
75.5 -2.644953028 -0.3897885583 
75.55 -2.663518497 -0.3528907807 
75.6 -2.680241127 -0.3160395942 
75.65 -2.695121493 -0.2791654659 
75.7 -2.708156727 -0.242200244 
75.75 -2.719340587 -0.2050772878 
75.8 -2.728663542 -0.1677315635 
75.85 -2.736112846 -0.1300997101 
75.9 -2.74167263 -0.09212008391 
75.95 -2.745323986 -0.05373278816 
76 -2.747045056 -0.01487969175 
76.05 -2.746811116 0.02449555435 
76.1 -2.744594674 0.06444749815 
76.15 -2.740365553 0.1050288582 
76.2 -2.734090987 0.1462904787 
76.25 -2.725735716 0.1882812616 
76.3 -2.715262085 0.2310480673 
76.35 -2.702630146 0.2746355757 
76.4 -2.687797778 0.3190860996 
76.45 -2.670720802 0.3644393395 
76.5 -2.651353127 0.4107320706 
76.55 -2.629646898 0.4579977508 
76.6 -2.605552677 0.5062660373 
76.65 -2.579019647 0.5555622016 
76.7 -2.549995842 0.6059064289 
76.75 -2.518428426 0.6573129913 
76.8 -2.48426401 0.7097892826 
76.85 -2.447449018 0.7633347052 
76.9 -2.407930121 0.8179394004 
76.95 -2.365654733 0.8735828188 
77 -2.320571579 0.9302321283 
77.05 -2.272631357 0.9878404674 
77.1 -2.22178748 1.046345056 
77.15 -2.167996926 1.105665185 
77.2 -2.111221178 1.165700126 
77.25 -2.051427287 1.226327002 
77.3 -1.988589026 1.287398687 
77.35 -1.922688155 1.348741819 
77.4 -1.853715782 1.41015503 
77.45 -1.781673802 1.471407508 
77.5 -1.7065764 1.532238027 
77.55 -1.62845159 1.592354611 
77.6 -1.547342747 1.651434977 
77.65 -1.463310107 1.709127928 
77.7 -1.376432157 1.76505584 
77.75 -1.286806884 1.818818371 
77.8 -1.194552801 1.869997483 
77.85 -1.099809688 1.918163796 
77.9 -1.002738986 1.962884227 
77.95 -0.9035237751 2.003730807 
78 -0.8023682865 2.040290413 
78.05 -0.6994969078 2.072175131 
78.1 -0.5951526603 2.099032822 
78.15 -0.4895951484 2.120557417 
78.2 -0.3830980068 2.136498446 
78.25 -0.2759458979 2.146669258 
78.3 -0.1684311361 2.150953472 
78.35 -0.06085003925 2.149309271 
78.4 0.04650087663 2.141771233 
78.45 0.1533287311 2.128449607 
78.5 0.2593480125 2.109527021 
78.55 0.3642840847 2.085252842 
78.6 0.4678763569 2.055935485 
78.65 0.5698810223 2.021933122 
78.7 0.6700732993 1.983643286 
78.75 0.7682491309 1.941491899 
78.8 0.8642263285 1.895922254 
78.85 0.9578451687 1.847384401 
78.9 1.048968476 1.796325347 
78.95 1.137481237 1.743180345 
79 1.223289814 1.6883655 
79.05 1.306320816 1.632271776 
79.1 1.386519714 1.575260421 
79.15 1.463849254 1.517659777 
79.2 1.538287751 1.459763348 
79.25 1.609827312 1.401828983 
79.3 1.678472043 1.344079029 
79.35 1.744236292 1.286701252 
79.4 1.807142948 1.229850378 
79.45 1.867221835 1.173650091 
79.5 1.924508211 1.11819533 
79.55 1.979041395 1.063554791 
79.6 2.030863516 1.009773497 
79.65 2.080018394 0.9568753829 
79.7 2.126550551 0.9048658122 
79.75 2.170504342 0.85373398 
79.8 2.211923205 0.8034551756 
79.85 2.250849025 0.7539928755 
79.9 2.287321585 0.7053006583 
79.95 2.321378124 0.6573239365 
80 2.353052966 0.6100015067 
80.05 2.382377228 0.5632669249 
80.1 2.409378589 0.5170497158 
80.15 2.434081115 0.471276428 
80.2 2.456505139 0.4258715476 
80.25 2.476667175 0.3807582833 
80.3 2.494579876 0.335859238 
80.35 2.510252015 0.2910969788 
80.4 2.5236885 0.2463945201 
80.45 2.534890407 0.2016757318 
80.5 2.543855028 0.1568656857 
80.55 2.550575947 0.111890952 
80.6 2.555043114 0.06667985713 
80.65 2.557242942 0.02116271442 
80.7 2.557158415 -0.02472796088 
80.75 2.554769197 -0.07105724213 
80.8 2.550051764 -0.1178875758 
80.85 2.542979537 -0.1652785494 
80.9 2.533523031 -0.2132866312 
80.95 2.521650022 -0.2619648716 
81 2.50732572 -0.3113625524 
81.05 2.490512974 -0.3615247749 
81.1 2.471172485 -0.4124919719 
81.15 2.449263057 -0.4642993343 
81.2 2.424741874 -0.516976138 
81.25 2.397564814 -0.5705449607 
81.3 2.367686804 -0.6250207782 
81.35 2.335062225 -0.6804099306 
81.4 2.29964537 -0.7367089509 
81.45 2.261390969 -0.7939032537 
81.5 2.220254775 -0.8519656829 
81.55 2.176194233 -0.9108549262 
81.6 2.12916923 -0.9705138082 
81.65 2.079142929 -1.030867485 
81.7 2.0260827 -1.091821577 
81.75 1.969961146 -1.153260275 
81.8 1.910757218 -1.215044499 
81.85 1.848457424 -1.277010161 
81.9 1.783057124 -1.33896665 
81.95 1.714561884 -1.400695627 
82 1.642988893 -1.461950266 
82.05 1.568368398 -1.522455076 
82.1 1.490745131 -1.581906441 
82.15 1.410179692 -1.639974023 
82.2 1.326749839 -1.696303163 
82.25 1.240551632 -1.750518382 
82.3 1.151700368 -1.80222806 
82.35 1.060331257 -1.851030318 
82.4 0.9665997763 -1.896520048 
82.45 0.87068164 -1.938296995 
82.5 0.772772344 -1.975974672 
82.55 0.673086247 -2.009189839 
82.6 0.5718551681 -2.037612174 
82.65 0.4693265004 -2.060953736 
82.7 0.3657608631 -2.078977742 
82.75 0.2614293371 -2.091506219 
82.8 0.1566103517 -2.098426087 
82.85 0.05158631159 -2.099693325 
82.9 -0.05335993396 -2.095334949 
82.95 -0.1579486634 -2.085448674 
83 -0.2619067804 -2.070200257 
83.05 -0.3649711219 -2.049818671 
83.1 -0.4668914739 -2.024589363 
83.15 -0.5674332065 -1.994845983 
83.2 -0.6663794628 -1.960961012 
83.25 -0.7635328567 -1.923335759 
83.3 -0.8587166619 -1.882390199 
83.35 -0.9517754933 -1.838553079 
83.4 -1.042575506 -1.792252669 
83.45 -1.13100415 -1.74390843 
83.5 -1.216969536 -1.693923827 
83.55 -1.300399474 -1.642680394 
83.6 -1.381240238 -1.590533083 
83.65 -1.459455142 -1.537806893 
83.7 -1.535022973 -1.484794675 
83.75 -1.607936339 -1.431756011 
83.8 -1.678199992 -1.378917018 
83.85 -1.745829157 -1.326470929 
83.9 -1.810847915 -1.274579293 
83.95 -1.87328765 -1.223373644 
84 -1.933185598 -1.172957521 
84.05 -1.990583499 -1.123408697 
84.1 -2.045526366 -1.074781537 
84.15 -2.098061375 -1.027109389 
84.2 -2.148236875 -0.9804069501 
84.25 -2.19610151 -0.9346725498 
84.3 -2.241703459 -0.8898903197 
84.35 -2.285089779 -0.8460322203 
84.4 -2.326305843 -0.8030599107 
84.45 -2.365394871 -0.7609264538 
84.5 -2.402397541 -0.7195778538 
84.55 -2.437351674 -0.6789544303 
84.6 -2.470291977 -0.6389920351 
84.65 -2.501249853 -0.5996231193 
84.7 -2.530253256 -0.5607776618 
84.75 -2.557326583 -0.5223839704 
84.8 -2.582490618 -0.4843693654 
84.85 -2.605762491 -0.4466607591 
84.9 -2.627155675 -0.40918514 
84.95 -2.646679998 -0.3718699738 
85 -2.664341679 -0.3346435306 
85.05 -2.680143373 -0.2974351477 
85.1 -2.694084232 -0.2601754366 
85.15 -2.706159971 -0.2227964427 
85.2 -2.716362946 -0.1852317651 
85.25 -2.724682234 -0.147416644 
85.3 -2.731103713 -0.1092880221 
85.35 -2.735610154 -0.07078458678 
85.4 -2.738181305 -0.03184679992 
85.45 -2.738793982 0.00758307906 
85.5 -2.737422158 0.04756096996 
85.55 -2.734037059 0.08814094213 
85.6 -2.728607252 0.1293751713 
85.65 -2.721098743 0.1713138758 
85.7 -2.711475078 0.2140052249 
85.75 -2.699697447 0.2574952104 
85.8 -2.685724797 0.3018274733 
85.85 -2.669513956 0.3470430759 
85.9 -2.651019763 0.3931802092 
85.95 -2.630195228 0.4402738245 
86 -2.606991696 0.4883551791 
86.05 -2.581359051 0.5374512823 
86.1 -2.55324594 0.5875842315 
86.15 -2.522600037 0.6387704246 
86.2 -2.489368349 0.6910196393 
86.25 -2.453497575 0.7443339664 
86.3 -2.414934515 0.7987065903 
86.35 -2.373626549 0.8541204106 
86.4 -2.329522187 0.9105465022 
86.45 -2.282571706 0.9679424186 
86.5 -2.232727861 1.026250349 
86.55 -2.179946708 1.085395149 
86.6 -2.12418852 1.145282277 
86.65 -2.065418808 1.205795678 
86.7 -2.003609449 1.266795681 
86.75 -1.938739921 1.32811698 
86.8 -1.87079863 1.389566796 
86.85 -1.799784329 1.450923345 
86.9 -1.7257076 1.511934723 
86.95 -1.648592382 1.572318385 
87 -1.568477506 1.631761343 
87.05 -1.485418202 1.689921281 
87.1 -1.399487526 1.746428701 
87.15 -1.310777648 1.800890274 
87.2 -1.219400946 1.852893461 
87.25 -1.125490835 1.902012464 
87.3 -1.029202263 1.947815493 
87.35 -0.9307118142 1.989873226 
87.4 -0.8302173621 2.027768282 
87.45 -0.7279372241 2.061105403 
87.5 -0.6241087964 2.089521973 
87.55 -0.5189866599 2.112698413 
87.6 -0.4128401742 2.13036795 
87.65 -0.3059506071 2.14232524 
87.7 -0.198607866 2.148433365 
87.75 -0.09110692731 2.148628762 
87.8 0.01625592614 2.142923798 
87.85 0.1231869342 2.13140679 
87.9 0.2293986254 2.114239469 
87.95 0.3346133934 2.091652011 
88 0.4385667678 2.063935939 
88.05 0.5410102811 2.031435276 
88.1 0.6417138562 1.994536454 
88.15 0.7404676637 1.953657491 
88.2 0.8370834278 1.909236969 
88.25 0.9313951812 1.861723289 
88.3 1.023259495 1.81156462 
88.35 1.112555227 1.759199866 
88.4 1.199182851 1.705050891 
88.45 1.283063424 1.649516113 
88.5 1.364137273 1.592965523 
88.55 1.442362466 1.535737103 
88.6 1.517713138 1.478134527 
88.65 1.590177737 1.420426034 
88.7 1.659757229 1.362844305 
88.75 1.726463334 1.305587163 
88.8 1.79031681 1.248818948 
88.85 1.851345812 1.192672377 
88.9 1.909584372 1.137250762 
88.95 1.96507098 1.082630455 
89 2.017847301 1.028863399 
89.05 2.06795702 0.9759797084 
89.1 2.115444812 0.9239902052 
89.15 2.160355444 0.8728888542 
89.2 2.202732986 0.8226550663 
89.25 2.242620143 0.7732558385 
89.3 2.280057683 0.7246477197 
89.35 2.315083965 0.6767785942 
89.4 2.347734544 0.6295892828 
89.45 2.378041858 0.5830149676 
89.5 2.406034979 0.5369864478 
89.55 2.431739423 0.491431238 
89.6 2.455177013 0.4462745207 
89.65 2.476365783 0.4014399672 
89.7 2.495319919 0.3568504389 
89.75 2.512049741 0.3124285846 
89.8 2.526561702 0.2680973445 
89.85 2.538858413 0.2237803768 
89.9 2.548938691 0.1794024161 
89.95 2.556797622 0.1348895789 
90 2.562426634 0.09016962444 
90.05 2.565813588 0.04517218492 
90.1 2.566942876 -0.0001710258553 
90.15 2.56579553 -0.04592601392 
90.2 2.562349341 -0.09215630618 
90.25 2.556578987 -0.1389227404 
90.3 2.548456178 -0.1862832331 
90.35 2.5379498 -0.2342925149 
90.4 2.525026089 -0.2830018213 
90.45 2.509648809 -0.3324585281 
90.5 2.491779459 -0.3827057186 
90.55 2.471377496 -0.433781672 
90.6 2.448400589 -0.4857192593 
90.65 2.422804911 -0.5385452366 
90.7 2.394545456 -0.5922794228 
90.75 2.363576415 -0.6469337531 
90.8 2.329851592 -0.7025111976 
90.85 2.29332488 -0.7590045418 
90.9 2.253950806 -0.8163950235 
90.95 2.21168514 -0.8746508305 
91 2.166485591 -0.9337254656 
91.05 2.118312581 -0.9935559965 
91.1 2.067130112 -1.054061216 
91.15 2.012906727 -1.115139746 
91.2 1.955616566 -1.176668148 
91.25 1.895240515 -1.238499082 
91.3 1.831767447 -1.300459626 
91.35 1.765195539 -1.362349825 
91.4 1.695533657 -1.423941611 
91.45 1.62280278 -1.484978194 
91.5 1.547037447 -1.545174096 
91.55 1.468287182 -1.604215942 
91.6 1.386617853 -1.66176417 
91.65 1.302112931 -1.717455777 
91.7 1.214874578 -1.770908202 
91.75 1.12502451 -1.821724408 
91.8 1.032704584 -1.86949916 
91.85 0.9380770319 -1.913826449 
91.9 0.8413243032 -1.954307896 
91.95 0.7426484625 -1.990561931 
92 0.6422701132 -2.022233421 
92.05 0.5404268331 -2.049003372 
92.1 0.4373711285 -2.070598267 
92.15 0.333367936 -2.086798574 
92.2 0.2286917259 -2.09744597 
92.25 0.1236232809 -2.102448873 
92.3 0.01844624625 -2.101785932 
92.35 -0.08655644209 -2.095507274 
92.4 -0.1911061328 -2.083733395 
92.45 -0.2949319211 -2.066651758 
92.5 -0.3977738853 -2.044511277 
92.55 -0.4993859983 -2.017614996 
92.6 -0.599538632 -1.98631136 
92.65 -0.698020597 -1.950984538 
92.7 -0.7946406795 -1.912044266 
92.75 -0.8892286646 -1.869915683 
92.8 -0.9816358568 -1.825029564 
92.85 -1.071735126 -1.777813309 
92.9 -1.159420526 -1.728682932 
92.95 -1.244606538 -1.678036258 
93 -1.327227011 -1.626247385 
93.05 -1.407233848 -1.573662455 
93.1 -1.484595519 -1.520596673 
93.15 -1.559295461 -1.467332485 
93.2 -1.631330397 -1.414118778 
93.25 -1.700708657 -1.361170972 
93.3 -1.767448514 -1.308671827 
93.35 -1.831576579 -1.25677283 
93.4 -1.893126277 -1.205596003 
93.45 -1.952136421 -1.155236019 
93.5 -2.008649905 -1.105762494 
93.55 -2.062712506 -1.057222381 
93.6 -2.114371811 -1.009642364 
93.65 -2.163676264 -0.9630312111 
93.7 -2.21067433 -0.9173820382 
93.75 -2.255413762 -0.8726744339 
93.8 -2.29794098 -0.8288764449 
93.85 -2.338300542 -0.7859463959 
93.9 -2.3765347 -0.7438345432 
93.95 -2.412683033 -0.7024845606 
94 -2.446782161 -0.6618348631 
94.05 -2.478865502 -0.621819774 
94.1 -2.508963107 -0.5823705464 
94.15 -2.537101519 -0.5434162493 
94.2 -2.563303692 -0.5048845277 
94.25 -2.587588935 -0.4667022517 
94.3 -2.609972888 -0.4287960619 
94.35 -2.630467523 -0.3910928256 
94.4 -2.649081165 -0.3535200113 
94.45 -2.665818532 -0.3160059938 
94.5 -2.680680788 -0.2784802975 
94.55 -2.693665601 -0.2408737868 
94.6 -2.704767222 -0.2031188127 
94.65 -2.713976555 -0.1651493224 
94.7 -2.721281243 -0.1269009382 
94.75 -2.726665754 -0.08831101521 
94.8 -2.730111465 -0.04931868133 
94.85 -2.731596757 -0.009864868659 
94.9 -2.731097101 0.03010765874 
94.95 -2.728585154 0.07065427333 
95 -2.72403085 0.1118284423 
95.05 -2.7174015 0.1536816682 
95.1 -2.708661887 0.1962634045 
95.15 -2.697774376 0.239620938 
95.2 -2.684699024 0.2837992295 
95.25 -2.6693937 0.3288407036 
95.3 -2.651814217 0.374784977 
95.35 -2.631914485 0.421668516 
95.4 -2.60964667 0.4695242112 
95.45 -2.584961393 0.5183808567 
95.5 -2.557807944 0.5682625246 
95.55 -2.528134535 0.6191878199 
95.6 -2.495888598 0.6711690048 
95.65 -2.461017119 0.7242109835 
95.7 -2.423467041 0.7783101349 
95.75 -2.383185714 0.8334529893 
95.8 -2.340121428 0.8896147447 
95.85 -2.294224016 0.9467576248 
95.9 -2.245445545 1.004829087 
95.95 -2.193741104 1.063759897 
96 -2.139069685 1.123462098 
96.05 -2.081395172 1.183826919 
96.1 -2.020687435 1.244722659 
96.15 -1.956923527 1.30599265 
96.2 -1.890088984 1.367453355 
96.25 -1.820179211 1.428892734 
96.3 -1.747200945 1.490068989 
96.35 -1.671173766 1.550709842 
96.4 -1.592131634 1.610512497 
96.45 -1.510124404 1.669144439 
96.5 -1.425219277 1.726245246 
96.55 -1.337502142 1.78142953 
96.6 -1.24707873 1.834291142 
96.65 -1.154075535 1.884408682 
96.7 -1.058640418 1.93135234 
96.75 -0.9609428444 1.974691967 
96.8 -0.8611736822 2.014006226 
96.85 -0.7595445238 2.048892561 
96.9 -0.6562864904 2.078977619 
96.95 -0.5516485099 2.103927713 
97 -0.4458950764 2.123458816 
97.05 -0.3393035285 2.137345583 
97.1 -0.2321609072 2.145428899 
97.15 -0.1247604785 2.147621499 
97.2 -0.01739802805 2.143911316 
97.25 0.08963195149 2.134362339 
97.3 0.1960400526 2.119112894 
97.35 0.3015455955 2.098371455 
97.4 0.4058800027 2.072410212 
97.45 0.508789799 2.041556766 
97.5 0.6100391564 2.006184416 
97.55 0.7094119234 1.966701539 
97.6 0.8067131077 1.923540612 
97.65 0.9017698078 1.87714735 
97.7 0.9944316088 1.82797042 
97.75 1.084570484 1.776452071 
97.8 1.172080255 1.72301994 
97.85 1.25687567 1.668080211 
97.9 1.338891182 1.612012182 
97.95 1.41807948 1.555164232 
98 1.494409866 1.497851123 
98.05 1.567866517 1.440352506 
98.1 1.638446708 1.382912484 
98.15 1.706159033 1.325740058 
98.2 1.771021674 1.269010291 
98.25 1.833060734 1.212866021 
98.3 1.892308682 1.157419971 
98.35 1.948802896 1.102757126 
98.4 2.002584343 1.048937246 
98.45 2.053696378 0.9959974487 
98.5 2.102183679 0.9439547536 
98.55 2.1480913 0.8928085537 
98.6 2.191463859 0.8425429597 
98.65 2.232344819 0.7931289919 
98.7 2.270775896 0.7445266008 
98.75 2.30679655 0.6966865076 
98.8 2.340443565 0.6495518631 
98.85 2.371750713 0.6030597272 
98.9 2.400748485 0.5571423777 
98.95 2.427463878 0.5117284571 
99 2.451920245 0.4667439707 
99.05 2.474137184 0.4221131475 
99.1 2.494130469 0.3777591776 
99.15 2.511912016 0.3336048409 
99.2 2.527489875 0.2895730375 
99.25 2.540868253 0.2455872365 
99.3 2.552047547 0.2015718513 
99.35 2.561024402 0.1574525582 
99.4 2.567791783 0.1131565647 
99.45 2.572339056 0.06861284358 
99.5 2.574652085 0.0237523394 
99.55 2.574713328 -0.02149183917 
99.6 2.572501959 -0.06718423212 
99.65 2.567993984 -0.1133868352 
99.7 2.561162377 -0.1601588906 
99.75 2.55197722 -0.207556651 
99.8 2.540405862 -0.2556331052 
99.85 2.526413087 -0.3044376551 
99.9 2.509961303 -0.3540157314 
99.95 2.491010752 -0.404408337 
100 2.469519744 -0.4556515057 
