0.05 0.04937340643 0.9749072436 
0.1 0.09748840646 0.9496754523 
0.15 0.1443398197 0.9243757344 
0.2 0.1899260504 0.8990801876 
0.25 0.2342491109 0.8738608863 
0.3 0.2773145974 0.8487889537 
0.35 0.3191316209 0.8239337268 
0.4 0.3597126988 0.7993620157 
0.45 0.3990736122 0.7751374593 
0.5 0.4372332335 0.7513199778 
0.55 0.4742133282 0.7279653183 
0.6 0.5100383372 0.7051246905 
0.65 0.5447351425 0.6828444874 
0.7 0.5783328209 0.6611660861 
0.75 0.61086239 0.6401257199 
0.8 0.6423565489 0.6197544177 
0.85 0.6728494181 0.6000780017 
0.9 0.7023762798 0.5811171373 
0.95 0.7309733225 0.5628874277 
1 0.758677391 0.5453995478 
1.05 0.785525744 0.5286594094 
1.1 0.8115558209 0.5126683535 
1.15 0.8368050178 0.4974233634 
1.2 0.8613104764 0.4829172948 
1.25 0.8851088824 0.4691391165 
1.3 0.9082362784 0.4560741608 
1.35 0.9307278879 0.4437043776 
1.4 0.9526179524 0.4320085904 
1.45 0.9739395821 0.4209627525 
1.5 0.9947246182 0.4105401985 
1.55 1.015003508 0.4007118934 
1.6 1.034805194 0.3914466734 
1.65 1.054157011 0.3827114812 
1.7 1.073084599 0.374471591 
1.75 1.091611824 0.3666908263 
1.8 1.109760712 0.3593317662 
1.85 1.127551389 0.3523559428 
1.9 1.145002039 0.3457240275 
1.95 1.162128858 0.3393960068 
2 1.17894603 0.333331347 
2.05 1.195465701 0.3274891488 
2.1 1.211697967 0.3218282905 
2.15 1.227650866 0.3163075614 
2.2 1.243330373 0.3108857837 
2.25 1.25874041 0.3055219258 
2.3 1.273882851 0.3001752045 
2.35 1.288757542 0.2948051785 
2.4 1.303362314 0.2893718321 
2.45 1.317693011 0.2838356511 
2.5 1.331743516 0.27815769 
2.55 1.345505779 0.2722996312 
2.6 1.35896985 0.2662238377 
2.65 1.372123918 0.2598933988 
2.7 1.384954344 0.2532721697 
2.75 1.3974457 0.2463248062 
2.8 1.409580813 0.2390167942 
2.85 1.421340807 0.2313144757 
2.9 1.432705143 0.2231850714 
2.95 1.443651665 0.2145967005 
3 1.454156647 0.2055183998 
3.05 1.464194839 0.1959201411 
3.1 1.473739511 0.1857728491 
3.15 1.482762505 0.17504842 
3.2 1.491234282 0.1637197426 
3.25 1.499123973 0.1517607215 
3.3 1.506399431 0.1391463041 
3.35 1.51302728 0.1258525132 
3.4 1.518972978 0.1118564842 
3.45 1.524200863 0.09713650979 
3.5 1.528674221 0.08167209197 
3.55 1.532355344 0.06544400323 
3.6 1.535205595 0.04843435718 
3.65 1.537185479 0.03062669011 
3.7 1.538254714 0.0120060543 
3.75 1.538372312 -0.00744087578 
3.8 1.537496661 -0.02772568367 
3.85 1.535585617 -0.04885807636 
3.9 1.532596598 -0.0708457344 
3.95 1.528486696 -0.09369414566 
4 1.523212785 -0.1174064223 
4.05 1.516731646 -0.1419831007 
4.1 1.509000104 -0.167421923 
4.15 1.499975171 -0.1937176021 
4.2 1.489614204 -0.2208615684 
4.25 1.477875076 -0.2488417004 
4.3 1.464716361 -0.2776420385 
4.35 1.450097534 -0.3072424862 
4.4 1.433979183 -0.3376184978 
4.45 1.416323244 -0.3687407574 
4.5 1.39709324 -0.4005748528 
4.55 1.376254555 -0.4330809472 
4.6 1.353774701 -0.4662134562 
4.65 1.329623625 -0.4999207353 
4.7 1.30377401 -0.534144786 
4.75 1.276201606 -0.5688209894 
4.8 1.246885562 -0.6038778774 
4.85 1.215808777 -0.6392369518 
4.9 1.182958253 -0.6748125653 
4.95 1.148325454 -0.7105118759 
5 1.111906665 -0.7462348884 
5.05 1.073703349 -0.7818745989 
5.1 1.033722485 -0.8173172542 
5.15 0.9919769055 -0.8524427396 
5.2 0.9484855933 -0.8871251086 
5.25 0.9032739622 -0.9212332629 
5.3 0.8563740923 -0.9546317896 
5.35 0.8078249216 -0.9871819612 
5.4 0.7576723837 -1.018742895 
5.45 0.7059694829 -1.049172866 
5.5 0.6527763009 -1.078330768 
5.55 0.5981599265 -1.106077688 
5.6 0.5421943045 -1.132278594 
5.65 0.4849599976 -1.156804085 
5.7 0.4265438611 -1.179532173 
5.75 0.3670386268 -1.200350059 
5.8 0.3065424011 -1.219155857 
5.85 0.2451580774 -1.235860217 
5.9 0.1829926726 -1.25038779 
5.95 0.1201565934 -1.262678518 
6 0.05676284526 -1.272688668 
6.05 -0.007073804624 -1.280391606 
6.1 -0.07123769537 -1.285778269 
6.15 -0.135613156 -1.288857316 
6.2 -0.2000853886 -1.289654953 
6.25 -0.2645413346 -1.28821444 
6.3 -0.3288705084 -1.284595276 
6.35 -0.3929657832 -1.278872108 
6.4 -0.4567241157 -1.271133384 
6.45 -0.5200471975 -1.261479787 
6.5 -0.582842025 -1.250022514 
6.55 -0.6450213787 -1.236881421 
6.6 -0.7065042087 -1.222183116 
6.65 -0.7672159236 -1.206059017 
6.7 -0.827088584 -1.188643454 
6.75 -0.8860610007 -1.170071824 
6.8 -0.9440787449 -1.150478863 
6.85 -1.001094075 -1.129997047 
6.9 -1.057065785 -1.108755152 
6.95 -1.111958989 -1.086876989 
7 -1.165744846 -1.064480319 
7.05 -1.218400231 -1.041675956 
7.1 -1.269907371 -1.018567055 
7.15 -1.320253449 -0.9952485742 
7.2 -1.369430182 -0.9718069054 
7.25 -1.417433386 -0.9483196587 
7.3 -1.464262539 -0.9248555839 
7.35 -1.509920335 -0.9014746145 
7.4 -1.554412246 -0.8782280178 
7.45 -1.597746096 -0.8551586325 
7.5 -1.639931646 -0.8323011796 
7.55 -1.6809802 -0.8096826302 
7.6 -1.720904222 -0.7873226177 
7.65 -1.759716987 -0.7652338793 
7.7 -1.79743224 -0.7434227185 
7.75 -1.834063894 -0.7218894765 
7.8 -1.869625737 -0.7006290054 
7.85 -1.904131174 -0.6796311359 
7.9 -1.937592984 -0.6588811336 
7.95 -1.970023106 -0.6383601397 
8 -2.00143244 -0.6180455928 
8.05 -2.031830676 -0.5979116282 
8.1 -2.061226134 -0.5779294543 
8.15 -2.08962563 -0.5580677046 
8.2 -2.117034352 -0.5382927638 
8.25 -2.143455761 -0.5185690705 
8.3 -2.168891494 -0.4988593933 
8.35 -2.19334129 -0.4791250852 
8.4 -2.216802928 -0.4593263134 
8.45 -2.239272167 -0.4394222686 
8.5 -2.260742707 -0.4193713536 
8.55 -2.281206151 -0.3991313525 
8.6 -2.30065198 -0.3786595828 
8.65 -2.31906753 -0.3579130315 
8.7 -2.336437983 -0.3368484766 
8.75 -2.352746356 -0.3154225952 
8.8 -2.367973498 -0.2935920608 
8.85 -2.382098097 -0.2713136301 
8.9 -2.395096678 -0.2485442212 
8.95 -2.406943622 -0.2252409855 
9 -2.417611171 -0.2013613736 
9.05 -2.42706945 -0.1768631975 
9.1 -2.435286485 -0.1517046905 
9.15 -2.442228225 -0.1258445674 
9.2 -2.447858569 -0.09924208499 
9.25 -2.452139392 -0.07185710675 
9.3 -2.455030581 -0.04365017296 
9.35 -2.456490065 -0.01458257877 
9.4 -2.456473863 0.01538353709 
9.45 -2.454936121 0.04628508981 
9.5 -2.451829166 0.07815792915 
9.55 -2.447103562 0.1110366994 
9.6 -2.440708175 0.1449546743 
9.65 -2.432590245 0.1799435631 
9.7 -2.422695471 0.2160332816 
9.75 -2.410968105 0.2532516833 
9.8 -2.397351065 0.2916242444 
9.85 -2.381786064 0.3311736964 
9.9 -2.364213753 0.3719195986 
9.95 -2.344573896 0.4138778441 
10 -2.322805565 0.457060091 
10.05 -2.29884737 0.5014731121 
10.1 -2.272637718 0.547118056 
10.15 -2.244115116 0.5939896123 
10.2 -2.213218519 0.642075077 
10.25 -2.179887722 0.6913533137 
10.3 -2.144063812 0.7417936106 
10.35 -2.105689677 0.7933544348 
10.4 -2.064710578 0.8459820922 
10.45 -2.021074797 0.8996093041 
10.5 -1.974734348 0.9541537211 
10.55 -1.925645773 1.009516402 
10.6 -1.873771006 1.065580292 
10.65 -1.819078318 1.122208756 
10.7 -1.76154333 1.179244208 
10.75 -1.701150091 1.236506939 
10.8 -1.637892209 1.293794187 
10.85 -1.571774018 1.350879579 
10.9 -1.502811765 1.407513022 
10.95 -1.431034786 1.463421166 
11 -1.356486645 1.51830853 
11.05 -1.279226193 1.571859409 
11.1 -1.19932852 1.623740631 
11.15 -1.116885732 1.67360522 
11.2 -1.03200754 1.72109701 
11.25 -0.9448215765 1.765856165 
11.3 -0.8554734268 1.807525542 
11.35 -0.7641263208 1.845757764 
11.4 -0.6709604557 1.880222806 
11.45 -0.5761719322 1.910615843 
11.5 -0.4799712996 1.936665059 
11.55 -0.3825817163 1.95813908 
11.6 -0.2842367566 1.974853686 
11.65 -0.1851779066 1.986677462 
11.7 -0.08565181045 1.993536081 
11.75 0.01409265773 1.995414977 
11.8 0.1138074124 1.992360256 
11.85 0.2132481744 1.984477761 
11.9 0.312177397 1.971930345 
11.95 0.4103670129 1.954933476 
12 0.5076009247 1.933749404 
12.05 0.6036771735 1.908680179 
12.1 0.6984097368 1.880059864 
12.15 0.7916299244 1.848246294 
12.2 0.883187358 1.813612743 
12.25 0.9729505397 1.77653982 
12.3 1.060807025 1.737407866 
12.35 1.146663236 1.696590087 
12.4 1.230443949 1.654446575 
12.45 1.312091511 1.611319313 
12.5 1.391564832 1.5675282 
12.55 1.468838199 1.523368093 
12.6 1.543899973 1.479106797 
12.65 1.616751203 1.434983929 
12.7 1.687404208 1.391210558 
12.75 1.755881148 1.347969483 
12.8 1.822212633 1.305416058 
12.85 1.886436381 1.263679429 
12.9 1.948595944 1.222864093 
12.95 2.008739517 1.183051664 
13 2.066918846 1.144302779 
13.05 2.123188223 1.106659068 
13.1 2.177603589 1.070145123 
13.15 2.230221729 1.034770438 
13.2 2.281099563 1.000531261 
13.25 2.33029353 0.9674123604 
13.3 2.377859055 0.9353886628 
13.35 2.423850094 0.904426774 
13.4 2.468318757 0.8744863633 
13.45 2.511314988 0.8455214185 
13.5 2.552886313 0.8174813722 
13.55 2.593077637 0.7903121049 
13.6 2.631931089 0.7639568316 
13.65 2.669485907 0.7383568804 
13.7 2.705778365 0.7134523707 
13.75 2.740841724 0.6891828012 
13.8 2.774706215 0.6654875543 
13.85 2.807399044 0.6423063272 
13.9 2.838944418 0.6195794964 
13.95 2.869363587 0.5972484236 
14 2.898674897 0.575255709 
14.05 2.926893862 0.5535454 
14.1 2.954033235 0.5320631583 
14.15 2.980103099 0.510756393 
14.2 3.005110951 0.4895743621 
14.25 3.029061798 0.4684682482 
14.3 3.051958258 0.4473912095 
14.35 3.073800654 0.4262984115 
14.4 3.09458712 0.4051470398 
14.45 3.1143137 0.383896298 
14.5 3.132974445 0.3625073906 
14.55 3.15056152 0.3409434943 
14.6 3.167065294 0.3191697173 
14.65 3.182474442 0.2971530489 
14.7 3.19677603 0.2748622998 
14.75 3.209955611 0.2522680334 
14.8 3.22199731 0.2293424891 
14.85 3.232883901 0.2060594988 
14.9 3.24259689 0.1823943952 
14.95 3.251116583 0.1583239145 
15 3.258422158 0.1338260926 
15.05 3.264491723 0.1088801551 
15.1 3.269302375 0.08346640281 
15.15 3.272830252 0.05756609208 
15.2 3.275050576 0.03116131144 
15.25 3.275937688 0.004234854924 
15.3 3.275465089 -0.02322990684 
15.35 3.273605455 -0.05124915664 
15.4 3.270330667 -0.0798387605 
15.45 3.265611812 -0.1090143959 
15.5 3.259419199 -0.1387916764 
15.55 3.251722355 -0.1691862708 
15.6 3.242490019 -0.2002140143 
15.65 3.231690133 -0.2318910092 
15.7 3.219289823 -0.2642337114 
15.75 3.205255385 -0.297259 
15.8 3.189552257 -0.3309842256 
15.85 3.172144999 -0.3654272318 
15.9 3.152997266 -0.4006063469 
15.95 3.132071783 -0.4365403379 
16 3.109330332 -0.4732483217 
16.05 3.084733729 -0.510749626 
16.1 3.058241824 -0.5490635925 
16.15 3.029813506 -0.5882093127 
16.2 2.999406721 -0.6282052892 
16.25 2.966978513 -0.6690690105 
16.3 2.932485089 -0.7108164302 
16.35 2.895881909 -0.7534613393 
16.4 2.857123813 -0.7970146207 
16.45 2.816165185 -0.8414833752 
16.5 2.772960174 -0.8868699082 
16.55 2.727462953 -0.9331705685 
16.6 2.679628057 -0.9803744324 
16.65 2.629410776 -1.028461828 
16.7 2.57676764 -1.077402698 
16.75 2.521656974 -1.127154812 
16.8 2.464039564 -1.177661832 
16.85 2.403879403 -1.228851259 
16.9 2.341144561 -1.280632287 
16.95 2.275808151 -1.332893612 
17 2.207849408 -1.385501256 
17.05 2.137254877 -1.438296475 
17.1 2.064019701 -1.491093848 
17.15 1.988148994 -1.54367966 
17.2 1.90965929 -1.595810692 
17.25 1.828580035 -1.647213577 
17.3 1.744955101 -1.697584852 
17.35 1.658844264 -1.746591875 
17.4 1.570324628 -1.793874734 
17.45 1.47949191 -1.839049288 
17.5 1.386461558 -1.881711419 
17.55 1.291369609 -1.921442553 
17.6 1.194373254 -1.957816416 
17.65 1.095651027 -1.990406944 
17.7 0.9954025761 -2.018797161 
17.75 0.8938479735 -2.042588765 
17.8 0.7912265317 -2.061412072 
17.85 0.6877951257 -2.074935904 
17.9 0.5838260295 -2.082876956 
17.95 0.4796043084 -2.085008175 
18 0.3754248261 -2.081165683 
18.05 0.2715889506 -2.071253861 
18.1 0.1684010586 -2.055248283 
18.15 0.06616495065 -2.03319632 
18.2 -0.03481970434 -2.005215374 
18.25 -0.1342607788 -1.971488853 
18.3 -0.2318768432 -1.932260106 
18.35 -0.3273999753 -1.887824674 
18.4 -0.4205781495 -1.838521297 
18.45 -0.5111771542 -1.784722129 
18.5 -0.5989820105 -1.72682265 
18.55 -0.6837978889 -1.665231726 
18.6 -0.7654505403 -1.600362209 
18.65 -0.8437862776 -1.532622388 
18.7 -0.9186715562 -1.462408531 
18.75 -0.989992212 -1.390098663 
18.8 -1.057652421 -1.31604763 
18.85 -1.121573442 -1.240583458 
18.9 -1.181692215 -1.16400492 
18.95 -1.237959853 -1.086580227 
19 -1.290340111 -1.008546679 
19.05 -1.338807842 -0.9301111611 
19.1 -1.383347507 -0.8514512944 
19.15 -1.42395175 -0.7727171302 
19.2 -1.460620073 -0.6940332301 
19.25 -1.493357616 -0.6155010257 
19.3 -1.522174064 -0.5372013517 
19.35 -1.547082684 -0.4591970734 
19.4 -1.568099495 -0.3815357415 
19.45 -1.585242562 -0.3042522269 
19.5 -1.598531432 -0.2273712992 
19.55 -1.607986691 -0.1509101269 
19.6 -1.613629642 -0.07488068496 
19.65 -1.615482106 0.0007079368196 
19.7 -1.613566334 0.07584732509 
19.75 -1.607905022 0.1505276333 
19.8 -1.598521439 0.2247355672 
19.85 -1.585439644 0.2984524636 
19.9 -1.568684801 0.3716524608 
19.95 -1.548283584 0.444300764 
20 -1.524264666 0.5163520128 
20.05 -1.496659281 0.5877487622 
20.1 -1.465501869 0.6584200975 
20.15 -1.430830777 0.7282804071 
20.2 -1.392689023 0.7972283476 
20.25 -1.351125101 0.8651460394 
20.3 -1.306193826 0.9318985406 
20.35 -1.257957191 0.9973336481 
20.4 -1.206485227 1.061282082 
20.45 -1.151856845 1.123558107 
20.5 -1.094160632 1.183960642 
20.55 -1.033495578 1.242274907 
20.6 -0.9699717113 1.298274628 
20.65 -0.9037106041 1.351724832 
20.7 -0.8348457254 1.402385215 
20.75 -0.7635226122 1.450014056 
20.8 -0.6898988323 1.494372608 
20.85 -0.6141437177 1.535229881 
20.9 -0.5364378511 1.572367688 
20.95 -0.4569722971 1.605585792 
21 -0.3759475774 1.634706987 
21.05 -0.2935723969 1.659581908 
21.1 -0.2100621409 1.680093381 
21.15 -0.1256371705 1.696160104 
21.2 -0.0405209533 1.707739505 
21.25 0.04506192391 1.714829624 
21.3 0.1308878109 1.71746992 
21.35 0.2167360616 1.715740961 
21.4 0.3023910587 1.709762998 
21.45 0.38764414 1.699693486 
21.5 0.4722953764 1.685723657 
21.55 0.5561551585 1.668074303 
21.6 0.6390455557 1.64699095 
21.65 0.7208014237 1.622738616 
21.7 0.801271243 1.595596373 
21.75 0.8803176854 1.565851898 
21.8 0.9578179114 1.533796208 
21.85 1.033663612 1.49971872 
21.9 1.107760814 1.463902775 
21.95 1.180029479 1.426621708 
22 1.25040291 1.38813552 
22.05 1.318827023 1.348688182 
22.1 1.385259486 1.308505568 
22.15 1.449668777 1.267793982 
22.2 1.512033179 1.226739253 
22.25 1.572339745 1.18550632 
22.3 1.630583255 1.144239258 
22.35 1.686765175 1.103061673 
22.4 1.740892656 1.062077398 
22.45 1.792977564 1.021371418 
22.5 1.843035567 0.981010982 
22.55 1.891085276 0.9410468249 
22.6 1.937147454 0.9015144723 
22.65 1.981244288 0.8624355757 
22.7 2.023398727 0.823819249 
22.75 2.063633892 0.7856633814 
22.8 2.101972543 0.7479559029 
22.85 2.138436612 0.7106759894 
22.9 2.173046796 0.6737951953 
22.95 2.205822202 0.6372785081 
23 2.236780041 0.6010853201 
23.05 2.265935372 0.5651703165 
23.1 2.293300889 0.5294842822 
23.15 2.318886743 0.4939748272 
23.2 2.342700399 0.4585870376 
23.25 2.364746527 0.4232640543 
23.3 2.385026913 0.3879475856 
23.35 2.403540405 0.3525783598 
23.4 2.420282871 0.3170965225 
23.45 2.435247178 0.2814419854 
23.5 2.44842319 0.245554732 
23.55 2.459797777 0.2093750869 
23.6 2.469354839 0.1728439537 
23.65 2.477075341 0.1359030279 
23.7 2.482937355 0.09849499123 
23.75 2.486916118 0.06056369258 
23.8 2.488984089 0.02205432193 
23.85 2.489111026 -0.01708641621 
23.9 2.487264063 -0.05691012363 
23.95 2.4834078 -0.09746651673 
24 2.477504404 -0.1388032152 
24.05 2.469513717 -0.1809655035 
24.1 2.45939338 -0.2239960578 
24.15 2.447098975 -0.2679346287 
24.2 2.432584174 -0.3128176733 
24.25 2.415800918 -0.3586779246 
24.3 2.396699616 -0.4055438914 
24.35 2.375229368 -0.4534392776 
24.4 2.351338223 -0.5023823119 
24.45 2.324973471 -0.5523849787 
24.5 2.296081977 -0.6034521418 
24.55 2.264610562 -0.6555805542 
24.6 2.230506434 -0.708757749 
24.65 2.193717681 -0.7629608084 
24.7 2.154193824 -0.8181550147 
24.75 2.111886448 -0.8742923875 
24.8 2.0667499 -0.9313101231 
24.85 2.018742071 -0.9891289554 
24.9 1.967825261 -1.04765147 
24.95 1.913967133 -1.106760413 
25 1.85714174 -1.166317049 
25.05 1.797330643 -1.226159638 
25.1 1.734524092 -1.286102105 
25.15 1.668722271 -1.345933014 
25.2 1.599936586 -1.405414938 
25.25 1.528190965 -1.464284348 
25.3 1.453523158 -1.522252159 
25.35 1.37598598 -1.579005029 
25.4 1.295648478 -1.63420755 
25.45 1.212596957 -1.687505408 
25.5 1.126935824 -1.738529583 
25.55 1.038788197 -1.786901613 
25.6 0.948296227 -1.832239875 
25.65 0.8556210734 -1.874166809 
25.7 0.7609425087 -1.91231689 
25.75 0.6644581036 -1.94634514 
25.8 0.5663819826 -1.975935845 
25.85 0.4669431445 -2.000811151 
25.9 0.3663833644 -2.020739121 
25.95 0.2649547155 -2.03554087 
26 0.1629167643 -2.045096385 
26.05 0.06053351516 -2.049348718 
26.1 -0.04192980895 -2.048306279 
26.15 -0.1442100493 -2.042043106 
26.2 -0.2460493565 -2.03069706 
26.25 -0.3471982948 -2.014466044 
26.3 -0.4474187121 -1.993602443 
26.35 -0.5464862933 -1.968406073 
26.4 -0.6441927316 -1.939216008 
26.45 -0.7403474707 -1.906401692 
26.5 -0.8347789945 -1.870353735 
26.55 -0.9273356555 -1.831474793 
26.6 -1.017886058 -1.790170877 
26.65 -1.106319023 -1.746843383 
26.7 -1.192543176 -1.701882042 
26.75 -1.276486211 -1.655658949 
26.8 -1.358093885 -1.608523731 
26.85 -1.437328792 -1.56079986 
26.9 -1.514168991 -1.512782073 
26.95 -1.588606527 -1.464734798 
27 -1.66064589 -1.416891497 
27.05 -1.730302472 -1.369454775 
27.1 -1.797601037 -1.32259713 
27.15 -1.862574247 -1.276462214 
27.2 -1.925261259 -1.23116647 
27.25 -1.985706412 -1.186801042 
27.3 -2.043958012 -1.143433855 
27.35 -2.100067226 -1.101111776 
27.4 -2.154087083 -1.0598628 
27.45 -2.206071585 -1.019698188 
27.5 -2.256074923 -0.9806145396 
27.55 -2.304150791 -0.9425957412 
27.6 -2.350351798 -0.9056147995 
27.65 -2.394728967 -0.8696355239 
27.7 -2.437331315 -0.8346140651 
27.75 -2.478205502 -0.8005003048 
27.8 -2.517395554 -0.7672391 
27.85 -2.554942636 -0.7347713883 
27.9 -2.590884883 -0.703035161 
27.95 -2.625257273 -0.6719663136 
28 -2.658091544 -0.6414993834 
28.05 -2.689416138 -0.6115681833 
28.1 -2.719256183 -0.5821063423 
28.15 -2.747633491 -0.5530477613 
28.2 -2.774566586 -0.5243269939 
28.25 -2.800070743 -0.4958795594 
28.3 -2.82415804 -0.4676421969 
28.35 -2.84683743 -0.4395530662 
28.4 -2.86811481 -0.4115519023 
28.45 -2.887993108 -0.38358013 
28.5 -2.906472364 -0.3555809414 
28.55 -2.923549826 -0.3274993433 
28.6 -2.939220036 -0.2992821767 
28.65 -2.953474926 -0.2708781126 
28.7 -2.966303905 -0.242237627 
28.75 -2.97769395 -0.213312959 
28.8 -2.987629695 -0.1840580519 
28.85 -2.99609351 -0.1544284832 
28.9 -3.003065583 -0.1243813831 
28.95 -3.008523997 -0.09387534398 
29 -3.012444799 -0.06287032501 
29.05 -3.014802066 -0.03132755109 
29.1 -3.015567964 0.000790589114 
29.15 -3.014712807 0.03352064483 
29.2 -3.012205107 0.06689820148 
29.25 -3.008011616 0.1009579727 
29.3 -3.002097373 0.1357338825 
29.35 -2.994425738 0.1712591343 
29.4 -2.984958428 0.2075662616 
29.45 -2.973655548 0.2446871571 
29.5 -2.960475628 0.2826530723 
29.55 -2.945375647 0.3214945843 
29.6 -2.928311078 0.3612415205 
29.65 -2.909235921 0.4019228344 
29.7 -2.888102755 0.4435664244 
29.75 -2.864862796 0.4861988848 
29.8 -2.839465968 0.5298451796 
29.85 -2.811860997 0.5745282279 
29.9 -2.781995524 0.6202683882 
29.95 -2.74981625 0.6670828299 
30 -2.715269112 0.7149847782 
30.05 -2.678299503 0.7639826212 
30.1 -2.638852538 0.8140788646 
30.15 -2.59687338 0.8652689259 
30.2 -2.552307625 0.9175397561 
30.25 -2.505101767 0.9708682863 
30.3 -2.455203738 1.025219695 
30.35 -2.402563545 1.080545507 
30.4 -2.347134003 1.136781524 
30.45 -2.288871575 1.193845634 
30.5 -2.227737326 1.251635506 
30.55 -2.16369799 1.31002625 
30.6 -2.096727161 1.368868088 
30.65 -2.026806588 1.427984138 
30.7 -1.953927585 1.487168411 
30.75 -1.878092529 1.546184159 
30.8 -1.799316429 1.604762709 
30.85 -1.717628537 1.662602957 
30.9 -1.633073966 1.719371693 
30.95 -1.545715268 1.774704923 
31 -1.455633915 1.828210368 
31.05 -1.362931623 1.879471254 
31.1 -1.267731454 1.928051506 
31.15 -1.170178622 1.973502369 
31.2 -1.070440932 2.015370404 
31.25 -0.9687087859 2.053206738 
31.3 -0.865194705 2.086577303 
31.35 -0.7601323172 2.115073743 
31.4 -0.6537747932 2.138324535 
31.45 -0.5463927318 2.156005828 
31.5 -0.4382715219 2.167851448 
31.55 -0.3297082356 2.173661515 
31.6 -0.2210081372 2.173309171 
31.65 -0.1124809107 2.166745013 
31.7 -0.004436729934 2.153998921 
31.75 0.1028176944 2.135179179 
31.8 0.2089829573 2.110468909 
31.85 0.3137705595 2.080120044 
31.9 0.4169061529 2.044445173 
31.95 0.5181323338 2.003807749 
32 0.617210917 1.958611186 
32.05 0.7139246489 1.909287406 
32.1 0.8080783455 1.85628539 
32.15 0.8994994681 1.800060212 
32.2 0.9880381717 1.74106296 
32.25 1.073566879 1.679731857 
32.3 1.155979441 1.616484756 
32.35 1.235189965 1.551713137 
32.4 1.311131378 1.485777581 
32.45 1.383753791 1.41900468 
32.5 1.453022761 1.351685243 
32.55 1.51891747 1.284073656 
32.6 1.581428918 1.216388204 
32.65 1.640558136 1.148812188 
32.7 1.696314481 1.081495639 
32.75 1.748714025 1.014557485 
32.8 1.797778057 0.948088017 
32.85 1.843531723 0.8821515178 
32.9 1.886002787 0.8167889738 
32.95 1.925220537 0.752020768 
33 1.961214818 0.6878493012 
33.05 1.994015201 0.6242614947 
33.1 2.023650264 0.5612311445 
33.15 2.050146992 0.4987211098 
33.2 2.073530282 0.4366853284 
33.25 2.093822545 0.37507066 
33.3 2.111043391 0.3138185644 
33.35 2.125209403 0.2528666272 
33.4 2.136333974 0.1921499464 
33.45 2.144427215 0.1316023991 
33.5 2.149495927 0.07115780646 
33.55 2.151543622 0.01075101628 
33.6 2.150570603 -0.04968107612 
33.65 2.146574087 -0.1101985492 
33.7 2.139548385 -0.1708574995 
33.75 2.129485121 -0.2317090894 
33.8 2.116373505 -0.2927985824 
33.85 2.100200652 -0.354164349 
33.9 2.080951951 -0.4158368289 
33.95 2.058611491 -0.4778374388 
34 2.033162541 -0.540177417 
34.05 2.004588086 -0.6028565993 
34.1 1.972871431 -0.6658621275 
34.15 1.93799687 -0.7291670941 
34.2 1.899950424 -0.7927291373 
34.25 1.858720645 -0.8564890043 
34.3 1.814299504 -0.9203691146 
34.35 1.766683335 -0.984272159 
34.4 1.715873861 -1.048079788 
34.45 1.661879271 -1.111651448 
34.5 1.604715358 -1.174823442 
34.55 1.544406693 -1.237408296 
34.6 1.48098782 -1.299194527 
34.65 1.414504453 -1.359946906 
34.7 1.345014645 -1.419407325 
34.75 1.272589895 -1.47729636 
34.8 1.197316159 -1.533315616 
34.85 1.119294723 -1.58715092 
34.9 1.038642892 -1.638476398 
34.95 0.9554944564 -1.686959433 
35 0.8699998864 -1.732266463 
35.05 0.7823262196 -1.774069505 
35.1 0.6926566064 -1.81205325 
35.15 0.6011894908 -1.845922519 
35.2 0.5081374151 -1.875409808 
35.25 0.4137254511 -1.900282618 
35.3 0.3181892775 -1.920350252 
35.35 0.2217729369 -1.935469738 
35.4 0.1247263257 -1.945550585 
35.45 0.02730248004 -1.950558111 
35.5 -0.07024526407 -1.950515147 
35.55 -0.1676661533 -1.94550202 
35.6 -0.2647148549 -1.93565479 
35.65 -0.3611541645 -1.921161839 
35.7 -0.4567575056 -1.902258967 
35.75 -0.5513111515 -1.879223261 
35.8 -0.6446161162 -1.852366021 
35.85 -0.7364896748 -1.822025081 
35.9 -0.8267664921 -1.788556872 
35.95 -0.9152993544 -1.752328532 
36 -1.001959515 -1.713710376 
36.05 -1.086636675 -1.673068935 
36.1 -1.169238639 -1.630760781 
36.15 -1.249690675 -1.587127233 
36.2 -1.327934648 -1.542490024 
36.25 -1.403927946 -1.497147944 
36.3 -1.477642269 -1.451374415 
36.35 -1.549062323 -1.405415955 
36.4 -1.618184448 -1.359491423 
36.45 -1.685015233 -1.313791954 
36.5 -1.749570142 -1.268481463 
36.55 -1.811872172 -1.22369762 
36.6 -1.871950575 -1.179553179 
36.65 -1.92983965 -1.136137567 
36.7 -1.985577621 -1.093518649 
36.75 -2.039205605 -1.051744593 
36.8 -2.090766676 -1.01084577 
36.85 -2.140305018 -0.9708366455 
36.9 -2.187865181 -0.9317176174 
36.95 -2.23349142 -0.8934767701 
37 -2.277227121 -0.8560915305 
37.05 -2.319114308 -0.8195302058 
37.1 -2.359193219 -0.7837533985 
37.15 -2.39750196 -0.7487152944 
37.2 -2.434076209 -0.7143648244 
37.25 -2.468948981 -0.6806467043 
37.3 -2.502150442 -0.6475023564 
37.35 -2.533707761 -0.6148707216 
37.4 -2.56364501 -0.5826889676 
37.45 -2.591983088 -0.5508931033 
37.5 -2.618739673 -0.5194185053 
37.55 -2.64392921 -0.4882003667 
37.6 -2.667562905 -0.4571740738 
37.65 -2.689648745 -0.4262755209 
37.7 -2.710191528 -0.3954413661 
37.75 -2.729192913 -0.364609239 
37.8 -2.746651463 -0.3337179024 
37.85 -2.762562714 -0.3027073761 
37.9 -2.776919235 -0.2715190263 
37.95 -2.789710698 -0.2400956261 
38 -2.800923948 -0.2083813901 
38.05 -2.810543082 -0.1763219896 
38.1 -2.818549512 -0.1438645488 
38.15 -2.824922044 -0.1109576287 
38.2 -2.829636948 -0.07755120039 
38.25 -2.832668026 -0.0435966121 
38.3 -2.833986683 -0.009046553117 
38.35 -2.833561989 0.026144981 
38.4 -2.831360747 0.06202271838 
38.45 -2.827347555 0.09863013151 
38.5 -2.821484868 0.1360094438 
38.55 -2.813733062 0.1742016167 
38.6 -2.804050496 0.2132463124 
38.65 -2.792393582 0.2531818243 
38.7 -2.778716852 0.2940449693 
38.75 -2.762973037 0.3358709343 
38.8 -2.745113154 0.3786930664 
38.85 -2.725086605 0.4225425995 
38.9 -2.702841289 0.4674483063 
38.95 -2.678323738 0.5134360635 
39 -2.651479272 0.5605283198 
39.05 -2.622252188 0.608743455 
39.1 -2.590585982 0.6580950156 
39.15 -2.55642361 0.7085908172 
39.2 -2.519707806 0.7602319012 
39.25 -2.480381441 0.8130113353 
39.3 -2.438387963 0.8669128516 
39.35 -2.393671897 0.921909318 
39.4 -2.346179432 0.9779610422 
39.45 -2.295859094 1.035013918 
39.5 -2.242662515 1.092997431 
39.55 -2.186545308 1.151822541 
39.6 -2.127468046 1.2113795 
39.65 -2.065397352 1.271535635 
39.7 -2.000307104 1.332133188 
39.75 -1.932179734 1.392987297 
39.8 -1.861007636 1.453884221 
39.85 -1.78679464 1.514579949 
39.9 -1.709557554 1.574799337 
39.95 -1.629327728 1.634235926 
40 -1.546152603 1.692552618 
40.05 -1.460097209 1.749383369 
40.1 -1.371245548 1.804336048 
40.15 -1.279701792 1.856996582 
40.2 -1.185591257 1.906934461 
40.25 -1.089061055 1.953709613 
40.3 -0.9902803699 1.996880568 
40.35 -0.8894403055 2.03601377 
40.4 -0.7867532336 2.070693749 
40.45 -0.6824516247 2.10053382 
40.5 -0.5767863395 2.125186854 
40.55 -0.4700243887 2.14435562 
40.6 -0.3624461993 2.157802168 
40.65 -0.254342445 2.165355732 
40.7 -0.1460105295 2.166918686 
40.75 -0.03775082874 2.162470171 
40.8 0.07013718583 2.152067176 
40.85 0.1773588109 2.135842963 
40.9 0.2836278323 2.114002938 
40.95 0.3886699793 2.086818189 
41 0.4922260057 2.05461707 
41.05 0.594054311 2.017775304 
41.1 0.6939330399 1.976705126 
41.15 0.7916616273 1.931844025 
41.2 0.8870617805 1.883643583 
41.25 0.9799779157 1.832558883 
41.3 1.070277087 1.779038853 
41.35 1.157848464 1.72351781 
41.4 1.242602413 1.666408389 
41.45 1.324469272 1.608095927 
41.5 1.403397874 1.548934287 
41.55 1.479353898 1.489243066 
41.6 1.552318108 1.429306039 
41.65 1.622284553 1.369370699 
41.7 1.689258756 1.309648713 
41.75 1.753255951 1.250317112 
41.8 1.814299395 1.191520057 
41.85 1.872418774 1.133371003 
41.9 1.92764873 1.075955143 
41.95 1.980027513 1.019331999 
42 2.029595762 0.9635380625 
42.05 2.076395417 0.9085894146 
42.1 2.120468769 0.8544842568 
42.15 2.161857619 0.801205314 
42.2 2.200602567 0.7487220784 
42.25 2.236742398 0.6969928769 
42.3 2.270313575 0.6459667524 
42.35 2.301349816 0.5955851596 
42.4 2.329881756 0.5457834765 
42.45 2.355936673 0.4964923431 
42.5 2.379538284 0.4476388363 
42.55 2.400706591 0.399147495 
42.6 2.419457782 0.3509412089 
42.65 2.435804161 0.3029419868 
42.7 2.449754126 0.2550716185 
42.75 2.46131217 0.2072522452 
42.8 2.470478914 0.1594068539 
42.85 2.477251157 0.1114597082 
42.9 2.481621951 0.06333673173 
42.95 2.483580695 0.01496585588 
43 2.48311324 -0.03372265397 
43.05 2.480202015 -0.08279588102 
43.1 2.474826168 -0.1323179353 
43.15 2.466961724 -0.1823496151 
43.2 2.456581757 -0.2329480382 
43.25 2.443656586 -0.2841662306 
43.3 2.428153992 -0.3360526595 
43.35 2.410039455 -0.3886506983 
43.4 2.389276429 -0.4419980099 
43.45 2.36582664 -0.4961258377 
43.5 2.33965043 -0.5510581917 
43.55 2.31070714 -0.6068109195 
43.6 2.278955546 -0.6633906552 
43.65 2.244354345 -0.7207936383 
43.7 2.206862709 -0.7790044024 
43.75 2.166440907 -0.8379943349 
43.8 2.123050998 -0.8977201161 
43.85 2.076657612 -0.9581220556 
43.9 2.027228805 -1.019122348 
43.95 1.974737016 -1.08062329 
44 1.919160103 -1.142505496 
44.05 1.860482471 -1.204626194 
44.1 1.798696283 -1.266817663 
44.15 1.733802737 -1.328885909 
44.2 1.665813411 -1.3906097 
44.25 1.594751635 -1.451740062 
44.3 1.520653883 -1.512000389 
44.35 1.443571133 -1.571087281 
44.4 1.363570169 -1.628672253 
44.45 1.280734772 -1.684404432 
44.5 1.195166751 -1.737914322 
44.55 1.106986757 -1.788818707 
44.6 1.016334819 -1.836726669 
44.65 0.9233705606 -1.881246684 
44.7 0.8282730299 -1.921994642 
44.75 0.7312401155 -1.958602576 
44.8 0.6324875098 -1.990727825 
44.85 0.532247213 -2.018062264 
44.9 0.4307655819 -2.040341185 
44.95 0.3283009514 -2.057351424 
45 0.2251208793 -2.06893828 
45.05 0.1214990811 -2.075010861 
45.1 0.01771214614 -2.075545527 
45.15 -0.08596386797 -2.070587219 
45.2 -0.1892568517 -2.060248586 
45.25 -0.2919019614 -2.04470694 
45.3 -0.3936447341 -2.024199191 
45.35 -0.4942439036 -1.999015056 
45.4 -0.5934738423 -1.969488893 
45.45 -0.6911265675 -1.935990578 
45.5 -0.7870132782 -1.89891588 
45.55 -0.8809654066 -1.858676755 
45.6 -0.9728351908 -1.815691965 
45.65 -1.062495793 -1.770378352 
45.7 -1.149841007 -1.723143028 
45.75 -1.234784592 -1.674376663 
45.8 -1.317259317 -1.624447971 
45.85 -1.397215744 -1.573699424 
45.9 -1.474620834 -1.522444162 
45.95 -1.549456433 -1.470964022 
46 -1.621717668 -1.419508561 
46.05 -1.69141134 -1.368294957 
46.1 -1.758554304 -1.317508625 
46.15 -1.823171922 -1.267304418 
46.2 -1.885296563 -1.21780826 
46.25 -1.944966212 -1.169119107 
46.3 -2.002223172 -1.121311101 
46.35 -2.057112879 -1.074435841 
46.4 -2.109682834 -1.028524685 
46.45 -2.159981647 -0.9835910199 
46.5 -2.208058194 -0.9396324612 
46.55 -2.253960882 -0.8966329345 
46.6 -2.297737012 -0.8545646248 
46.65 -2.339432238 -0.8133897759 
46.7 -2.379090114 -0.7730623307 
46.75 -2.416751714 -0.733529414 
46.8 -2.452455325 -0.6947326571 
46.85 -2.486236203 -0.6566093732 
46.9 -2.518126386 -0.6190935895 
46.95 -2.548154547 -0.5821169461 
47 -2.576345898 -0.545609473 
47.05 -2.602722129 -0.5095002541 
47.1 -2.627301371 -0.4737179907 
47.15 -2.650098188 -0.4381914729 
47.2 -2.671123599 -0.4028499701 
47.25 -2.690385101 -0.3676235503 
47.3 -2.707886721 -0.3324433344 
47.35 -2.723629075 -0.2972416972 
47.4 -2.737609428 -0.2619524193 
47.45 -2.749821775 -0.2265107988 
47.5 -2.760256914 -0.1908537287 
47.55 -2.76890253 -0.154919746 
47.6 -2.775743275 -0.1186490583 
47.65 -2.780760854 -0.08198355322 
47.7 -2.783934108 -0.04486679629 
47.75 -2.785239098 -0.007244022666 
47.8 -2.784649189 0.03093787244 
47.85 -2.782135133 0.06973033854 
47.9 -2.777665148 0.1091831643 
47.95 -2.771205007 0.1493444556 
48 -2.76271812 0.1902605902 
48.05 -2.752165622 0.2319761426 
48.1 -2.739506469 0.2745337704 
48.15 -2.724697532 0.3179740549 
48.2 -2.707693712 0.3623352855 
48.25 -2.688448057 0.4076531794 
48.3 -2.666911901 0.4539605249 
48.35 -2.64303502 0.5012867371 
48.4 -2.616765818 0.5496573153 
48.45 -2.58805153 0.5990931885 
48.5 -2.556838479 0.6496099374 
48.55 -2.523072361 0.701216881 
48.6 -2.486698581 0.7539160176 
48.65 -2.447662657 0.8077008093 
48.7 -2.405910672 0.8625548054 
48.75 -2.361389811 0.9184501005 
48.8 -2.314048979 0.9753456318 
48.85 -2.263839499 1.033185322 
48.9 -2.210715914 1.091896092 
48.95 -2.154636891 1.151385762 
49 -2.095566228 1.211540904 
49.05 -2.03347397 1.272224675 
49.1 -1.968337634 1.333274734 
49.15 -1.900143532 1.394501322 
49.2 -1.828888182 1.455685621 
49.25 -1.754579801 1.516578523 
49.3 -1.677239829 1.576899968 
49.35 -1.596904486 1.636338988 
49.4 -1.513626296 1.694554648 
49.45 -1.427475539 1.751178024 
49.5 -1.338541577 1.805815363 
49.55 -1.246933992 1.85805253 
49.6 -1.152783464 1.90746081 
49.65 -1.056242327 1.953604031 
49.7 -0.9574847382 1.996046939 
49.75 -0.8567064003 2.034364632 
49.8 -0.75412379 2.068152768 
49.85 -0.6499728666 2.097038174 
49.9 -0.5445072476 2.120689421 
49.95 -0.437995868 2.138826835 
50 -0.3307201633 2.15123144 
50.05 -0.2229708431 2.157752319 
50.1 -0.1150443451 2.158311965 
50.15 -0.007239079538 2.152909269 
50.2 0.1001484124 2.141619963 
50.25 0.2068272574 2.124594458 
50.3 0.3125158779 2.102053202 
50.35 0.4169453308 2.074279821 
50.4 0.5198622561 2.041612437 
50.45 0.6210313552 2.00443363 
50.5 0.7202373448 1.963159595 
50.55 0.8172863597 1.918228999 
50.6 0.9120068012 1.870092058 
50.65 1.004249654 1.819200251 
50.7 1.093888311 1.76599702 
50.75 1.180817968 1.710909706 
50.8 1.264954641 1.654342866 
50.85 1.346233892 1.596673026 
50.9 1.424609326 1.53824485 
50.95 1.500050932 1.479368637 
51 1.572543323 1.420319027 
51.05 1.642083946 1.361334729 
51.1 1.708681296 1.302619139 
51.15 1.772353182 1.244341637 
51.2 1.833125066 1.186639412 
51.25 1.891028514 1.129619676 
51.3 1.946099751 1.073362104 
51.35 1.998378352 1.017921413 
51.4 2.047906058 0.9633299766 
51.45 2.094725723 0.9096003974 
51.5 2.138880391 0.856727991 
51.55 2.180412487 0.8046931334 
51.6 2.219363128 0.7534634491 
51.65 2.255771536 0.7029958225 
51.7 2.289674546 0.6532382251 
51.75 2.321106205 0.6041313584 
51.8 2.350097443 0.5556101172 
51.85 2.376675817 0.5076048819 
51.9 2.400865313 0.4600426507 
51.95 2.422686207 0.4128480249 
52 2.442154958 0.3659440603 
52.05 2.459284159 0.3192530002 
52.1 2.474082506 0.2726969031 
52.15 2.486554803 0.2261981804 
52.2 2.496701998 0.1796800568 
52.25 2.504521223 0.1330669682 
52.3 2.510005875 0.08628490885 
52.35 2.513145693 0.03926174225 
52.4 2.513926862 -0.00807251407 
52.45 2.512332127 -0.0557854155 
52.5 2.508340925 -0.1039418182 
52.55 2.501929519 -0.1526035955 
52.6 2.493071163 -0.2018293304 
52.65 2.481736267 -0.2516739728 
52.7 2.467892597 -0.3021884481 
52.75 2.45150548 -0.353419206 
52.8 2.432538043 -0.4054076957 
52.85 2.410951479 -0.4581897565 
52.9 2.386705344 -0.511794911 
52.95 2.35975789 -0.5662455497 
53 2.330066451 -0.6215559971 
53.05 2.297587866 -0.6777314509 
53.1 2.262278966 -0.7347667882 
53.15 2.224097125 -0.7926452369 
53.2 2.183000877 -0.8513369136 
53.25 2.13895061 -0.9107972387 
53.3 2.091909344 -0.970965242 
53.35 2.041843594 -1.031761787 
53.4 1.988724324 -1.093087747 
53.45 1.932527993 -1.154822191 
53.5 1.873237686 -1.216820627 
53.55 1.810844337 -1.278913403 
53.6 1.74534802 -1.340904343 
53.65 1.676759305 -1.402569739 
53.7 1.605100646 -1.46365782 
53.75 1.530407786 -1.523888833 
53.8 1.452731141 -1.582955866 
53.85 1.372137119 -1.640526565 
53.9 1.288709326 -1.696245841 
53.95 1.202549613 -1.749739681 
54 1.113778907 -1.800620101 
54.05 1.022537756 -1.848491264 
54.1 0.9289865478 -1.892956665 
54.15 0.8333053467 -1.933627287 
54.2 0.7356932952 -1.970130469 
54.25 0.6363675668 -2.002119215 
54.3 0.5355618471 -2.029281577 
54.35 0.4335243538 -2.051349682 
54.4 0.3305154219 -2.06810798 
54.45 0.2268047068 -2.079400262 
54.5 0.1226680741 -2.085135069 
54.55 0.01838426703 -2.085289155 
54.6 -0.08576854613 -2.079908804 
54.65 -0.1895162346 -2.069108882 
54.7 -0.2925920645 -2.053069697 
54.75 -0.3947398488 -2.032031797 
54.8 -0.4957167922 -2.006289023 
54.85 -0.5952959527 -1.976180169 
54.9 -0.6932682592 -1.942079691 
54.95 -0.7894440514 -1.904387912 
55 -0.883654126 -1.863521166 
55.05 -0.9757502976 -1.819902294 
55.1 -1.0656055 -1.773951812 
55.15 -1.153113467 -1.726080033 
55.2 -1.238188051 -1.676680301 
55.25 -1.320762229 -1.626123469 
55.3 -1.400786866 -1.574753609 
55.35 -1.478229296 -1.522884944 
55.4 -1.553071775 -1.470799917 
55.45 -1.625309865 -1.418748258 
55.5 -1.694950794 -1.366946939 
55.55 -1.762011832 -1.315580846 
55.6 -1.826518717 -1.264804034 
55.65 -1.888504155 -1.214741419 
55.7 -1.948006407 -1.165490782 
55.75 -2.005067993 -1.117124976 
55.8 -2.0597345 -1.06969423 
55.85 -2.112053509 -1.023228489 
55.9 -2.162073639 -0.9777397164 
55.95 -2.209843706 -0.9332241099 
56 -2.255411983 -0.8896642076 
56.05 -2.298825573 -0.8470308501 
56.1 -2.340129863 -0.8052849902 
56.15 -2.379368077 -0.764379341 
56.2 -2.4165809 -0.7242598627 
56.25 -2.451806175 -0.68486709 
56.3 -2.485078658 -0.6461373067 
56.35 -2.516429838 -0.608003577 
56.4 -2.545887794 -0.5703966415 
56.45 -2.5734771 -0.5332456907 
56.5 -2.599218766 -0.496479025 
56.55 -2.623130205 -0.4600246131 
56.6 -2.645225231 -0.4238105593 
56.65 -2.665514075 -0.3877654889 
56.7 -2.684003418 -0.3518188628 
56.75 -2.700696441 -0.315901228 
56.8 -2.715592885 -0.2799444146 
56.85 -2.728689115 -0.2438816852 
56.9 -2.739978199 -0.2076478446 
56.95 -2.749449986 -0.1711793163 
57 -2.757091185 -0.1344141924 
57.05 -2.762885456 -0.09729226276 
57.1 -2.766813488 -0.05975502832 
57.15 -2.768853089 -0.02174570624 
57.2 -2.76897927 0.01679076936 
57.25 -2.767164335 0.05590774422 
57.3 -2.763377959 0.09565683255 
57.35 -2.757587283 0.1360878911 
57.4 -2.749757001 0.1772489723 
57.45 -2.739849448 0.219186248 
57.5 -2.727824701 0.2619438984 
57.55 -2.713640682 0.305563955 
57.6 -2.697253269 0.3500860906 
57.65 -2.678616419 0.3955473448 
57.7 -2.657682312 0.4419817763 
57.75 -2.634401508 0.4894200289 
57.8 -2.60872313 0.5378888006 
57.85 -2.58059508 0.5874102037 
57.9 -2.549964282 0.6380010026 
57.95 -2.516776975 0.6896717192 
58 -2.480979051 0.7424255935 
58.05 -2.442516443 0.7962573908 
58.1 -2.401335589 0.8511520485 
58.15 -2.357383954 0.9070831605 
58.2 -2.310610644 0.9640112993 
58.25 -2.260967099 1.021882187 
58.3 -2.208407883 1.080624731 
58.35 -2.152891581 1.140148956 
58.4 -2.094381791 1.200343866 
58.45 -2.032848232 1.261075304 
58.5 -1.968267954 1.322183872 
58.55 -1.900626646 1.383483012 
58.6 -1.829920041 1.444757352 
58.65 -1.75615539 1.505761449 
58.7 -1.679352979 1.566219082 
58.75 -1.599547681 1.625823238 
58.8 -1.516790472 1.684236964 
58.85 -1.431149888 1.741095249 
58.9 -1.342713354 1.796008057 
58.95 -1.251588339 1.848564643 
59 -1.157903249 1.898339194 
59.05 -1.061808016 1.944897804 
59.1 -0.9634743019 1.987806697 
59.15 -0.8630952608 2.026641516 
59.2 -0.7608848205 2.060997416 
59.25 -0.6570764443 2.090499604 
59.3 -0.5519213637 2.114813863 
59.35 -0.4456862957 2.13365659 
59.4 -0.3386506814 2.146803814 
59.45 -0.2311035099 2.154098685 
59.5 -0.1233398148 2.155457008 
59.55 -0.01565695067 2.150870459 
59.6 0.09164922809 2.140407283 
59.65 0.1982881596 2.124210401 
59.7 0.3039782087 2.102493036 
59.75 0.4084500252 2.075532103 
59.8 0.5114495239 2.043659735 
59.85 0.6127404033 2.007253425 
59.9 0.712106148 1.966725289 
59.95 0.8093514832 1.922510999 
60 0.9043032786 1.875058868 
60.05 0.9968109183 1.824819525 
60.1 1.086746179 1.772236553 
60.15 1.174002666 1.717738311 
60.2 1.258494878 1.661731133 
60.25 1.340156965 1.604593943 
60.3 1.418941253 1.54667429 
60.35 1.494816602 1.488285713 
60.4 1.567766667 1.429706315 
60.45 1.637788114 1.371178391 
60.5 1.704888836 1.312908942 
60.55 1.769086218 1.255070894 
60.6 1.830405477 1.197804867 
60.65 1.888878097 1.141221327 
60.7 1.944540379 1.085403005 
60.75 1.997432122 1.030407444 
60.8 2.047595429 0.9762696027 
60.85 2.095073636 0.9230044274 
60.9 2.139910381 0.8706093329 
60.95 2.182148781 0.8190665604 
61 2.221830734 0.7683453752 
61.05 2.25899632 0.7184040919 
61.1 2.293683297 0.6691919157 
61.15 2.325926694 0.6206506009 
61.2 2.355758469 0.572715929 
61.25 2.383207249 0.5253190155 
61.3 2.408298125 0.4783874546 
61.35 2.4310525 0.4318463166 
61.4 2.451487985 0.3856190083 
61.45 2.469618337 0.3396280132 
61.5 2.485453426 0.2937955242 
61.55 2.498999236 0.2480439824 
61.6 2.51025789 0.2022965368 
61.65 2.519227693 0.156477437 
61.7 2.525903198 0.1105123722 
61.75 2.530275285 0.06432876881 
61.8 2.532331254 0.0178560586 
61.85 2.532054931 -0.02897407066 
61.9 2.52942679 -0.07622743052 
61.95 2.52442408 -0.1239670815 
62 2.517020973 -0.1722530658 
62.05 2.507188719 -0.2211421102 
62.1 2.494895822 -0.2706872893 
62.15 2.480108233 -0.3209376352 
62.2 2.462789559 -0.3719376818 
62.25 2.442901307 -0.4237269326 
62.3 2.420403143 -0.4763392384 
62.35 2.395253202 -0.5298020738 
62.4 2.367408416 -0.5841357011 
62.45 2.336824909 -0.6393522125 
62.5 2.303458425 -0.6954544406 
62.55 2.267264822 -0.7524347343 
62.6 2.228200631 -0.8102735964 
62.65 2.186223688 -0.8689381877 
62.7 2.141293834 -0.9283807053 
62.75 2.093373713 -0.9885366554 
62.8 2.042429645 -1.049323045 
62.85 1.988432606 -1.110636533 
62.9 1.93135928 -1.172351596 
62.95 1.871193224 -1.234318763 
63 1.807926098 -1.296363025 
63.05 1.741558979 -1.358282492 
63.1 1.672103734 -1.419847433 
63.15 1.599584422 -1.480799809 
63.2 1.52403871 -1.540853458 
63.25 1.445519257 -1.599695043 
63.3 1.364095032 -1.656985923 
63.35 1.279852511 -1.712365047 
63.4 1.192896702 -1.765452978 
63.45 1.103351937 -1.815857074 
63.5 1.011362383 -1.863177837 
63.55 0.9170921968 -1.907016341 
63.6 0.8207252986 -1.946982596 
63.65 0.7224646949 -1.982704601 
63.7 0.6225313465 -2.01383779 
63.75 0.5211625594 -2.04007447 
63.8 0.4186099129 -2.06115285 
63.85 0.3151367559 -2.076865187 
63.9 0.2110153275 -2.087064631 
63.95 0.1065235758 -2.091670368 
64 0.001941768693 -2.090670762 
64.05 -0.1024509976 -2.084124281 
64.1 -0.2063802795 -2.07215815 
64.15 -0.3095796438 -2.054964791 
64.2 -0.4117937957 -2.03279623 
64.25 -0.5127813824 -2.005956791 
64.3 -0.6123173975 -1.974794472 
64.35 -0.7101951291 -1.939691427 
64.4 -0.8062276203 -1.901054035 
64.45 -0.9002486313 -1.859302982 
64.5 -0.9921131155 -1.814863768 
64.55 -1.081697237 -1.768157957 
64.6 -1.168897976 -1.719595426 
64.65 -1.253632375 -1.669567773 
64.7 -1.335836485 -1.618442985 
64.75 -1.415464079 -1.566561357 
64.8 -1.49248519 -1.514232633 
64.85 -1.566884536 -1.461734262 
64.9 -1.638659884 -1.409310662 
64.95 -1.707820394 -1.357173324 
65 -1.774384996 -1.305501632 
65.05 -1.838380813 -1.254444227 
65.1 -1.899841667 -1.204120795 
65.15 -1.958806686 -1.154624141 
65.2 -2.01531901 -1.106022441 
65.25 -2.069424622 -1.05836159 
65.3 -2.121171291 -1.011667551 
65.35 -2.170607637 -0.9659486702 
65.4 -2.217782299 -0.9211978865 
65.45 -2.262743226 -0.8773948292 
65.5 -2.305537052 -0.8345077632 
65.55 -2.346208582 -0.7924953791 
65.6 -2.384800349 -0.751308419 
65.65 -2.421352253 -0.7108911392 
65.7 -2.455901275 -0.6711826131 
65.75 -2.488481243 -0.6321178817 
65.8 -2.519122659 -0.5936289607 
65.85 -2.547852565 -0.5556457144 
65.9 -2.574694464 -0.5180966072 
65.95 -2.599668255 -0.4809093437 
66 -2.622790218 -0.4440114089 
66.05 -2.64407301 -0.4073305183 
66.1 -2.66352569 -0.3707949887 
66.15 -2.68115375 -0.3343340387 
66.2 -2.696959173 -0.2978780284 
66.25 -2.710940494 -0.2613586459 
66.3 -2.723092865 -0.2247090491 
66.35 -2.733408138 -0.1878639689 
66.4 -2.741874941 -0.1507597825 
66.45 -2.748478763 -0.1133345604 
66.5 -2.753202041 -0.07552809671 
66.55 -2.756024242 -0.03728192553 
66.6 -2.756921958 0.001460668332 
66.65 -2.755868984 0.04075463939 
66.7 -2.752836416 0.08065316576 
66.75 -2.747792733 0.1212076213 
66.8 -2.740703894 0.1624675288 
66.85 -2.731533428 0.2044804873 
66.9 -2.720242533 0.2472920647 
66.95 -2.706790186 0.2909456491 
67 -2.691133249 0.3354822481 
67.05 -2.673226602 0.3809402271 
67.1 -2.653023278 0.427354976 
67.15 -2.630474622 0.4747584935 
67.2 -2.605530477 0.5231788768 
67.25 -2.57813939 0.5726397051 
67.3 -2.548248856 0.6231593043 
67.35 -2.515805604 0.674749882 
67.4 -2.480755927 0.7274165204 
67.45 -2.443046064 0.781156018 
67.5 -2.402622649 0.8359555745 
67.55 -2.359433227 0.8917913115 
67.6 -2.313426847 0.9486266348 
67.65 -2.264554742 1.006410442 
67.7 -2.212771106 1.065075192 
67.75 -2.158033958 1.124534867 
67.8 -2.100306129 1.184682856 
67.85 -2.039556337 1.245389827 
67.9 -1.975760378 1.30650164 
67.95 -1.908902417 1.367837407 
68 -1.83897637 1.429187793 
68.05 -1.765987355 1.490313691 
68.1 -1.689953212 1.550945407 
68.15 -1.610906033 1.610782516 
68.2 -1.528893688 1.669494547 
68.25 -1.443981288 1.726722658 
68.3 -1.356252542 1.782082443 
68.35 -1.265810934 1.835167983 
68.4 -1.172780673 1.885557228 
68.45 -1.077307337 1.932818692 
68.5 -0.9795581527 1.976519421 
68.55 -0.8797218416 2.016234059 
68.6 -0.7780079987 2.051554777 
68.65 -0.6746459554 2.082101701 
68.7 -0.5698831182 2.107533439 
68.75 -0.4639827885 2.127557198 
68.8 -0.3572214981 2.141937998 
68.85 -0.2498859167 2.15050645 
68.9 -0.1422694157 2.153164674 
68.95 -0.03466839165 2.149889961 
69 0.07262153285 2.140735961 
69.05 0.1793093033 2.125831299 
69.1 0.2851120946 2.105375687 
69.15 0.3897587201 2.079633746 
69.2 0.4929926816 2.048926902 
69.25 0.5945747748 2.013623801 
69.3 0.6942851897 1.974129751 
69.35 0.7919250689 1.93087572 
69.4 0.8873175169 1.884307405 
69.45 0.9803080718 1.834874801 
69.5 1.070764678 1.783022657 
69.55 1.158577209 1.729182084 
69.6 1.243656603 1.67376349 
69.65 1.325933678 1.617150937 
69.7 1.40535771 1.5596979 
69.75 1.481894816 1.501724385 
69.8 1.555526244 1.443515269 
69.85 1.626246592 1.385319732 
69.9 1.694062029 1.327351596 
69.95 1.758988555 1.269790406 
70 1.82105032 1.212783096 
70.05 1.880278052 1.156446059 
70.1 1.936707583 1.100867514 
70.15 1.990378501 1.046110022 
70.2 2.041332939 0.9922130791 
70.25 2.089614478 0.9391956847 
70.3 2.135267191 0.8870588404 
70.35 2.1783348 0.8357879266 
70.4 2.218859953 0.785354928 
70.45 2.256883606 0.7357204884 
70.5 2.2924445 0.6868357855 
70.55 2.325578738 0.6386442218 
70.6 2.356319427 0.5910829351 
70.65 2.384696406 0.5440841357 
70.7 2.410736023 0.4975762808 
70.75 2.434460977 0.4514850968 
70.8 2.455890206 0.4057344634 
70.85 2.475038811 0.360247174 
70.9 2.491918017 0.3149455842 
70.95 2.506535169 0.2697521639 
71 2.518893751 0.2245899661 
71.05 2.528993418 0.1793830246 
71.1 2.536830061 0.1340566941 
71.15 2.542395877 0.08853794435 
71.2 2.545679459 0.04275562078 
71.25 2.546665893 -0.0033593181 
71.3 2.545336869 -0.04987357382 
71.35 2.541670808 -0.09685128127 
71.4 2.535642991 -0.1443537706 
71.45 2.52722571 -0.1924393067 
71.5 2.516388425 -0.2411627942 
71.55 2.503097941 -0.2905754372 
71.6 2.487318606 -0.3407243407 
71.65 2.469012523 -0.3916520427 
71.7 2.448139793 -0.4433959641 
71.75 2.42465879 -0.4959877648 
71.8 2.39852646 -0.5494525939 
71.85 2.369698677 -0.6038082229 
71.9 2.338130627 -0.6590640542 
71.95 2.303777261 -0.715219994 
72 2.266593797 -0.7722651882 
72.05 2.226536295 -0.8301766186 
72.1 2.183562298 -0.8889175651 
72.15 2.137631567 -0.9484359442 
72.2 2.088706885 -1.008662545 
72.25 2.036754963 -1.069509189 
72.3 1.981747431 -1.130866866 
72.35 1.923661934 -1.192603883 
72.4 1.862483302 -1.25456412 
72.45 1.798204815 -1.31656546 
72.5 1.730829538 -1.378398514 
72.55 1.660371705 -1.43982574 
72.6 1.586858139 -1.500581112 
72.65 1.510329672 -1.56037045 
72.7 1.430842527 -1.618872582 
72.75 1.348469617 -1.67574144 
72.8 1.263301719 -1.730609235 
72.85 1.175448454 -1.783090765 
72.9 1.085039026 -1.83278891 
72.95 0.9922226591 -1.879301294 
73 0.8971686654 -1.922227999 
73.05 0.8000661157 -1.961180181 
73.1 0.7011230536 -1.995789313 
73.15 0.6005652424 -2.025716743 
73.2 0.4986344335 -2.05066314 
73.25 0.3955861737 -2.070377425 
73.3 0.29168719 -2.0846647 
73.35 0.1872124101 -2.093392766 
73.4 0.08244170187 -2.096496839 
73.45 -0.02234357246 -2.093982185 
73.5 -0.126864078 -2.085924497 
73.55 -0.2308459897 -2.072467971 
73.6 -0.3340243235 -2.053821192 
73.65 -0.436146011 -2.030251036 
73.7 -0.5369726266 -2.002074941 
73.75 -0.6362826958 -1.96965194 
73.8 -0.7338735339 -1.933372934 
73.85 -0.8295625887 -1.893650642 
73.9 -0.9231882819 -1.850909687 
73.95 -1.014610367 -1.805577199 
74 -1.103709834 -1.758074233 
74.05 -1.190388418 -1.708808257 
74.1 -1.274567751 -1.658166839 
74.15 -1.35618824 -1.606512598 
74.2 -1.435207716 -1.554179436 
74.25 -1.511599932 -1.501469957 
74.3 -1.585352958 -1.448653999 
74.35 -1.656467521 -1.395968129 
74.4 -1.724955353 -1.343615957 
74.45 -1.790837558 -1.291769128 
74.5 -1.854143058 -1.240568817 
74.55 -1.914907108 -1.190127627 
74.6 -1.973169923 -1.140531732 
74.65 -2.028975415 -1.091843184 
74.7 -2.082370046 -1.044102281 
74.75 -2.133401795 -0.9973299296 
74.8 -2.182119252 -0.9515299491 
74.85 -2.228570817 -0.9066912711 
74.9 -2.272804007 -0.8627900065 
74.95 -2.314864864 -0.8197913626 
75 -2.354797456 -0.7776513981 
75.05 -2.392643458 -0.7363186129 
75.1 -2.42844181 -0.6957353738 
75.15 -2.462228446 -0.6558391813 
75.2 -2.494036074 -0.6165637843 
75.25 -2.523894019 -0.5778401545 
75.3 -2.551828101 -0.5395973282 
75.35 -2.57786056 -0.5017631287 
75.4 -2.602010009 -0.4642647799 
75.45 -2.624291419 -0.427029422 
75.5 -2.644716124 -0.3899845398 
75.55 -2.663291848 -0.3530583145 
75.6 -2.680022749 -0.3161799068 
75.65 -2.694909472 -0.2792796823 
75.7 -2.707949214 -0.2422893861 
75.75 -2.719135795 -0.205142274 
75.8 -2.72845974 -0.1677732092 
75.85 -2.735908357 -0.13011873 
75.9 -2.741465824 -0.09211709457 
75.95 -2.745113278 -0.05370831155 
76 -2.746828897 -0.01483415948 
76.05 -2.746587995 0.02456179614 
76.1 -2.744363108 0.0645341833 
76.15 -2.740124088 0.1051357943 
76.2 -2.733838191 0.1464175402 
76.25 -2.72547018 0.1884283822 
76.3 -2.714982418 0.2312152314 
76.35 -2.702334976 0.2748228088 
76.4 -2.68748575 0.3192934576 
76.45 -2.670390581 0.3646668967 
76.5 -2.651003398 0.4109799064 
76.55 -2.629276371 0.4582659342 
76.6 -2.605160091 0.50655461 
76.65 -2.578603775 0.5558711591 
76.7 -2.549555504 0.6062356988 
76.75 -2.517962497 0.6576624102 
76.8 -2.483771432 0.7101585698 
76.85 -2.446928821 0.7637234345 
76.9 -2.407381436 0.8183469701 
76.95 -2.365076816 0.8740084193 
77 -2.319963836 0.9306747092 
77.05 -2.271993371 0.9882987036 
77.1 -2.221119041 1.046817315 
77.15 -2.167298064 1.106149498 
77.2 -2.110492199 1.166194159 
77.25 -2.050668809 1.226828039 
77.3 -1.987802013 1.287903617 
77.35 -1.921873959 1.349247143 
77.4 -1.852876172 1.410656874 
77.45 -1.780810996 1.471901662 
77.5 -1.705693088 1.532720002 
77.55 -1.627550948 1.592819723 
77.6 -1.546428442 1.651878458 
77.65 -1.462386282 1.709545055 
77.7 -1.375503409 1.765442096 
77.75 -1.285878216 1.819169624 
77.8 -1.193629552 1.870310175 
77.85 -1.098897453 1.918435133 
77.9 -1.001843503 1.963112368 
77.95 -0.9026508023 2.003915021 
78 -0.8015234601 2.040431203 
78.05 -0.6986855927 2.072274308 
78.1 -0.5943797954 2.09909351 
78.15 -0.4888650957 2.120583998 
78.2 -0.3824144123 2.136496418 
78.25 -0.2753115715 2.146645035 
78.3 -0.1678479589 2.150914122 
78.35 -0.06031890247 2.149262207 
78.4 0.04698009542 2.141723887 
78.45 0.1537571543 2.1284091 
78.5 0.2597277111 2.109499861 
78.55 0.3646179933 2.085244665 
78.6 0.4681681597 2.055950855 
78.65 0.5701350182 2.021975403 
78.7 0.6702942523 1.983714587 
78.75 0.7684421156 1.941593093 
78.8 0.8643965773 1.896053059 
78.85 0.9579979283 1.847543512 
78.9 1.049108878 1.796510601 
78.95 1.137614186 1.743388915 
79 1.223419899 1.68859409 
79.05 1.30645224 1.632516809 
79.1 1.386656246 1.575518219 
79.15 1.463994202 1.517926712 
79.2 1.538443952 1.460035966 
79.25 1.609997136 1.402104108 
79.3 1.678657411 1.344353828 
79.35 1.744438702 1.286973283 
79.4 1.807363507 1.230117613 
79.45 1.867461297 1.173910914 
79.5 1.924767019 1.11844853 
79.55 1.97931972 1.063799535 
79.6 2.031161297 1.010009298 
79.65 2.080335377 0.9571020648 
79.7 2.126886322 0.905083466 
79.75 2.170858364 0.8539429256 
79.8 2.212294845 0.803655921 
79.85 2.251237579 0.7541860795 
79.9 2.287726304 0.705487095 
79.95 2.32179823 0.6575044642 
80 2.353487671 0.6101770393 
80.05 2.382825747 0.5634384079 
80.1 2.40984015 0.5172181052 
80.15 2.43455497 0.471442673 
80.2 2.456990571 0.4260365757 
80.25 2.477163501 0.3809229892 
80.3 2.495086452 0.3360244742 
80.35 2.510768239 0.2912635486 
80.4 2.524213814 0.2465631728 
80.45 2.535424293 0.2018471592 
80.5 2.544397016 0.1570405203 
80.55 2.551125607 0.112069766 
80.6 2.555600059 0.06686316271 
80.65 2.557806827 0.0213509647 
80.7 2.557728934 -0.02453437025 
80.75 2.555346083 -0.07085797079 
80.8 2.550634788 -0.1176823361 
80.85 2.543568506 -0.1650671033 
80.9 2.534117792 -0.2130687872 
80.95 2.522250457 -0.261740481 
81 2.507931751 -0.3111315057 
81.05 2.491124561 -0.3612869975 
81.1 2.471789632 -0.4122474203 
81.15 2.449885812 -0.4640479918 
81.2 2.425370336 -0.5167180101 
81.25 2.398199138 -0.5702800711 
81.3 2.368327205 -0.6247491648 
81.35 2.33570899 -0.6801316413 
81.4 2.300298867 -0.7364240408 
81.45 2.262051654 -0.7936117825 
81.5 2.220923208 -0.8516677145 
81.55 2.176871089 -0.9105505293 
81.6 2.129855313 -0.97020306 
81.65 2.079839186 -1.030550479 
81.7 2.026790239 -1.091498432 
81.75 1.970681245 -1.152931156 
81.8 1.911491341 -1.214709636 
81.85 1.849207231 -1.276669883 
81.9 1.783824476 -1.338621424 
81.95 1.715348847 -1.400346104 
82 1.643797733 -1.461597342 
82.05 1.569201567 -1.522099958 
82.1 1.491605246 -1.581550719 
82.15 1.411069503 -1.639619754 
82.2 1.327672184 -1.695952948 
82.25 1.241509373 -1.750175444 
82.3 1.152696324 -1.80189631 
82.35 1.061368117 -1.850714401 
82.4 0.9676800045 -1.896225364 
82.45 0.8718073676 -1.938029683 
82.5 0.7739452605 -1.975741549 
82.55 0.6743074891 -2.00899829 
82.6 0.573125214 -2.037469995 
82.65 0.4706450751 -2.060868915 
82.7 0.3671268616 -2.078958206 
82.75 0.2628407708 -2.09155954 
82.8 0.1580643233 -2.098559172 
82.85 0.05307902117 -2.099912103 
82.9 -0.05183314851 -2.095644083 
82.95 -0.1563932535 -2.085851308 
83 -0.2603288833 -2.070697828 
83.05 -0.363377431 -2.05041079 
83.1 -0.4652890895 -2.025273777 
83.15 -0.5658294736 -1.995618625 
83.2 -0.6647818042 -1.961816124 
83.25 -0.7619486093 -1.924266086 
83.3 -0.8571529225 -1.88338724 
83.35 -0.9502389798 -1.839607371 
83.4 -1.041072439 -1.793354091 
83.45 -1.129540159 -1.745046508 
83.5 -1.215549588 -1.695088029 
83.55 -1.299027826 -1.643860389 
83.6 -1.379920416 -1.591718975 
83.65 -1.458189941 -1.538989405 
83.7 -1.533814469 -1.485965295 
83.75 -1.606785924 -1.43290709 
83.8 -1.677108415 -1.380041835 
83.85 -1.744796579 -1.32756371 
83.9 -1.809873964 -1.275635206 
83.95 -1.872371484 -1.224388771 
84 -1.932325965 -1.173928802 
84.05 -1.989778795 -1.124333867 
84.1 -2.044774698 -1.075659053 
84.15 -2.097360612 -1.027938348 
84.2 -2.147584697 -0.9811870087 
84.25 -2.195495456 -0.9354038458 
84.3 -2.241140966 -0.8905733938 
84.35 -2.284568216 -0.8466679439 
84.4 -2.325822545 -0.8036494199 
84.45 -2.364947163 -0.7614710886 
84.5 -2.40198276 -0.7200791046 
84.55 -2.436967186 -0.6794138907 
84.6 -2.469935194 -0.6394113603 
84.65 -2.500918241 -0.6000039912 
84.7 -2.529944343 -0.5611217592 
84.75 -2.557037972 -0.5226929444 
84.8 -2.582219981 -0.4846448189 
84.85 -2.605507577 -0.4469042307 
84.9 -2.626914309 -0.4093980913 
84.95 -2.64645008 -0.3720537796 
85 -2.664121184 -0.3347994719 
85.05 -2.679930346 -0.2975644069 
85.1 -2.693876785 -0.2602790945 
85.15 -2.705956281 -0.2228754774 
85.2 -2.71616125 -0.1852870521 
85.25 -2.724480822 -0.1474489572 
85.3 -2.730900929 -0.1092980363 
85.35 -2.735404387 -0.07077288064 
85.4 -2.737970984 -0.03181386007 
85.45 -2.738577576 0.007636853611 
85.5 -2.737198168 0.04763526255 
85.55 -2.733804017 0.08823551248 
85.6 -2.728363714 0.1294898489 
85.65 -2.72084329 0.1714485524 
85.7 -2.711206313 0.2141598465 
85.75 -2.699413993 0.2576697678 
85.8 -2.685425296 0.3020219918 
85.85 -2.669197068 0.3472576037 
85.9 -2.650684173 0.3934148045 
85.95 -2.629839643 0.4405285409 
86 -2.606614853 0.4886300492 
86.05 -2.580959721 0.5377462993 
86.1 -2.552822939 0.5878993287 
86.15 -2.522152232 0.6391054528 
86.2 -2.488894675 0.6913743416 
86.25 -2.452997045 0.744707951 
86.3 -2.414406243 0.7990993013 
86.35 -2.373069765 0.8545310965 
86.4 -2.328936268 0.9109741836 
86.45 -2.281956192 0.9683858552 
86.5 -2.232082494 1.026708007 
86.55 -2.179271459 1.08586517 
86.6 -2.123483625 1.145762452 
86.65 -2.064684801 1.206283427 
86.7 -2.002847201 1.267288038 
86.75 -1.937950676 1.328610594 
86.8 -1.869984038 1.390057945 
86.85 -1.798946479 1.451407965 
86.9 -1.724849043 1.512408462 
86.95 -1.647716146 1.572776676 
87 -1.567587107 1.632199509 
87.05 -1.484517634 1.690334658 
87.1 -1.398581238 1.74681279 
87.15 -1.309870505 1.801240913 
87.2 -1.218498168 1.853207006 
87.25 -1.124597916 1.902285987 
87.3 -1.02832487 1.948046962 
87.35 -0.9298556654 1.990061673 
87.4 -0.8293880921 2.027913935 
87.45 -0.727140236 2.061209773 
87.5 -0.623349109 2.089587878 
87.55 -0.5182687556 2.112729936 
87.6 -0.4121678569 2.130370323 
87.65 -0.3053268768 2.142304661 
87.7 -0.1980348186 2.148396744 
87.75 -0.09058568493 2.148583433 
87.8 0.0167252494 2.14287719 
87.85 0.1236052285 2.131366101 
87.9 0.2297677438 2.114211354 
87.95 0.334936076 2.091642309 
88 0.438846535 2.063949459 
88.05 0.5412513038 2.031475649 
88.1 0.6419208095 1.99460606 
88.15 0.7406455738 1.953757459 
88.2 0.8372375176 1.909367243 
88.25 0.9315307234 1.861882747 
88.3 1.023381679 1.811751233 
88.35 1.112669042 1.759410889 
88.4 1.19929299 1.705283057 
88.45 1.283174209 1.649765825 
88.5 1.3642526 1.59322904 
88.55 1.442485776 1.536010699 
88.6 1.517847398 1.478414623 
88.65 1.59032544 1.420709309 
88.7 1.659920414 1.36312777 
88.75 1.726643605 1.305868218 
88.8 1.790515367 1.249095404 
88.85 1.851563494 1.192942468 
88.9 1.90982169 1.137513137 
88.95 1.965328161 1.082884153 
89 2.018124329 1.029107822 
89.05 2.068253672 0.9762145813 
89.1 2.115760699 0.9242155384 
89.15 2.16069004 0.8731049014 
89.2 2.203085661 0.8228622837 
89.25 2.242990192 0.7734548464 
89.3 2.280444346 0.7248392658 
89.35 2.315486451 0.6769635209 
89.4 2.348152045 0.6297684975 
89.45 2.378473566 0.5831894173 
89.5 2.406480099 0.5371570966 
89.55 2.43219718 0.4915990485 
89.6 2.455646659 0.4464404386 
89.65 2.476846606 0.4016049086 
89.7 2.495811246 0.3570152803 
89.75 2.51255094 0.3125941552 
89.8 2.527072183 0.2682644209 
89.85 2.53937763 0.2239496787 
89.9 2.549466142 0.1795746041 
89.95 2.557332849 0.1350652532 
90 2.562969222 0.09034932486 
90.05 2.566363162 0.04535639148 
90.1 2.567499102 1.810852717e-05 
90.15 2.566358113 -0.04573158635 
90.2 2.562918024 -0.09195627393 
90.25 2.557153551 -0.1387168429 
90.3 2.549036439 -0.1860712578 
90.35 2.538535612 -0.2340742933 
90.4 2.525617341 -0.2827772258 
90.45 2.51024543 -0.3322274674 
90.5 2.492381417 -0.3824681341 
90.55 2.4719848 -0.4335375332 
90.6 2.449013298 -0.4854685596 
90.65 2.423423132 -0.5382879888 
90.7 2.395169356 -0.5920156546 
90.75 2.364206223 -0.6466635027 
90.8 2.330487611 -0.7022345103 
90.85 2.293967497 -0.7587214666 
90.9 2.254600501 -0.8161056111 
90.95 2.212342502 -0.8743551324 
91 2.167151327 -0.9334235358 
91.05 2.118987535 -0.993247896 
91.1 2.067815276 -1.05374702 
91.15 2.013603258 -1.114819559 
91.2 1.956325801 -1.176342118 
91.25 1.89596398 -1.238167431 
91.3 1.832506871 -1.300122679 
91.35 1.765952855 -1.362008056 
91.4 1.696311004 -1.423595691 
91.45 1.6236025 -1.484629055 
91.5 1.547862066 -1.544823001 
91.55 1.469139385 -1.60386456 
91.6 1.387500448 -1.66141466 
91.65 1.303028801 -1.717110869 
91.7 1.215826612 -1.77057127 
91.75 1.126015535 -1.821399534 
91.8 1.033737267 -1.869191178 
91.85 0.9391537856 -1.913540951 
91.9 0.8424471754 -1.954051207 
91.95 0.7438190245 -1.990341035 
92 0.6434893492 -2.022055838 
92.05 0.5416950362 -2.048876977 
92.1 0.4386878103 -2.070531065 
92.15 0.3347317557 -2.086798427 
92.2 0.2301004443 -2.0975203 
92.25 0.1250737446 -2.102604343 
92.3 0.01993440383 -2.10202814 
92.35 -0.08503548916 -2.095840472 
92.4 -0.1895580472 -2.084160252 
92.45 -0.2933630173 -2.06717319 
92.5 -0.3961909924 -2.045126355 
92.55 -0.4977963052 -2.018320932 
92.6 -0.597949523 -1.987103581 
92.65 -0.6964394838 -1.951856833 
92.7 -0.7930748396 -1.912988999 
92.75 -0.8876850908 -1.870924057 
92.8 -0.9801211242 -1.826091913 
92.85 -1.070255281 -1.778919403 
92.9 -1.157980998 -1.729822285 
92.95 -1.243212078 -1.679198408 
93 -1.32588165 -1.627422149 
93.05 -1.405940883 -1.574840146 
93.1 -1.483357521 -1.521768273 
93.15 -1.558114288 -1.468489773 
93.2 -1.630207239 -1.415254421 
93.25 -1.699644076 -1.362278571 
93.3 -1.766442502 -1.309745932 
93.35 -1.830628614 -1.257808921 
93.4 -1.892235386 -1.206590455 
93.45 -1.951301242 -1.156186046 
93.5 -2.007868744 -1.106666081 
93.55 -2.061983396 -1.058078202 
93.6 -2.113692564 -1.010449708 
93.65 -2.163044519 -0.9637898997 
93.7 -2.210087597 -0.9180923453 
93.75 -2.254869462 -0.8733370109 
93.8 -2.297436478 -0.8294922507 
93.85 -2.337833175 -0.7865166323 
93.9 -2.376101803 -0.7443605969 
93.95 -2.412281959 -0.7029679516 
94 -2.446410296 -0.6622771995 
94.05 -2.478520282 -0.6222227131 
94.1 -2.508642025 -0.5827357617 
94.15 -2.536802134 -0.543745402 
94.2 -2.563023633 -0.5051792441 
94.25 -2.587325906 -0.4669641042 
94.3 -2.609724668 -0.4290265542 
94.35 -2.630231965 -0.3912933807 
94.4 -2.648856199 -0.3536919634 
94.45 -2.665602159 -0.3161505816 
94.5 -2.680471079 -0.2785986602 
94.55 -2.693460693 -0.2409669621 
94.6 -2.704565314 -0.2031877359 
94.65 -2.713775903 -0.1651948269 
94.7 -2.721080158 -0.1269237574 
94.75 -2.726462595 -0.08831178499 
94.8 -2.729904636 -0.04929794366 
94.85 -2.731384703 -0.009823075784 
94.9 -2.730878303 0.03017013932 
94.95 -2.728358124 0.07073715319 
95 -2.72379413 0.1119315057 
95.05 -2.717153656 0.1538047651 
95.1 -2.708401511 0.1964064422 
95.15 -2.69750008 0.2397838728 
95.2 -2.684409442 0.2839820564 
95.25 -2.669087486 0.3290434451 
95.3 -2.651490048 0.3750076708 
95.35 -2.63157106 0.421911201 
95.4 -2.609282721 0.4697869114 
95.45 -2.584575683 0.5186635639 
95.5 -2.557399278 0.5685651787 
95.55 -2.527701769 0.6195102866 
95.6 -2.495430649 0.6715110523 
95.65 -2.460532983 0.7245722553 
95.7 -2.422955805 0.7786901218 
95.75 -2.382646579 0.8338509987 
95.8 -2.339553729 0.8900298692 
95.85 -2.293627247 0.947188709 
95.9 -2.244819392 1.005274695 
95.95 -2.19308547 1.064218283 
96 -2.138384726 1.123931178 
96.05 -2.080681331 1.184304244 
96.1 -2.01994548 1.245205407 
96.15 -1.956154585 1.306477616 
96.2 -1.889294577 1.367936963 
96.25 -1.819361286 1.42937106 
96.3 -1.746361902 1.490537809 
96.35 -1.670316478 1.551164698 
96.4 -1.591259454 1.610948789 
96.45 -1.509241165 1.669557545 
96.5 -1.424329273 1.726630662 
96.55 -1.336610093 1.781783038 
96.6 -1.246189729 1.834608984 
96.65 -1.153194972 1.884687756 
96.7 -1.057773887 1.931590382 
96.75 -0.960096027 1.974887725 
96.8 -0.8603522184 2.014159601 
96.85 -0.7587538674 2.049004709 
96.9 -0.6555317573 2.079050993 
96.95 -0.550934326 2.103966043 
97 -0.4452254323 2.123467014 
97.05 -0.3386816489 2.13732958 
97.1 -0.2315891422 2.145395413 
97.15 -0.1242402244 2.147577755 
97.2 -0.01692968251 2.14386473 
97.25 0.09004899783 2.134320187 
97.3 0.1964073861 2.119081995 
97.35 0.3018657141 2.098357887 
97.4 0.4061562179 2.072419077 
97.45 0.5090261131 2.041592025 
97.5 0.6102401206 2.006248787 
97.55 0.7095824856 1.966796482 
97.6 0.8068584584 1.92366637 
97.65 0.9018952302 1.87730306 
97.7 0.9945423409 1.828154261 
97.75 1.084671597 1.776661441 
97.8 1.172176548 1.723251657 
97.85 1.256971593 1.668330707 
97.9 1.338990771 1.61227769 
97.95 1.418186322 1.555440955 
98 1.494527075 1.498135378 
98.05 1.567996733 1.440640838 
98.1 1.638592105 1.383201754 
98.15 1.706321344 1.326027505 
98.2 1.771202214 1.269293565 
98.25 1.833260445 1.213143198 
98.3 1.892528163 1.157689549 
98.35 1.949042449 1.103018004 
98.4 2.002844013 1.049188703 
98.45 2.053975992 0.9962390992 
98.5 2.102482883 0.9441865149 
98.55 2.148409596 0.893030602 
98.6 2.191800632 0.8427556889 
98.65 2.232699373 0.7933329739 
98.7 2.271147471 0.7447225479 
98.75 2.307184348 0.6968752387 
98.8 2.340846769 0.6497342723 
98.85 2.3721685 0.6032367569 
98.9 2.40118004 0.557314995 
98.95 2.427908405 0.5118976339 
99 2.452376975 0.4669106671 
99.05 2.47460538 0.422278298 
99.1 2.494609432 0.3779236803 
99.15 2.512401087 0.3337695489 
99.2 2.52798844 0.289738753 
99.25 2.541375739 0.2457547056 
99.3 2.552563426 0.2017417619 
99.35 2.561548191 0.1576255376 
99.4 2.568323042 0.1133331798 
99.45 2.572877386 0.06879360087 
99.5 2.575197127 0.02393768624 
99.55 2.575264764 -0.02130151268 
99.6 2.573059508 -0.0669885909 
99.65 2.568557403 -0.1131855964 
99.7 2.561731458 -0.1599518207 
99.75 2.552551792 -0.207343562 
99.8 2.54098579 -0.2554138515 
99.85 2.526998271 -0.3042121293 
99.9 2.510551682 -0.3537838603 
99.95 2.491606306 -0.4041700774 
100 2.470120494 -0.4554068399 
