1.10795872422439482889e-01    2.18892629587439125060e-01
3.32414692342231807054e-01    1.98462850254186477710e-01
5.54114823591616988249e-01    1.63130030502782941425e-01
7.75950761540145781976e-01    1.21537986844104181985e-01
9.97977436098105243902e-01    8.20518273912244646789e-02
1.22025039121895305882e+00    5.01758126774286956964e-02
1.44282597021593278768e+00    2.77791273859335142698e-02
1.66576150874150946983e+00    1.39156652202318064178e-02
1.88911553742700837153e+00    6.30300028560805254921e-03
2.11294799637118795206e+00    2.57927326005909017346e-03
2.33732046390687850509e+00    9.52692188548619117497e-04
2.56229640237260802502e+00    3.17291971043300305539e-04
2.78794142398198931316e+00    9.51716277855096647040e-05
3.01432358033115551667e+00    2.56761593845490630553e-05
3.24151367963101295043e+00    6.22152481777786331722e-06
3.46958563641858916968e+00    1.35179715911036728661e-06
3.69861685931849193984e+00    2.62909748375372507934e-07
3.92868868342767097205e+00    4.56812750848493951350e-08
4.15988685513103054019e+00    7.07585728388957290740e-09
4.39230207868268401677e+00    9.74792125387162124528e-10
4.62603063578715577309e+00    1.19130063492907294976e-10
4.86117509179121020995e+00    1.28790382573155823282e-11
5.09784510508913624692e+00    1.22787851441012497000e-12
5.33615836013836049734e+00    1.02887493735099254677e-13
5.57624164932992410311e+00    7.54889687791524329227e-15
5.81823213520351704715e+00    4.82983532170303334787e-16
6.06227883261430263882e+00    2.68249216476037608006e-17
6.30854436111213512156e+00    1.28683292112115327575e-18
6.55720703192153931598e+00    5.30231618313184868536e-20
6.80846335285879641431e+00    1.86499767513025225814e-21
7.06253106024886543766e+00    5.56102696165916731717e-23
7.31965282230453531632e+00    1.39484152606876708047e-24
7.58010080785748888415e+00    2.91735007262933241788e-26
7.84418238446082116862e+00    5.03779116621318778423e-28
8.11224731116279191689e+00    7.10181222638493422964e-30
8.38469694041626507474e+00    8.06743427870937717382e-32
8.66199616813451771409e+00    7.27457259688776757460e-34
8.94468921732547447845e+00    5.11623260438522218054e-36
9.23342089021916155069e+00    2.74878488435711249209e-38
9.52896582339011480496e+00    1.10047068271422366943e-40
9.83226980777796909401e+00    3.18521787783591793076e-43
1.01445099412928454695e+01    6.42072520534847248278e-46
1.04671854213428121416e+01    8.59756395482527161007e-49
1.08022607536847145950e+01    7.19152946346337102982e-52
1.11524043855851252649e+01    3.45947793647555044453e-55
1.15214154007870302416e+01    8.51888308176163378638e-59
1.19150619431141658018e+01    9.01922230369355617950e-63
1.23429642228596742953e+01    3.08302899000327481204e-67
1.28237997494878089065e+01    1.97286057487945255443e-72
1.34064873381449101387e+01    5.90806786503120681541e-79