0.33333333333333331483 177.82143357058768107 1.1999999999999999457e-06
0.2000000000000000111 16.873241744673511233 2.2000000000000001122e-06
0.14285714285714284921 3.6608396328464186675 2.5000000000000002045e-06
0.11111111111111110494 1.1989427556686378384 2.6999999999999999837e-06
0.090909090909090911614 0.49914145828369671509 3.4999999999999999475e-06
0.076923076923076927347 0.24286982983620641896 3.8999999999999999294e-06
0.066666666666666665741 0.13180614455196848489 4.3000000000000003348e-06
0.058823529411764705066 0.077535005736531048548 4.8999999999999996724e-06
0.052631578947368418131 0.048522039457305377042 5.8000000000000003728e-06
0.047619047619047616404 0.031890569567135984563 6.000000000000000152e-06
0.043478260869565216185 0.021809688070387411862 6.4999999999999996e-06
0.040000000000000000833 0.015414162050981228269 7.0999999999999997846e-06
0.037037037037037034981 0.011199592966168236963 7.50000000000000019e-06
0.034482758620689654694 0.0083315552290122996126 8.1000000000000003746e-06
0.032258064516129031363 0.0063253578762357820509 8.6999999999999997122e-06
0.030303030303030303871 0.0048881407866107062787 9.2000000000000000072e-06
0.028571428571428570536 0.0038368231525006679661 1.0200000000000000597e-05
0.027027027027027028527 0.0030535005820568894563 1.0200000000000000597e-05
0.025641025641025640136 0.0024602297937136308192 1.0900000000000000671e-05
0.024390243902439025236 0.0020042746691245616475 1.1399999999999999272e-05
0.02325581395348837177 0.001649206527510993503 1.1899999999999999567e-05
0.02222222222222222307 0.001369388003481963878 1.2399999999999999862e-05
0.021276595744680850547 0.0011464698222215519152 1.29999999999999992e-05
0.02040816326530612082 0.00096711650817649097434 1.3900000000000000747e-05
0.019607843137254901689 0.00082150019223725667672 1.4600000000000000822e-05
0.018867924528301886072 0.00070228482431688998844 1.5200000000000000159e-05
0.018181818181818180935 0.00060392963836186641657 1.569999999999999876e-05
0.017543859649122806044 0.00052220418424397951895 1.6299999999999999792e-05
0.016949152542372881297 0.00045384587921337704586 1.6799999999999998393e-05
0.016393442622950820525 0.00039631502825154818481 1.7300000000000000382e-05
0.015873015873015872135 0.00034761744320388476837 1.7799999999999998983e-05
0.015384615384615385469 0.00030617455715320485155 1.8400000000000000014e-05
0.014925373134328357924 0.00027072731569954822106 1.9499999999999999647e-05
0.014492753623188405973 0.00024026436213275825793 1.9499999999999999647e-05
0.014084507042253521444 0.00021396788105065844832 2.0199999999999999721e-05
0.013698630136986300609 0.00019117240547472658108 2.0699999999999998322e-05
0.013333333333333334189 0.00017133322956497387679 2.1399999999999998396e-05
0.012987012987012987869 0.00015400200165738286984 2.1800000000000001343e-05
0.012658227848101265625 0.00013880772883523295746 2.2500000000000001417e-05
0.012345679012345678327 0.00012544189238838931999 2.3000000000000000018e-05
0.012048192771084337976 0.00011364670894375983323 2.360000000000000105e-05
0.011764705882352941013 0.00010320581572031972684 2.4199999999999998693e-05
0.011494252873563218231 9.3936836082719743501e-05 2.4700000000000000682e-05
0.011235955056179774969 8.568541330344903173e-05 2.5199999999999999283e-05
0.010989010989010989869 7.8320397035924749218e-05 2.5800000000000000315e-05
0.010752688172043011611 7.1729940299802841253e-05 2.6299999999999998916e-05
0.010526315789473683973 6.5818319871957520206e-05 2.699999999999999899e-05
0.010309278350515463721 6.0503333648598278671e-05 2.7500000000000000979e-05
0.010101010101010101869 5.5714161434461395572e-05 2.799999999999999958e-05
