0.05 0.005 0.09985 
0.1 0.0099925 0.09970006878 
0.15 0.01497750344 0.09954927068 
0.2 0.01995496697 0.0993957424 
0.25 0.02492475409 0.09923670518 
0.3 0.02988658935 0.09906848087 
0.35 0.0348400134 0.09888651211 
0.4 0.039784339 0.09868538664 
0.45 0.04471860833 0.09845886587 
0.5 0.04964155163 0.09819991798 
0.55 0.05455154753 0.09790075571 
0.6 0.05944658531 0.09755287892 
0.65 0.06432422926 0.09714712243 
0.7 0.06918158538 0.09667370902 
0.75 0.07401527083 0.09612230806 
0.8 0.07882138623 0.09548209975 
0.85 0.08359549122 0.09474184531 
0.9 0.08833258349 0.09388996299 
0.95 0.09302708164 0.09291461005 
1 0.09767281214 0.0918037707 
1.05 0.1022630007 0.0905453498 
1.1 0.1067902682 0.08912727212 
1.15 0.1112466318 0.08753758688 
1.2 0.1156235111 0.08576457713 
1.25 0.11991174 0.08379687345 
1.3 0.1241015836 0.08162357124 
1.35 0.1281827622 0.07923435101 
1.4 0.1321444798 0.07661960055 
1.45 0.1359754598 0.0737705382 
1.5 0.1396639867 0.07067933595 
1.55 0.1431979535 0.06733924124 
1.6 0.1465649156 0.06374469613 
1.65 0.1497521504 0.05989145245 
1.7 0.152746723 0.05577668155 
1.75 0.1555355571 0.05139907704 
1.8 0.1581055109 0.04675894918 
1.85 0.1604434584 0.0418583092 
1.9 0.1625363738 0.03670094233 
1.95 0.1643714209 0.03129246776 
2 0.1659360443 0.02564038452 
2.05 0.1672180636 0.01975410171 
2.1 0.1682057686 0.01364495206 
2.15 0.1688880162 0.007326187876 
2.2 0.1692543256 0.0008129583448 
2.25 0.1692949736 -0.005877732249 
2.3 0.1690010869 -0.01272708594 
2.35 0.1683647326 -0.01971459231 
2.4 0.167379003 -0.02681812944 
2.45 0.1660380966 -0.03401408436 
2.5 0.1643373923 -0.04127749237 
2.55 0.1622735177 -0.04858219438 
2.6 0.159844408 -0.05590101125 
2.65 0.1570493574 -0.06320593362 
2.7 0.1538890608 -0.07046832572 
2.75 0.1503656445 -0.07765914114 
2.8 0.1464826874 -0.08474914854 
2.85 0.14224523 -0.09170916492 
2.9 0.1376597717 -0.09851029397 
2.95 0.132734257 -0.1051241668 
3 0.1274780487 -0.111523182 
3.05 0.1219018896 -0.1176807432 
3.1 0.1160178524 -0.1235714895 
3.15 0.109839278 -0.1291715174 
3.2 0.1033807021 -0.1344585907 
3.25 0.09665777257 -0.1394123361 
3.3 0.08968715577 -0.1440144211 
3.35 0.08248643471 -0.1482487128 
3.4 0.07507399907 -0.152101415 
3.45 0.06746892833 -0.1555611815 
3.5 0.05969086925 -0.1586192051 
3.55 0.051759909 -0.1612692801 
3.6 0.04369644499 -0.1635078383 
3.65 0.03552105308 -0.1653339572 
3.7 0.02725435522 -0.1667493423 
3.75 0.0189168881 -0.1677582818 
3.8 0.01052897402 -0.1683675759 
3.85 0.00211059522 -0.1685864422 
3.9 -0.006318726888 -0.1684263969 
3.95 -0.01474004673 -0.1679011168 
4 -0.02313510257 -0.1670262807 
4.05 -0.03148641661 -0.1658193963 
4.1 -0.03977738642 -0.1642996113 
4.15 -0.04799236699 -0.1624875153 
4.2 -0.05611674275 -0.1604049322 
4.25 -0.06413698936 -0.1580747073 
4.3 -0.07204072473 -0.1555204922 
4.35 -0.07981674934 -0.1527665284 
4.4 -0.08745507576 -0.1498374347 
4.45 -0.09494694749 -0.1467579984 
4.5 -0.1022848474 -0.1435529735 
4.55 -0.1094624961 -0.1402468884 
4.6 -0.1164748405 -0.1368638633 
4.65 -0.1233180337 -0.1334274402 
4.7 -0.1299894057 -0.1299604256 
4.75 -0.136487427 -0.1264847474 
4.8 -0.1428116643 -0.1230213264 
4.85 -0.1489627307 -0.1195899626 
4.9 -0.1549422288 -0.1162092367 
4.95 -0.1607526906 -0.1128964261 
5 -0.1663975119 -0.1096674366 
5.05 -0.1718808838 -0.1065367471 
5.1 -0.1772077211 -0.1035173681 
5.15 -0.1823835895 -0.1006208134 
5.2 -0.1874146302 -0.0978570825 
5.25 -0.1923074843 -0.0952346552 
5.3 -0.1970692171 -0.09276049458 
5.35 -0.2017072418 -0.09044005944 
5.4 -0.2062292448 -0.08827732418 
5.45 -0.210643111 -0.08627480503 
5.5 -0.2149568512 -0.08443359191 
5.55 -0.2191785308 -0.08275338469 
5.6 -0.2233162001 -0.08123253293 
5.65 -0.2273778267 -0.07986807831 
5.7 -0.2313712306 -0.07865579897 
5.75 -0.2353040206 -0.07759025494 
5.8 -0.2391835333 -0.07666483429 
5.85 -0.243016775 -0.07587179924 
5.9 -0.246810365 -0.07520233217 
5.95 -0.2505704816 -0.07464658101 
6 -0.2543028107 -0.07419370401 
6.05 -0.2580124959 -0.07383191373 
6.1 -0.2617040915 -0.07354852045 
6.15 -0.2653815176 -0.073329975 
6.2 -0.2690480163 -0.07316191141 
6.25 -0.2727061119 -0.07302918959 
6.3 -0.2763575714 -0.07291593848 
6.35 -0.2800033683 -0.07280560028 
6.4 -0.2836436483 -0.07268097609 
6.45 -0.2872776971 -0.07252427367 
6.5 -0.2909039108 -0.07231715793 
6.55 -0.2945197687 -0.07204080478 
6.6 -0.2981218089 -0.07167595888 
6.65 -0.3017056069 -0.07120299617 
6.7 -0.3052657567 -0.07060199147 
6.75 -0.3087958562 -0.06985279202 
6.8 -0.3122884959 -0.06893509732 
6.85 -0.3157352507 -0.06782854579 
6.9 -0.319126678 -0.06651280858 
6.95 -0.3224523184 -0.06496769093 
7 -0.325700703 -0.06317324109 
7.05 -0.328859365 -0.06110986704 
7.1 -0.3319148584 -0.05875846079 
7.15 -0.3348527814 -0.05610053007 
7.2 -0.3376578079 -0.05311833716 
7.25 -0.3403137248 -0.04979504417 
7.3 -0.342803477 -0.04611486417 
7.35 -0.3451092202 -0.04206321736 
7.4 -0.3472123811 -0.03762689109 
7.45 -0.3490937256 -0.03279420283 
7.5 -0.3507334358 -0.02755516446 
7.55 -0.352111194 -0.02190164659 
7.6 -0.3532062763 -0.01582754122 
7.65 -0.3539976534 -0.009328920991 
7.7 -0.3544640994 -0.002404193119 
7.75 -0.3545843091 0.004945753898 
7.8 -0.3543370214 0.01271741289 
7.85 -0.3537011507 0.02090453201 
7.9 -0.3526559241 0.0294980024 
7.95 -0.351181024 0.03848576142 
8 -0.349256736 0.04785271395 
8.05 -0.3468641003 0.05758067366 
8.1 -0.3439850666 0.06764832633 
8.15 -0.3406026503 0.07803121733 
8.2 -0.3367010894 0.08870176503 
8.25 -0.3322660011 0.09962930192 
8.3 -0.327284536 0.1107801449 
8.35 -0.3217455288 0.122117696 
8.4 -0.315639644 0.1336025753 
8.45 -0.3089595152 0.1451927849 
8.5 -0.301699876 0.1568439076 
8.55 -0.2938576806 0.1685093367 
8.6 -0.2854322138 0.1801405392 
8.65 -0.2764251868 0.191687351 
8.7 -0.2668408193 0.2030983016 
8.75 -0.2566859042 0.2143209682 
8.8 -0.2459698558 0.2253023557 
8.85 -0.234704738 0.2359892997 
8.9 -0.222905273 0.2463288899 
8.95 -0.2105888285 0.2562689084 
9 -0.1977753831 0.2657582789 
9.05 -0.1844874692 0.2747475227 
9.1 -0.170750093 0.2831892137 
9.15 -0.1565906323 0.2910384282 
9.2 -0.1420387109 0.2982531828 
9.25 -0.1271260518 0.3047948529 
9.3 -0.1118863091 0.3106285681 
9.35 -0.09635488074 0.3157235742 
9.4 -0.08056870202 0.3200535601 
9.45 -0.06456602402 0.3235969404 
9.5 -0.048386177 0.3263370906 
9.55 -0.03206932247 0.3282625305 
9.6 -0.01565619594 0.3293670515 
9.65 0.0008121566348 0.3296497857 
9.7 0.01729464592 0.329115216 
9.75 0.03375040672 0.3277731253 
9.8 0.05013906299 0.3256384874 
9.85 0.06642098736 0.3227312992 
9.9 0.08255755232 0.31907636 
9.95 0.09851137032 0.3147029984 
10 0.1142465202 0.3096447537 
10.05 0.1297287579 0.3039390177 
10.1 0.1449257088 0.2976266399 
10.15 0.1598070408 0.2907515067 
10.2 0.1743446161 0.2833600976 
10.25 0.188512621 0.2755010276 
10.3 0.2022876724 0.2672245817 
10.35 0.2156489015 0.2585822478 
10.4 0.2285780139 0.2496262551 
10.45 0.2410593266 0.2404091227 
10.5 0.2530797828 0.2309832245 
10.55 0.264628944 0.2214003747 
10.6 0.2756989627 0.2117114377 
10.65 0.2862845346 0.2019659663 
10.7 0.2963828329 0.1922118704 
10.75 0.3059934264 0.1824951178 
10.8 0.3151181823 0.1728594692 
10.85 0.3237611558 0.163346248 
10.9 0.3319284682 0.1539941446 
10.95 0.3396281754 0.1448390551 
11 0.3468701282 0.1359139531 
11.05 0.3536658258 0.1272487953 
11.1 0.3600282656 0.1188704565 
11.15 0.3659717884 0.1108026942 
11.2 0.3715119231 0.1030661409 
11.25 0.3766652302 0.09567832016 
11.3 0.3814491462 0.08865368624 
11.35 0.3858818305 0.08200368333 
11.4 0.3899820147 0.07573682288 
11.45 0.3937688558 0.06985877622 
11.5 0.3972617946 0.06437248019 
11.55 0.4004804186 0.05927825351 
11.6 0.4034443313 0.05457392164 
11.65 0.4061730274 0.05025494796 
11.7 0.4086857748 0.04631456944 
11.75 0.4110015033 0.04274393478 
11.8 0.4131387 0.03953224353 
11.85 0.4151153122 0.03666688453 
11.9 0.4169486564 0.03413357249 
11.95 0.418655335 0.03191648143 
12 0.4202511591 0.02999837416 
12.05 0.4217510778 0.02836072691 
12.1 0.4231691142 0.02698384864 
12.15 0.4245183066 0.02584699454 
12.2 0.4258106563 0.02492847361 
12.25 0.42705708 0.02420575007 
12.3 0.4282673675 0.02365553903 
12.35 0.4294501444 0.02325389629 
12.4 0.4306128393 0.02297630304 
12.45 0.4317616544 0.02279774567 
12.5 0.4329015417 0.02269279158 
12.55 0.4340361813 0.02263566149 
12.6 0.4351679643 0.02260029925 
12.65 0.4362979793 0.02256043986 
12.7 0.4374260013 0.02248967671 
12.75 0.4385504851 0.02236152893 
12.8 0.4396685616 0.0221495098 
12.85 0.4407760371 0.02182719716 
12.9 0.4418673969 0.02136830671 
12.95 0.4429358123 0.02074676911 
13 0.4439731507 0.0199368116 
13.05 0.4449699913 0.01891304491 
13.1 0.4459156435 0.01765055612 
13.15 0.4467981714 0.01612500785 
13.2 0.4476044217 0.01431274439 
13.25 0.448320059 0.01219090477 
13.3 0.4489296042 0.009737543096 
13.35 0.4494164814 0.006931755978 
13.4 0.4497630692 0.00375381685 
13.45 0.44995076 0.0001853168511 
13.5 0.4499600258 -0.00379068836 
13.55 0.4497704914 -0.008189526558 
13.6 0.4493610151 -0.01302475261 
13.65 0.4487097775 -0.01830798895 
13.7 0.447794378 -0.02404876405 
13.75 0.4465919398 -0.03025435055 
13.8 0.4450792223 -0.03692960428 
13.85 0.4432327421 -0.04407680636 
13.9 0.4410289018 -0.05169550992 
13.95 0.4384441263 -0.0597823936 
14 0.4354550066 -0.06833112407 
14.05 0.4320384504 -0.07733222957 
14.1 0.4281718389 -0.08677298703 
14.15 0.4238331895 -0.09663732501 
14.2 0.4190013233 -0.106905745 
14.25 0.413656036 -0.1175552634 
14.3 0.4077782729 -0.1285593767 
14.35 0.401350304 -0.1398880526 
14.4 0.3943559014 -0.1515077485 
14.45 0.386780514 -0.1633814612 
14.5 0.3786114409 -0.1754688077 
14.55 0.3698380005 -0.1877261415 
14.6 0.3604516935 -0.2001067039 
14.65 0.3504463583 -0.2125608136 
14.7 0.3398183176 -0.2250360934 
14.75 0.3285665129 -0.2374777371 
14.8 0.3166926261 -0.2498288144 
14.85 0.3042011853 -0.2620306148 
14.9 0.2910996546 -0.2740230287 
14.95 0.2773985032 -0.2857449643 
15 0.263111255 -0.2971347971 
15.05 0.2482545151 -0.3081308491 
15.1 0.2328479726 -0.3186718941 
15.15 0.2169143779 -0.3286976822 
15.2 0.2004794938 -0.3381494804 
15.25 0.1835720198 -0.3469706204 
15.3 0.1662234888 -0.3551070475 
15.35 0.1484681364 -0.3625078634 
15.4 0.1303427432 -0.3691258537 
15.45 0.1118864506 -0.3749179918 
15.5 0.09314055097 -0.3798459119 
15.55 0.07414825538 -0.3838763411 
15.6 0.05495443832 -0.3869814851 
15.65 0.03560536406 -0.3891393569 
15.7 0.01614839622 -0.3903340454 
15.75 -0.003368306049 -0.3905559162 
15.8 -0.02289610186 -0.3898017417 
15.85 -0.04238618895 -0.3880747565 
15.9 -0.06178992677 -0.3853846372 
15.95 -0.08105915863 -0.3817474077 
16 -0.100146529 -0.3771852691 
16.05 -0.1190057925 -0.3717263599 
16.1 -0.1375921105 -0.3654044491 
16.15 -0.1558623329 -0.3582585689 
16.2 -0.1737752614 -0.350332593 
16.25 -0.191291891 -0.3416747686 
16.3 -0.2083756294 -0.3323372102 
16.35 -0.2249924899 -0.3223753632 
16.4 -0.2411112581 -0.3118474475 
16.45 -0.2567036305 -0.3008138885 
16.5 -0.2717443249 -0.2893367442 
16.55 -0.2862111621 -0.2774791374 
16.6 -0.300085119 -0.2653046989 
16.65 -0.3133503539 -0.2528770307 
16.7 -0.3259942055 -0.2402591921 
16.75 -0.3380071651 -0.2275132165 
16.8 -0.3493828259 -0.214699662 
16.85 -0.360117809 -0.2018771987 
16.9 -0.3702116689 -0.1891022361 
16.95 -0.3796667807 -0.1764285915 
17 -0.3884882103 -0.1639072008 
17.05 -0.3966835704 -0.1515858711 
17.1 -0.4042628639 -0.1395090764 
17.15 -0.4112383177 -0.1277177935 
17.2 -0.4176242074 -0.1162493775 
17.25 -0.4234366763 -0.1051374764 
17.3 -0.4286935501 -0.09441198004 
17.35 -0.4334141491 -0.0840990041 
17.4 -0.4376190993 -0.07422090416 
17.45 -0.4413301445 -0.06479631888 
17.5 -0.4445699605 -0.0558402388 
17.55 -0.4473619724 -0.04736409827 
17.6 -0.4497301773 -0.03937588765 
17.65 -0.4516989717 -0.0318802832 
17.7 -0.4532929859 -0.02487879185 
17.75 -0.4545369254 -0.01836990828 
17.8 -0.4554554209 -0.01234928182 
17.85 -0.4560728849 -0.006809890759 
17.9 -0.4564133795 -0.001742221765 
17.95 -0.4565004906 0.002865547719 
18 -0.4563572132 0.007027366031 
18.05 -0.4560058449 0.01075912464 
18.1 -0.4554678887 0.01407847793 
18.15 -0.4547639648 0.01700466681 
18.2 -0.4539137314 0.01955834746 
18.25 -0.452935814 0.02176142625 
18.3 -0.4518477427 0.02363690162 
18.35 -0.4506658977 0.02520871372 
18.4 -0.449405462 0.02650160219 
18.45 -0.4480803819 0.0275409723 
18.5 -0.4467033332 0.02835276972 
18.55 -0.4452856948 0.02896336371 
18.6 -0.4438375266 0.02939943848 
18.65 -0.4423675546 0.02968789253 
18.7 -0.44088316 0.02985574519 
18.75 -0.4393903728 0.02993004992 
18.8 -0.4378938703 0.02993781359 
18.85 -0.4363969796 0.0299059209 
18.9 -0.4349016835 0.02986106306 
18.95 -0.4334086304 0.02982966983 
19 -0.4319171469 0.02983784393 
19.05 -0.4304252547 0.02991129691 
19.1 -0.4289296899 0.03007528543 
19.15 -0.4274259256 0.03035454713 
19.2 -0.4259081982 0.03077323507 
19.25 -0.4243695365 0.03135485004 
19.3 -0.422801794 0.03212216994 
19.35 -0.4211956855 0.03309717551 
19.4 -0.4195408267 0.03430097191 
19.45 -0.4178257781 0.0357537058 
19.5 -0.4160380928 0.03747447739 
19.55 -0.4141643689 0.03948124753 
19.6 -0.4121903066 0.0417907397 
19.65 -0.4101007696 0.04441833698 
19.7 -0.4078798527 0.04737797454 
19.75 -0.405510954 0.05068202783 
19.8 -0.4029768526 0.05434119732 
19.85 -0.4002597927 0.05836439053 
19.9 -0.3973415732 0.0627586023 
19.95 -0.3942036431 0.06752879456 
20 -0.3908272034 0.07267777673 
20.05 -0.3871933145 0.07820608844 
20.1 -0.3832830101 0.08411188596 
20.15 -0.3790774158 0.09039083424 
20.2 -0.3745578741 0.09703600636 
20.25 -0.3697060738 0.1040377924 
20.3 -0.3645041842 0.1113838195 
20.35 -0.3589349932 0.1190588862 
20.4 -0.3529820489 0.1270449111 
20.45 -0.3466298033 0.1353209012 
20.5 -0.3398637583 0.1438629386 
20.55 -0.3326706113 0.1526441904 
20.6 -0.3250384018 0.1616349423 
20.65 -0.3169566547 0.1708026582 
20.7 -0.3084165218 0.1801120677 
20.75 -0.2994109184 0.1895252825 
20.8 -0.2899346543 0.1990019438 
20.85 -0.2799845571 0.2084994006 
20.9 -0.2695595871 0.2179729199 
20.95 -0.2586609411 0.2273759291 
21 -0.2472921446 0.2366602905 
21.05 -0.2354591301 0.2457766053 
21.1 -0.2231702998 0.2546745487 
21.15 -0.2104365724 0.263303231 
21.2 -0.1972714108 0.2716115844 
21.25 -0.1836908316 0.2795487703 
21.3 -0.1697133931 0.2870646053 
21.35 -0.1553601629 0.2941099995 
21.4 -0.1406546629 0.3006374033 
21.45 -0.1256227927 0.3066012564 
21.5 -0.1102927299 0.3119584338 
21.55 -0.0946948082 0.3166686816 
21.6 -0.07886137412 0.3206950369 
21.65 -0.06282662228 0.3240042251 
21.7 -0.04662641102 0.3265670273 
21.75 -0.03029805966 0.3283586135 
21.8 -0.01388012898 0.3293588327 
21.85 0.002587812652 0.3295524588 
21.9 0.01906543559 0.328929383 
21.95 0.03551190474 0.3274847533 
22 0.05188614241 0.3252190555 
22.05 0.06814709518 0.3221381345 
22.1 0.08425400191 0.3182531564 
22.15 0.1001666597 0.3135805106 
22.2 0.1158456853 0.3081416534 
22.25 0.1312527679 0.301962897 
22.3 0.1463509128 0.2950751455 
22.35 0.1611046701 0.2875135848 
22.4 0.1754803493 0.2793173284 
22.45 0.1894462157 0.2705290289 
22.5 0.2029726672 0.2611944571 
22.55 0.21603239 0.2513620596 
22.6 0.228600493 0.2410824975 
22.65 0.2406546179 0.2304081768 
22.7 0.2521750267 0.2193927731 
22.75 0.2631446654 0.2080907608 
22.8 0.2735492034 0.1965569491 
22.85 0.2833770509 0.1848460327 
22.9 0.2926193525 0.1730121609 
22.95 0.3012699605 0.1611085295 
23 0.309325387 0.1491869987 
23.05 0.3167847369 0.1372977416 
23.1 0.323649624 0.1254889229 
23.15 0.3299240702 0.1138064127 
23.2 0.3356143908 0.1022935341 
23.25 0.3407290675 0.09099084621 
23.3 0.3452786098 0.07993596331 
23.35 0.349275408 0.0691634087 
23.4 0.3527335784 0.05870450334 
23.45 0.3556688036 0.04858728798 
23.5 0.358098168 0.03883647743 
23.55 0.3600399919 0.02947344539 
23.6 0.3615136641 0.02051623799 
23.65 0.362539476 0.01197961398 
23.7 0.3631384567 0.003875109519 
23.75 0.3633322122 -0.003788874906 
23.8 0.3631427685 -0.01100696755 
23.85 0.3625924201 -0.01777670103 
23.9 0.361703585 -0.02409837288 
23.95 0.3604986664 -0.02997489332 
24 0.3589999217 -0.03541162283 
24.05 0.3572293406 -0.04041620155 
24.1 0.3552085305 -0.044998373 
24.15 0.3529586118 -0.04916980405 
24.2 0.3505001216 -0.05294390317 
24.25 0.3478529265 -0.05633563883 
24.3 0.3450361445 -0.0593613598 
24.35 0.3420680766 -0.06203861875 
24.4 0.3389661456 -0.0643860006 
24.45 0.3357468456 -0.06642295679 
24.5 0.3324256977 -0.0681696464 
24.55 0.3290172154 -0.069646785 
24.6 0.3255348762 -0.07087550176 
24.65 0.3219911011 -0.07187720531 
24.7 0.3183972408 -0.0726734587 
24.75 0.3147635679 -0.07328586331 
24.8 0.3110992747 -0.07373595201 
24.85 0.3074124771 -0.07404509108 
24.9 0.3037102226 -0.07423439074 
24.95 0.299998503 -0.07432462385 
25 0.2962822718 -0.07433615225 
25.05 0.2925654642 -0.07428886013 
25.1 0.2888510212 -0.07420209381 
25.15 0.2851409165 -0.07409460729 
25.2 0.2814361862 -0.0739845127 
25.25 0.2777369605 -0.07388923506 
25.3 0.2740424988 -0.07382547063 
25.35 0.2703512252 -0.07380914797 
25.4 0.2666607678 -0.07385539124 
25.45 0.2629679983 -0.07397848502 
25.5 0.259269074 -0.07419184002 
25.55 0.255559482 -0.07450795926 
25.6 0.2518340841 -0.07493840423 
25.65 0.2480871639 -0.07549376078 
25.7 0.2443124758 -0.07618360426 
25.75 0.2405032956 -0.07701646406 
25.8 0.2366524724 -0.07799978718 
25.85 0.232752483 -0.07913990113 
25.9 0.228795488 -0.08044197616 
25.95 0.2247733892 -0.08190998712 
26 0.2206778898 -0.08354667534 
26.05 0.2165005561 -0.08535351099 
26.1 0.2122328805 -0.08733065646 
26.15 0.2078663477 -0.08947693151 
26.2 0.2033925011 -0.0917897808 
26.25 0.1988030121 -0.09426524483 
26.3 0.1940897498 -0.09689793495 
26.35 0.1892448531 -0.09968101368 
26.4 0.1842608024 -0.102606181 
26.45 0.1791304933 -0.1056636681 
26.5 0.1738473099 -0.108842239 
26.55 0.168405198 -0.1121292014 
26.6 0.1627987379 -0.1155104285 
26.65 0.1570232165 -0.1189703906 
26.7 0.151074697 -0.1224922002 
26.75 0.144950087 -0.1260576686 
26.8 0.1386472035 -0.1296473772 
26.85 0.1321648347 -0.1332407612 
26.9 0.1255027966 -0.1368162089 
26.95 0.1186619862 -0.1403511748 
27 0.1116444274 -0.1438223069 
27.05 0.1044533121 -0.1472055884 
27.1 0.09709303265 -0.1504764923 
27.15 0.08956920804 -0.1536101498 
27.2 0.08188870055 -0.1565815287 
27.25 0.07405962412 -0.1593656238 
27.3 0.06609134292 -0.1619376553 
27.35 0.05799446016 -0.1642732737 
27.4 0.04978079648 -0.1663487711 
27.45 0.04146335792 -0.1681412937 
27.5 0.03305629323 -0.1696290554 
27.55 0.02457484046 -0.1707915488 
27.6 0.01603526302 -0.171609752 
27.65 0.007454775422 -0.1720663262 
27.7 -0.001148540888 -0.1721458043 
27.75 -0.009755831102 -0.1718347655 
27.8 -0.01834756938 -0.1711219945 
27.85 -0.0269036691 -0.1699986223 
27.9 -0.03540360022 -0.168458246 
27.95 -0.04382651252 -0.1664970268 
28 -0.05215136386 -0.1641137632 
28.05 -0.06035705202 -0.1613099379 
28.1 -0.06842254892 -0.1580897394 
28.15 -0.07632703589 -0.1544600541 
28.2 -0.08405003859 -0.1504304326 
28.25 -0.09157156022 -0.1460130271 
28.3 -0.09887221157 -0.1412225025 
28.35 -0.1059333367 -0.1360759215 
28.4 -0.1127371328 -0.1305926052 
28.45 -0.119266763 -0.1247939705 
28.5 -0.1255064616 -0.1187033471 
28.55 -0.1314416289 -0.1123457766 
28.6 -0.1370589177 -0.1057477948 
28.65 -0.1423463075 -0.09893720221 
28.7 -0.1472931676 -0.09194282376 
28.75 -0.1518903088 -0.08479426189 
28.8 -0.1561300219 -0.07752164576 
28.85 -0.1600061042 -0.07015537947 
28.9 -0.1635138731 -0.06272589249 
28.95 -0.1666501678 -0.05526339506 
29 -0.1694133375 -0.04779764129 
29.05 -0.1718032196 -0.04035770254 
29.1 -0.1738211047 -0.03297175329 
29.15 -0.1754696924 -0.02566687173 
29.2 -0.176753036 -0.01846885672 
29.25 -0.1776764788 -0.0114020627 
29.3 -0.1782465819 -0.004489253875 
29.35 -0.1784710446 0.002248521528 
29.4 -0.1783586185 0.008792036213 
29.45 -0.1779190167 0.0151239676 
29.5 -0.1771628184 0.0212289604 
29.55 -0.1761013703 0.0270936682 
29.6 -0.1747466869 0.03270677447 
29.65 -0.1731113482 0.03805899365 
29.7 -0.1712083985 0.04314305336 
29.75 -0.1690512458 0.04795365863 
29.8 -0.1666535629 0.05248743955 
29.85 -0.1640291909 0.05674288373 
29.9 -0.1611920468 0.06072025496 
29.95 -0.158156034 0.06442149983 
30 -0.154934959 0.06785014379 
30.05 -0.1515424518 0.07101117848 
30.1 -0.1479918929 0.07391094183 
30.15 -0.1442963458 0.07655699277 
30.2 -0.1404684962 0.07895798201 
30.25 -0.1365205971 0.08112352046 
30.3 -0.132464421 0.08306404684 
30.35 -0.1283112187 0.0847906956 
30.4 -0.1240716839 0.08631516672 
30.45 -0.1197559256 0.08764959818 
30.5 -0.1153734457 0.0888064423 
30.55 -0.1109331236 0.08979834666 
30.6 -0.1064432062 0.09063804047 
30.65 -0.1019113042 0.09133822682 
30.7 -0.09734439287 0.09191148132 
30.75 -0.0927488188 0.0923701575 
30.8 -0.08813031093 0.09272629917 
30.85 -0.08349399597 0.09299155972 
30.9 -0.07884441798 0.09317712862 
30.95 -0.07418556155 0.09329366481 
31 -0.06952087831 0.09335123698 
31.05 -0.06485331646 0.09335927044 
31.1 -0.06018535294 0.09332650049 
31.15 -0.05551902792 0.09326093175 
31.2 -0.05085598133 0.09316980344 
31.25 -0.04619749116 0.09305956007 
31.3 -0.04154451315 0.09293582729 
31.35 -0.03689772179 0.09280339267 
31.4 -0.03225755216 0.09266619101 
31.45 -0.0276242426 0.09252729398 
31.5 -0.02299787791 0.09238890385 
31.55 -0.01837843271 0.09225235108 
31.6 -0.01376581516 0.0921180957 
31.65 -0.009159910374 0.09198573228 
31.7 -0.00456062376 0.09185399844 
31.75 3.207616237e-05 0.09172078697 
31.8 0.004618115511 0.09158316146 
31.85 0.009197273584 0.09143737554 
31.9 0.01376914236 0.09127889592 
31.95 0.01833308716 0.09110242922 
32 0.02288820862 0.0909019528 
32.05 0.02743330626 0.0906707499 
32.1 0.03196684375 0.09040144899 
32.15 0.0364869162 0.09008606787 
32.2 0.0409912196 0.08971606236 
32.25 0.04547702271 0.08928238007 
32.3 0.04994114172 0.08877551914 
32.35 0.05437991767 0.08818559219 
32.4 0.05878919728 0.08750239555 
32.45 0.06316431706 0.08671548369 
32.5 0.06750009125 0.08581424883 
32.55 0.07179080369 0.08478800565 
32.6 0.07603020397 0.08362608074 
32.65 0.08021150801 0.08231790668 
32.7 0.08432740334 0.08085312008 
32.75 0.08837005935 0.07922166331 
32.8 0.09233114251 0.07741388913 
32.85 0.09620183697 0.07542066765 
32.9 0.09997287035 0.07323349458 
32.95 0.1036345451 0.0708446001 
33 0.1071767751 0.06824705715 
33.05 0.1105891279 0.06543488802 
33.1 0.1138608723 0.06240316824 
33.15 0.1169810308 0.0591481263 
33.2 0.1199384371 0.05566723809 
33.25 0.122721799 0.05195931462 
33.3 0.1253197647 0.04802458175 
33.35 0.1277209938 0.04386475062 
33.4 0.1299142313 0.03948307739 
33.45 0.1318883852 0.03488441123 
33.5 0.1336326058 0.03007522927 
33.55 0.1351363672 0.02506365746 
33.6 0.1363895501 0.01985947652 
33.65 0.1373825239 0.01447411205 
33.7 0.1381062295 0.008920608341 
33.75 0.1385522599 0.003213585258 
33.8 0.1387129392 -0.002630821827 
33.85 0.1385813981 -0.008595039235 
33.9 0.1381516461 -0.01466014903 
33.95 0.1374186387 -0.0208059995 
34 0.1363783387 -0.02701133139 
34.05 0.1350277721 -0.03325391899 
34.1 0.1333650762 -0.03951072494 
34.15 0.13138954 -0.04575806733 
34.2 0.1291016366 -0.05197179762 
34.25 0.1265030467 -0.05812748745 
34.3 0.1235966723 -0.06420062262 
34.35 0.1203866412 -0.07016680182 
34.4 0.1168783011 -0.07600193821 
34.45 0.1130782042 -0.08168246123 
34.5 0.1089940811 -0.0871855165 
34.55 0.1046348053 -0.09248916117 
34.6 0.1000103473 -0.09757255254 
34.65 0.09513171963 -0.1024161274 
34.7 0.09001091326 -0.1070017701 
34.75 0.08466082476 -0.1113129666 
34.8 0.07909517643 -0.1153349437 
34.85 0.07332842924 -0.1190547905 
34.9 0.06737568972 -0.122461561 
34.95 0.06125261167 -0.125546357 
35 0.05497529382 -0.1283023895 
35.05 0.04856017434 -0.1307250192 
35.1 0.04202392339 -0.1328117738 
35.15 0.0353833347 -0.1345623445 
35.2 0.02865521747 -0.1359785598 
35.25 0.02185628948 -0.1370643385 
35.3 0.01500307256 -0.1378256225 
35.35 0.00811179143 -0.1382702906 
35.4 0.0011982769 -0.1384080545 
35.45 -0.005722125825 -0.1382503391 
35.5 -0.01263464278 -0.1378101484 
35.55 -0.0195251502 -0.1371019198 
35.6 -0.02638024619 -0.136141368 
35.65 -0.03318731459 -0.1349453215 
35.7 -0.03993458066 -0.133531553 
35.75 -0.04661115831 -0.1319186069 
35.8 -0.05320708865 -0.1301256254 
35.85 -0.05971336992 -0.1281721753 
35.9 -0.06612197869 -0.1260780777 
35.95 -0.07242588258 -0.1238632416 
36 -0.07861904465 -0.1215475047 
36.05 -0.08469641989 -0.1191504809 
36.1 -0.09065394393 -0.1166914166 
36.15 -0.09648851477 -0.1141890574 
36.2 -0.1021979676 -0.1116615246 
36.25 -0.1077810439 -0.1091262033 
36.3 -0.113237354 -0.1065996424 
36.35 -0.1185673361 -0.1040974655 
36.4 -0.1237722094 -0.1016342947 
36.45 -0.1288539242 -0.09922368483 
36.5 -0.1338151084 -0.09687806977 
36.55 -0.1386590119 -0.09460871958 
36.6 -0.1433894479 -0.09242570764 
36.65 -0.1480107333 -0.09033788753 
36.7 -0.1525276276 -0.08835287894 
36.75 -0.1569452716 -0.08647706156 
36.8 -0.1612691247 -0.08471557634 
36.85 -0.1655049035 -0.08307233322 
36.9 -0.1696585201 -0.08155002446 
36.95 -0.1737360214 -0.08015014284 
37 -0.1777435285 -0.07887300381 
37.05 -0.1816871787 -0.07771777103 
37.1 -0.1855730672 -0.07668248439 
37.15 -0.1894071915 -0.07576409018 
37.2 -0.193195396 -0.07495847256 
37.25 -0.1969433196 -0.0742604861 
37.3 -0.2006563439 -0.07366398893 
37.35 -0.2043395433 -0.07316187615 
37.4 -0.2079976372 -0.07274611346 
37.45 -0.2116349428 -0.07240777073 
37.5 -0.2152553314 -0.07213705563 
37.55 -0.2188621841 -0.07192334729 
37.6 -0.2224583515 -0.07175523024 
37.65 -0.226046113 -0.07162052877 
37.7 -0.2296271395 -0.07150634201 
37.75 -0.2332024566 -0.07139908025 
37.8 -0.2367724106 -0.0712845027 
37.85 -0.2403366357 -0.07114775732 
37.9 -0.2438940236 -0.07097342316 
37.95 -0.2474426947 -0.07074555578 
38 -0.2509799725 -0.07044773625 
38.05 -0.2545023593 -0.07006312437 
38.1 -0.2580055156 -0.06957451655 
38.15 -0.2614842414 -0.06896440896 
38.2 -0.2649324618 -0.06821506633 
38.25 -0.2683432151 -0.06730859704 
38.3 -0.271708645 -0.06622703462 
38.35 -0.2750199967 -0.06495242612 
38.4 -0.278267618 -0.06346692757 
38.45 -0.2814409644 -0.06175290652 
38.5 -0.2845286097 -0.05979305181 
38.55 -0.2875182623 -0.05757049029 
38.6 -0.2903967868 -0.05506891032 
38.65 -0.2931502324 -0.05227269169 
38.7 -0.2957638669 -0.04916704128 
38.75 -0.298222219 -0.04573813388 
38.8 -0.3005091257 -0.04197325721 
38.85 -0.3026077886 -0.03786096029 
38.9 -0.3045008366 -0.03339120384 
38.95 -0.3061703968 -0.02855551145 
39 -0.3075981723 -0.02334712017 
39.05 -0.3087655284 -0.01776112885 
39.1 -0.3096535848 -0.01179464253 
39.15 -0.3102433169 -0.005446911176 
39.2 -0.3105156625 0.001280539153 
39.25 -0.3104516355 0.008383784696 
39.3 -0.3100324463 0.01585639386 
39.35 -0.3092396266 0.02368933059 
39.4 -0.3080551601 0.03187087331 
39.45 -0.3064616164 0.04038655132 
39.5 -0.3044422888 0.04921910063 
39.55 -0.3019813338 0.05834844112 
39.6 -0.2990639117 0.06775167667 
39.65 -0.2956763279 0.07740311988 
39.7 -0.2918061719 0.08727434291 
39.75 -0.2874424548 0.09733425546 
39.8 -0.282575742 0.107549211 
39.85 -0.2771982814 0.1178831421 
39.9 -0.2713041243 0.1282977245 
39.95 -0.2648892381 0.1387525716 
40 -0.2579516095 0.1492054569 
40.05 -0.2504913367 0.1596125658 
40.1 -0.2425107084 0.1699287737 
40.15 -0.2340142697 0.1801079506 
40.2 -0.2250088722 0.1901032886 
40.25 -0.2155037078 0.1998676512 
40.3 -0.2055103252 0.2093539398 
40.35 -0.1950426282 0.2185154753 
40.4 -0.1841168544 0.2273063904 
40.45 -0.1727515349 0.2356820279 
40.5 -0.1609674335 0.2435993404 
40.55 -0.1487874665 0.2510172872 
40.6 -0.1362366021 0.2578972218 
40.65 -0.1233417411 0.2642032658 
40.7 -0.1101315778 0.2699026629 
40.75 -0.09663644462 0.2749661084 
40.8 -0.0828881392 0.2793680486 
40.85 -0.06891973677 0.283086945 
40.9 -0.05476538952 0.2861054997 
40.95 -0.04046011454 0.2884108373 
41 -0.02603957267 0.2899946411 
41.05 -0.01153984062 0.2908532396 
41.1 0.003002821359 0.2909876434 
41.15 0.01755220353 0.2904035306 
41.2 0.03207238006 0.2891111812 
41.25 0.04652793912 0.2871253613 
41.3 0.06088420718 0.2844651595 
41.35 0.07510746515 0.2811537777 
41.4 0.08916515404 0.2772182801 
41.45 0.103026068 0.2726893046 
41.5 0.1166605333 0.2676007408 
41.55 0.1300405703 0.2619893807 
41.6 0.1431400393 0.2558945468 
41.65 0.1559347667 0.2493577033 
41.7 0.1684026518 0.2424220569 
41.75 0.1805237547 0.2351321517 
41.8 0.1922803623 0.2275334644 
41.85 0.2036570355 0.2196720054 
41.9 0.2146406358 0.2115939291 
41.95 0.2252203322 0.2033451593 
42 0.2353875902 0.194971033 
42.05 0.2451361418 0.1865159654 
42.1 0.2544619401 0.17802314 
42.15 0.2633630971 0.1695342251 
42.2 0.2718398084 0.1610891183 
42.25 0.2798942643 0.152725721 
42.3 0.2875305503 0.1444797427 
42.35 0.2947545375 0.1363845354 
42.4 0.3015737642 0.1284709582 
42.45 0.3079973121 0.1207672705 
42.5 0.3140356757 0.1132990539 
42.55 0.3197006284 0.1060891609 
42.6 0.3250050864 0.09915768851 
42.65 0.3299629708 0.09252197527 
42.7 0.3345890696 0.08619662049 
42.75 0.3388989006 0.0801935223 
42.8 0.3429085767 0.07452193348 
42.85 0.3466346734 0.06918853244 
42.9 0.3500941 0.06419750736 
42.95 0.3533039754 0.05955065139 
43 0.356281508 0.05524746679 
43.05 0.3590438813 0.05128527611 
43.1 0.3616081451 0.04765933846 
43.15 0.363991112 0.0443629693 
43.2 0.3662092605 0.0413876619 
43.25 0.3682786436 0.03872320926 
43.3 0.3702148041 0.03635782501 
43.35 0.3720326953 0.03427826226 
43.4 0.3737466084 0.03246992941 
43.45 0.3753701049 0.03091700216 
43.5 0.376915955 0.02960253099 
43.55 0.3783960816 0.02850854393 
43.6 0.3798215087 0.02761614398 
43.65 0.3812023159 0.02690560137 
43.7 0.382547596 0.02635644061 
43.75 0.383865418 0.02594752233 
43.8 0.3851627942 0.02565712055 
43.85 0.3864456502 0.02546299549 
43.9 0.3877188 0.02534246268 
43.95 0.3889859231 0.02527245891 
44 0.390249546 0.02522960567 
44.05 0.3915110263 0.02519027105 
44.1 0.3927705399 0.02513063069 
44.15 0.3940270714 0.02502672878 
44.2 0.3952784079 0.02485453997 
44.25 0.3965211349 0.02459003296 
44.3 0.3977506365 0.02420923673 
44.35 0.3989610983 0.02368831019 
44.4 0.4001455138 0.02300361597 
44.45 0.4012956946 0.02213179907 
44.5 0.4024022846 0.02104987104 
44.55 0.4034547781 0.01973530012 
44.6 0.4044415432 0.01816610781 
44.65 0.4053498485 0.01632097215 
44.7 0.4061658972 0.0141793378 
44.75 0.406874864 0.01172153301 
44.8 0.4074609407 0.008928893305 
44.85 0.4079073854 0.005783891511 
44.9 0.4081965799 0.00227027375 
44.95 0.4083100936 -0.001626799313 
45 0.4082287537 -0.005920606769 
45.05 0.4079327233 -0.01062271829 
45.1 0.4074015874 -0.01574284267 
45.15 0.4066144453 -0.02128867533 
45.2 0.4055500115 -0.02726574636 
45.25 0.4041867242 -0.03367727071 
45.3 0.4025028606 -0.04052400218 
45.35 0.4004766605 -0.04780409332 
45.4 0.3980864559 -0.05551296303 
45.45 0.3953108077 -0.06364317414 
45.5 0.392128649 -0.07218432301 
45.55 0.3885194329 -0.08112294353 
45.6 0.3844632857 -0.09044242772 
45.65 0.3799411643 -0.1001229652 
45.7 0.374935016 -0.1101415038 
45.75 0.3694279409 -0.1204717341 
45.8 0.3634043541 -0.1310840984 
45.85 0.3568501492 -0.1419458289 
45.9 0.3497528578 -0.1530210142 
45.95 0.3421018071 -0.164270698 
46 0.3338882722 -0.1756530097 
46.05 0.3251056217 -0.1871233297 
46.1 0.3157494552 -0.1986344895 
46.15 0.3058177307 -0.2101370069 
46.2 0.2953108804 -0.2215793565 
46.25 0.2842319126 -0.2329082757 
46.3 0.2725864988 -0.2440691036 
46.35 0.2603830436 -0.2550061534 
46.4 0.2476327359 -0.2656631137 
46.45 0.2343495802 -0.2759834772 
46.5 0.2205504064 -0.2859109932 
46.55 0.2062548567 -0.2953901386 
46.6 0.1914853498 -0.3043666033 
46.65 0.1762670196 -0.3127877841 
46.7 0.1606276304 -0.3206032804 
46.75 0.1445974664 -0.3277653863 
46.8 0.1282091971 -0.3342295704 
46.85 0.1114977186 -0.3399549373 
46.9 0.09449997169 -0.3449046633 
46.95 0.07725473853 -0.349046398 
47 0.05980241862 -0.3523526266 
47.05 0.04218478729 -0.3548009846 
47.1 0.02444473806 -0.3563745201 
47.15 0.006626012057 -0.3570618992 
47.2 -0.0112270829 -0.356857548 
47.25 -0.0290699603 -0.3557617319 
47.3 -0.0468580469 -0.3537805666 
47.35 -0.06454707523 -0.3509259633 
47.4 -0.08209337339 -0.3472155074 
47.45 -0.09945414876 -0.3426722731 
47.5 -0.1165877624 -0.3373245766 
47.55 -0.1334539912 -0.3312056735 
47.6 -0.1500142749 -0.3243534048 
47.65 -0.1662319452 -0.3168097977 
47.7 -0.182072435 -0.3086206286 
47.75 -0.1975034665 -0.2998349548 
47.8 -0.2124952142 -0.2905046237 
47.85 -0.2270204454 -0.2806837655 
47.9 -0.2410546337 -0.2704282789 
47.95 -0.2545760476 -0.2597953148 
48 -0.2675658134 -0.2488427679 
48.05 -0.2800079518 -0.237628779 
48.1 -0.2918893907 -0.2262112572 
48.15 -0.3031999536 -0.2146474243 
48.2 -0.3139323248 -0.2029933873 
48.25 -0.3240819941 -0.1913037428 
48.3 -0.3336471813 -0.1796312139 
48.35 -0.342628742 -0.1680263249 
48.4 -0.3510300582 -0.1565371122 
48.45 -0.3588569138 -0.1452088743 
48.5 -0.3661173575 -0.1340839598 
48.55 -0.3728215555 -0.1232015935 
48.6 -0.3789816352 -0.1125977396 
48.65 -0.3846115222 -0.1023050006 
48.7 -0.3897267722 -0.09235255102 
48.75 -0.3943443998 -0.08276610292 
48.8 -0.3984827049 -0.07356790199 
48.85 -0.4021611 -0.0647767516 
48.9 -0.4053999376 -0.05640806235 
48.95 -0.4082203407 -0.04847392473 
49 -0.410644037 -0.04098320229 
49.05 -0.4126931971 -0.03394164274 
49.1 -0.4143902792 -0.02735200441 
49.15 -0.4157578794 -0.02121419567 
49.2 -0.4168185892 -0.01552542476 
49.25 -0.4175948604 -0.01028035772 
49.3 -0.4181088783 -0.005471282234 
49.35 -0.4183824424 -0.00108827525 
49.4 -0.4184368562 0.00288062759 
49.45 -0.4182928248 0.006449262473 
49.5 -0.4179703617 0.00963316955 
49.55 -0.4174887032 0.01244942811 
49.6 -0.4168662318 0.01491649606 
49.65 -0.416120407 0.01705405485 
49.7 -0.4152677043 0.01888286057 
49.75 -0.4143235612 0.02042460216 
49.8 -0.4133023311 0.02170176694 
49.85 -0.4122172428 0.0227375141 
49.9 -0.4110803671 0.02355555605 
49.95 -0.4099025893 0.0241800477 
50 -0.4086935869 0.0246354836 
