0.05 0.00499625 0.09985009297 
0.1 0.009985006368 0.09969990371 
0.15 0.01496623163 0.09954803318 
0.2 0.01993979521 0.09939216168 
0.25 0.02490542768 0.09922906309 
0.3 0.02986267589 0.09905462312 
0.35 0.03481085902 0.09886386187 
0.4 0.03974902593 0.09865096071 
0.45 0.04467591398 0.09840929379 
0.5 0.04958990948 0.09813146436 
0.55 0.05448901015 0.09780934612 
0.6 0.05937078972 0.09743412975 
0.65 0.06423236501 0.09699637505 
0.7 0.06907036577 0.09648606866 
0.75 0.07388090752 0.09589268771 
0.8 0.07865956778 0.09520526944 
0.85 0.08340136585 0.09441248692 
0.9 0.0881007466 0.09350273091 
0.95 0.09275156846 0.09246419772 
1 0.09734709597 0.09128498306 
1.05 0.1018799972 0.08995318151 
1.1 0.1063423462 0.0884569914 
1.15 0.1107256309 0.08678482452 
1.2 0.1150207665 0.08492542027 
1.25 0.119218115 0.08286796334 
1.3 0.1233075101 0.08060220434 
1.35 0.1272782889 0.0781185823 
1.4 0.131119329 0.07540834803 
1.45 0.1348190925 0.07246368731 
1.5 0.1383656756 0.06927784246 
1.55 0.1417468647 0.06584523112 
1.6 0.1449501977 0.06216156075 
1.65 0.1479630317 0.05822393738 
1.7 0.1507726151 0.0540309672 
1.75 0.1533661656 0.0495828493 
1.8 0.1557309515 0.0448814582 
1.85 0.1578543778 0.03993041465 
1.9 0.1597240747 0.03473514322 
1.95 0.1613279895 0.02930291537 
2 0.1626544796 0.02364287681 
2.05 0.1636924066 0.01776605801 
2.1 0.1644312309 0.01168536688 
2.15 0.1648611047 0.005415562929 
2.2 0.1649729641 -0.001026787668 
2.25 0.1647586178 -0.007623376481 
2.3 0.1642108326 -0.01435423675 
2.35 0.1633234137 -0.02119784671 
2.4 0.1620912799 -0.02813125189 
2.45 0.1605105317 -0.03513020568 
2.5 0.1585785124 -0.04216932726 
2.55 0.1562938605 -0.04922227564 
2.6 0.1536565531 -0.05626193833 
2.65 0.15066794 -0.06326063288 
2.7 0.1473307664 -0.07019031939 
2.75 0.1436491859 -0.07702282178 
2.8 0.1396287614 -0.08373005536 
2.85 0.1352764549 -0.09028425831 
2.9 0.1306006055 -0.09665822431 
2.95 0.1256108957 -0.1028255336 
3 0.1203183067 -0.1087607797 
3.05 0.1147350617 -0.1144397889 
3.1 0.1088745593 -0.11983983 
3.15 0.102751296 -0.1249398111 
3.2 0.09638077972 -0.1297204617 
3.25 0.08977943418 -0.134164497 
3.3 0.08296449586 -0.1382567628 
3.35 0.07595390412 -0.1419843591 
3.4 0.06876618567 -0.14533674 
3.45 0.06142033465 -0.1483057901 
3.5 0.05393568952 -0.1508858757 
3.55 0.04633180802 -0.1530738701 
3.6 0.03862834151 -0.1548691537 
3.65 0.03084490991 -0.1562735881 
3.7 0.02300097862 -0.1572914659 
3.75 0.01511573853 -0.1579294367 
3.8 0.007207990271 -0.1581964108 
3.85 -0.0007039661324 -0.1581034419 
3.9 -0.00860243525 -0.1576635912 
3.95 -0.01647042303 -0.1568917748 
4 -0.02429172553 -0.155804597 
4.05 -0.03205100901 -0.1544201713 
4.1 -0.03973388082 -0.1527579323 
4.15 -0.04732695064 -0.1508384414 
4.2 -0.05481788189 -0.1486831872 
4.25 -0.06219543311 -0.1463143854 
4.3 -0.0694494893 -0.1437547786 
4.35 -0.0765710833 -0.1410274398 
4.4 -0.08355240744 -0.1381555801 
4.45 -0.09038681576 -0.1351623646 
4.5 -0.09706881716 -0.1320707357 
4.55 -0.10359406 -0.1289032479 
4.6 -0.1099593088 -0.1256819121 
4.65 -0.116162413 -0.1224280543 
4.7 -0.1222022699 -0.1191621858 
4.75 -0.1280787803 -0.115903887 
4.8 -0.1337927995 -0.1126717058 
4.85 -0.1393460833 -0.109483069 
4.9 -0.1447412297 -0.1063542069 
4.95 -0.1499816177 -0.1033000927 
5 -0.1550713428 -0.1003343925 
5.05 -0.1600151506 -0.09746942926 
5.1 -0.1648183691 -0.09471615709 
5.15 -0.1694868394 -0.09208414621 
5.2 -0.1740268464 -0.08958157765 
5.25 -0.1784450496 -0.08721524652 
5.3 -0.1827484135 -0.08499057292 
5.35 -0.1869441395 -0.08291161956 
5.4 -0.1910395984 -0.0809811151 
5.45 -0.1950422646 -0.07920048218 
5.5 -0.1989596513 -0.07756986945 
5.55 -0.2027992476 -0.07608818651 
5.6 -0.2065684576 -0.07475314123 
5.65 -0.2102745414 -0.07356127855 
5.7 -0.2139245577 -0.07250802032 
5.75 -0.2175253084 -0.07158770553 
5.8 -0.2210832863 -0.0707936307 
5.85 -0.224604623 -0.07011808984 
5.9 -0.2280950406 -0.06955241405 
5.95 -0.2315598039 -0.06908701044 
6 -0.2350036755 -0.06871140043 
6.05 -0.2384308724 -0.06841425752 
6.1 -0.2418450247 -0.06818344461 
6.15 -0.2452491356 -0.06800605128 
6.2 -0.2486455441 -0.06786843112 
6.25 -0.2520358887 -0.06775623979 
6.3 -0.255421074 -0.067654474 
6.35 -0.2588012383 -0.06754751218 
6.4 -0.262175724 -0.06741915712 
6.45 -0.2655430497 -0.06725268145 
6.5 -0.268900885 -0.06703087634 
6.55 -0.2722460276 -0.06673610419 
6.6 -0.2755743835 -0.06635035577 
6.65 -0.2788809496 -0.06585531257 
6.7 -0.2821598 -0.0652324147 
6.75 -0.2854040755 -0.06446293507 
6.8 -0.2886059777 -0.06352806008 
6.85 -0.2917567661 -0.06240897729 
6.9 -0.2948467611 -0.06108697039 
6.95 -0.2978653507 -0.05954352146 
7 -0.3008010035 -0.05776042076 
7.05 -0.3036412865 -0.05571988378 
7.1 -0.30637289 -0.05340467555 
7.15 -0.3089816577 -0.05079824163 
7.2 -0.3114526243 -0.04788484538 
7.25 -0.31377006 -0.04464971081 
7.3 -0.3159175219 -0.04107917011 
7.35 -0.3178779134 -0.03716081501 
7.4 -0.319633551 -0.03288365056 
7.45 -0.3211662386 -0.02823825025 
7.5 -0.3224573499 -0.02321691089 
7.55 -0.3234879185 -0.01781380563 
7.6 -0.3242387354 -0.01202513347 
7.65 -0.3246904542 -0.005849263323 
7.7 -0.3248237027 0.0007131292186 
7.75 -0.324619202 0.007658934437 
7.8 -0.3240578906 0.01498249247 
7.85 -0.3231210556 0.02267549078 
7.9 -0.3217904668 0.03072687714 
7.95 -0.3200485161 0.03912279037 
8 -0.3178783594 0.04784651065 
8.05 -0.3152640605 0.05687843152 
8.1 -0.3121907356 0.06619605529 
8.15 -0.3086446981 0.07577401362 
8.2 -0.3046136009 0.08558411475 
8.25 -0.3000865761 0.09559541868 
8.3 -0.2950543705 0.1057743414 
8.35 -0.2895094745 0.116084789 
8.4 -0.2834462439 0.1264883218 
8.45 -0.2768610127 0.1369443491 
8.5 -0.2697521957 0.147410354 
8.55 -0.2621203781 0.1578421477 
8.6 -0.2539683935 0.1681941513 
8.65 -0.2453013848 0.1784197056 
8.7 -0.2361268511 0.1884714038 
8.75 -0.226454676 0.1983014474 
8.8 -0.2162971382 0.2078620199 
8.85 -0.2056689027 0.2171056758 
8.9 -0.1945869928 0.2259857413 
8.95 -0.1830707407 0.2344567199 
9 -0.1711417194 0.2424747015 
9.05 -0.1588236523 0.2499977662 
9.1 -0.146142304 0.25698638 
9.15 -0.1331253518 0.2634037756 
9.2 -0.1198022372 0.2692163132 
9.25 -0.1062040014 0.2743938148 
9.3 -0.0923631042 0.2789098692 
9.35 -0.07831322824 0.2827420994 
9.4 -0.06408907124 0.2858723913 
9.45 -0.04972612766 0.2882870777 
9.5 -0.03526046238 0.2899770749 
9.55 -0.02072847863 0.2909379705 
9.6 -0.00616668297 0.2911700596 
9.65 0.008388550423 0.2906783299 
9.7 0.02290121332 0.2894723948 
9.75 0.03733589247 0.2875663775 
9.8 0.05165799152 0.2849787457 
9.85 0.0658339436 0.2817321025 
9.9 0.07983141232 0.2778529346 
9.95 0.09361947915 0.2733713245 
10 0.1071688157 0.2683206295 
10.05 0.1204518388 0.2627371333 
10.1 0.1334428484 0.2566596769 
10.15 0.1461181453 0.2501292726 
10.2 0.1584561304 0.2431887076 
10.25 0.1704373833 0.2358821431 
10.3 0.1820447211 0.2282547139 
10.35 0.1932632368 0.2203521335 
10.4 0.2040803189 0.2122203088 
10.45 0.2144856514 0.2039049704 
10.5 0.224471196 0.1954513204 
10.55 0.234031157 0.1869037012 
10.6 0.2431619304 0.1783052896 
10.65 0.2518620387 0.1696978154 
10.7 0.260132051 0.1611213095 
10.75 0.2679744931 0.1526138793 
10.8 0.2753937453 0.1442115141 
10.85 0.2823959323 0.1359479206 
10.9 0.2889888055 0.1278543862 
10.95 0.2951816186 0.1199596719 
11 0.3009849992 0.1122899328 
11.05 0.3064108168 0.1048686637 
11.1 0.3114720488 0.09771667117 
11.15 0.3161826455 0.09085206699 
11.2 0.3205573956 0.08429028403 
11.25 0.3246117928 0.07804411084 
11.3 0.328361905 0.07212374356 
11.35 0.3318242456 0.06653685309 
11.4 0.3350156494 0.06128866534 
11.45 0.3379531528 0.05638205254 
11.5 0.340653878 0.05181763365 
11.55 0.3431349229 0.04759388203 
11.6 0.3454132573 0.0437072383 
11.65 0.3475056234 0.04015222702 
11.7 0.3494284432 0.03692157534 
11.75 0.3511977317 0.03400633229 
11.8 0.3528290157 0.03139598744 
11.85 0.3543372592 0.02907858767 
11.9 0.3557367937 0.02704085126 
11.95 0.3570412549 0.0252682783 
12 0.3582635244 0.02374525688 
12.05 0.3594156766 0.02245516456 
12.1 0.3605089307 0.02138046477 
12.15 0.3615536074 0.02050279799 
12.2 0.36255909 0.01980306765 
12.25 0.3635337895 0.01926152092 
12.3 0.3644851138 0.01885782461 
12.35 0.3654194406 0.01857113649 
12.4 0.3663420934 0.01838017267 
12.45 0.3672573216 0.01826327136 
12.5 0.3681682825 0.01819845391 
12.55 0.3690770275 0.0181634837 
12.6 0.3699844903 0.01813592362 
12.65 0.3708904786 0.01809319315 
12.7 0.3717936681 0.01801262563 
12.75 0.3726915997 0.01787152672 
12.8 0.3735806797 0.01764723477 
12.85 0.3744561829 0.01731718406 
12.9 0.3753122591 0.01685897149 
12.95 0.3761419428 0.01625042755 
13 0.3769371668 0.01546969215 
13.05 0.3776887797 0.01449529591 
13.1 0.3783865676 0.01330624731 
13.15 0.3790192797 0.01188212609 
13.2 0.3795746602 0.01020318304 
13.25 0.3800394837 0.008250446337 
13.3 0.3803995969 0.006005834325 
13.35 0.3806399665 0.003452274484 
13.4 0.3807447321 0.0005738282511 
13.45 0.3806972664 -0.00264417888 
13.5 0.3804802417 -0.006215022706 
13.55 0.380075703 -0.01015044199 
13.6 0.379465149 -0.01446049751 
13.65 0.3786296186 -0.01915342978 
13.7 0.3775497863 -0.02423551669 
13.75 0.3762060634 -0.02971093274 
13.8 0.3745787068 -0.03558161148 
13.85 0.3726479344 -0.04184711294 
13.9 0.3703940471 -0.04850449808 
13.95 0.3677975568 -0.05554821211 
14 0.3648393196 -0.06296997895 
14.05 0.3615006749 -0.07075870892 
14.1 0.3577635877 -0.07890042177 
14.15 0.3536107953 -0.08737818741 
14.2 0.3490259555 -0.09617208642 
14.25 0.3439937975 -0.1052591924 
14.3 0.3385002714 -0.1146135786 
14.35 0.3325326989 -0.1242063497 
14.4 0.3260799194 -0.1340057023 
14.45 0.3191324347 -0.1439770139 
14.5 0.3116825462 -0.1540829621 
14.55 0.3037244876 -0.1642836765 
14.6 0.2952545472 -0.1745369216 
14.65 0.2862711818 -0.1847983129 
14.7 0.2767751181 -0.1950215648 
14.75 0.266769441 -0.2051587709 
14.8 0.2562596675 -0.2151607146 
14.85 0.2452538041 -0.2249772078 
14.9 0.2337623863 -0.2345574573 
14.95 0.2217984997 -0.2438504543 
15 0.2093777805 -0.2528053836 
15.05 0.1965183956 -0.2613720501 
15.1 0.1832410008 -0.2695013154 
15.15 0.1695686766 -0.2771455415 
15.2 0.1555268425 -0.2842590347 
15.25 0.1411431486 -0.2907984847 
15.3 0.1264473455 -0.2967233916 
15.35 0.1114711333 -0.3019964758 
15.4 0.09624799094 -0.3065840626 
15.45 0.08081298614 -0.3104564378 
15.5 0.06520256947 -0.3135881657 
15.55 0.04945435269 -0.3159583667 
15.6 0.03360687472 -0.3175509469 
15.65 0.01769935713 -0.3183547786 
15.7 0.001771452036 -0.3183638258 
15.75 -0.01413701489 -0.3175772141 
15.8 -0.02998630357 -0.3159992424 
15.85 -0.04573701777 -0.3136393378 
15.9 -0.0613503596 -0.3105119528 
15.95 -0.07678837761 -0.3066364077 
16 -0.09201420548 -0.3020366802 
16.05 -0.1069922891 -0.2967411474 
16.1 -0.1216885995 -0.2907822827 
16.15 -0.1360708296 -0.2841963142 
16.2 -0.1501085728 -0.2770228502 
16.25 -0.1637734828 -0.2693044767 
16.3 -0.1770394113 -0.2610863354 
16.35 -0.189882526 -0.2524156859 
16.4 -0.2022814047 -0.2433414605 
16.45 -0.2142171081 -0.2339138171 
16.5 -0.2256732299 -0.2241836958 
16.55 -0.2366359248 -0.2142023844 
16.6 -0.2470939155 -0.2040210984 
16.65 -0.2570384785 -0.1936905801 
16.7 -0.2664634107 -0.1832607189 
16.75 -0.2753649779 -0.1727801985 
16.8 -0.2837418456 -0.1622961716 
16.85 -0.2915949951 -0.151853965 
16.9 -0.298927625 -0.1414968167 
16.95 -0.3057450405 -0.1312656455 
17 -0.3120545325 -0.1211988533 
17.05 -0.3178652466 -0.111332161 
17.1 -0.323188046 -0.1016984761 
17.15 -0.3280353675 -0.09232779305 
17.2 -0.3324210739 -0.08324712258 
17.25 -0.3363603034 -0.07448045132 
17.3 -0.3398693177 -0.06604872801 
17.35 -0.34296535 -0.05796987526 
17.4 -0.3456664545 -0.05025882487 
17.45 -0.3479913578 -0.04292757421 
17.5 -0.3499593139 -0.03598526185 
17.55 -0.3515899635 -0.02943825984 
17.6 -0.3529031979 -0.0232902807 
17.65 -0.3539190291 -0.01754249666 
17.7 -0.3546574658 -0.01219366906 
17.75 -0.3551383962 -0.007240285751 
17.8 -0.3553814777 -0.002676704519 
17.85 -0.3554060343 0.001504699476 
17.9 -0.3552309611 0.005313383998 
17.95 -0.3548746362 0.008760489456 
18 -0.3543548407 0.01185868955 
18.05 -0.3536886852 0.01462204425 
18.1 -0.3528925447 0.0170658562 
18.15 -0.3519819998 0.01920653173 
18.2 -0.3509717846 0.02106144716 
18.25 -0.3498757419 0.02264882125 
18.3 -0.3487067841 0.02398759413 
18.35 -0.3474768599 0.02509731322 
18.4 -0.3461969266 0.02599802625 
18.45 -0.3448769283 0.0267101814 
18.5 -0.3435257776 0.02725453461 
18.55 -0.3421513425 0.02765206352 
18.6 -0.340760438 0.02792388813 
18.65 -0.3393588202 0.02809119726 
18.7 -0.3379511849 0.02817518067 
18.75 -0.3365411693 0.02819696591 
18.8 -0.3351313564 0.02817755943 
18.85 -0.3337232828 0.02813779109 
18.9 -0.3323174484 0.02809826134 
18.95 -0.3309133296 0.02807929035 
19 -0.3295093946 0.02810086818 
19.05 -0.3281031206 0.0281826053 
19.1 -0.3266910147 0.02834368274 
19.15 -0.3252686362 0.02860280109 
19.2 -0.323830622 0.0289781277 
19.25 -0.3223707147 0.02948724157 
19.3 -0.3208817934 0.03014707535 
19.35 -0.3193559075 0.03097385402 
19.4 -0.3177843135 0.03198303001 
19.45 -0.3161575157 0.03318921447 
19.5 -0.3144653095 0.03460610469 
19.55 -0.3126968295 0.03624640753 
19.6 -0.3108406004 0.03812175935 
19.65 -0.3088845933 0.04024264231 
19.7 -0.3068162847 0.04261829797 
19.75 -0.3046227215 0.04525663831 
19.8 -0.3022905891 0.04816415533 
19.85 -0.2998062852 0.05134582974 
19.9 -0.2971559971 0.05480504 
19.95 -0.2943257847 0.05854347271 
20 -0.2913016666 0.06256103568 
20.05 -0.2880697119 0.06685577499 
20.1 -0.2846161346 0.07142379753 
20.15 -0.2809273929 0.07625920061 
20.2 -0.2769902912 0.08135401013 
20.25 -0.2727920849 0.08669812912 
20.3 -0.2683205881 0.09227929819 
20.35 -0.2635642821 0.0980830696 
20.4 -0.2585124254 0.1040927967 
20.45 -0.2531551639 0.1102896399 
20.5 -0.2474836401 0.1166525915 
20.55 -0.2414901004 0.1231585195 
20.6 -0.2351680003 0.1297822331 
20.65 -0.2285121051 0.1364965691 
20.7 -0.2215185863 0.1432725016 
20.75 -0.2141851118 0.1500792748 
20.8 -0.2065109284 0.1568845591 
20.85 -0.1984969368 0.1636546297 
20.9 -0.190145756 0.1703545694 
20.95 -0.1814617783 0.1769484917 
21 -0.1724512111 0.183399786 
21.05 -0.1631221075 0.1896713802 
21.1 -0.1534843822 0.1957260218 
21.15 -0.1435498134 0.2015265724 
21.2 -0.1333320293 0.2070363135 
21.25 -0.1228464799 0.2122192617 
21.3 -0.1121103919 0.2170404878 
21.35 -0.1011427081 0.2214664365 
21.4 -0.08996401064 0.2254652438 
21.45 -0.0785964289 0.2290070461 
21.5 -0.0670635315 0.232064278 
21.55 -0.05539020437 0.2346119539 
21.6 -0.04360251492 0.236627929 
21.65 -0.03172756375 0.2380931366 
21.7 -0.01979332519 0.2389917965 
21.75 -0.007828478111 0.2393115926 
21.8 0.004137771254 0.2390438157 
21.85 0.0160758728 0.2381834699 
21.9 0.02795612035 0.2367293391 
21.95 0.03974884188 0.2346840154 
22 0.05142459006 0.2320538854 
22.05 0.06295433115 0.2288490769 
22.1 0.07430963029 0.225083366 
22.15 0.08546283101 0.2207740458 
22.2 0.09638722742 0.2159417587 
22.25 0.107057227 0.2106102962 
22.3 0.1174485028 0.2048063668 
22.35 0.1275381329 0.1985593383 
22.4 0.1373047268 0.1919009561 
22.45 0.146728537 0.1848650429 
22.5 0.1557915553 0.1774871838 
22.55 0.1644775926 0.1698044011 
22.6 0.1727723426 0.1618548225 
22.65 0.1806634291 0.1536773483 
22.7 0.1881404359 0.1453113207 
22.75 0.1951949211 0.1367961989 
22.8 0.2018204145 0.1281712449 
22.85 0.2080124003 0.1194752215 
22.9 0.213768285 0.1107461065 
22.95 0.2190873507 0.1020208264 
23 0.2239706966 0.09333500909 
23.05 0.2284211678 0.08472276084 
23.1 0.2324432744 0.07621646572 
23.15 0.2360431002 0.06784661064 
23.2 0.239228204 0.05964163541 
23.25 0.242007514 0.05162780859 
23.3 0.244391216 0.04382912881 
23.35 0.2463906382 0.03626725128 
23.4 0.2480181323 0.02896143866 
23.45 0.2492869529 0.02192853549 
23.5 0.2502111363 0.015182965 
23.55 0.2508053797 0.008736746758 
23.6 0.2510849215 0.002599533981 
23.65 0.2510654243 -0.003221331482 
23.7 0.2507628608 -0.008720747991 
23.75 0.2501934039 -0.01389576871 
23.8 0.2493733213 -0.01874550377 
23.85 0.2483188748 -0.02327101185 
23.9 0.2470462262 -0.02747518306 
23.95 0.2455713485 -0.03136261491 
24 0.2439099437 -0.03493948315 
24.05 0.2420773672 -0.03821340905 
24.1 0.2400885591 -0.04119332495 
24.15 0.2379579814 -0.04388933918 
24.2 0.2356995633 -0.0463126021 
24.25 0.233326652 -0.04847517414 
24.3 0.2308519703 -0.0503898971 
24.35 0.2282875812 -0.05207026969 
24.4 0.2256448579 -0.05353032786 
24.45 0.2229344595 -0.05478453086 
24.5 0.2201663132 -0.0558476533 
24.55 0.2173496007 -0.05673468378 
24.6 0.2144927501 -0.05746073008 
24.65 0.2116034325 -0.05804093136 
24.7 0.208688562 -0.05849037696 
24.75 0.2057543005 -0.05882403216 
24.8 0.2028060656 -0.05905667024 
24.85 0.1998485419 -0.05920281101 
24.9 0.196885695 -0.05927666508 
24.95 0.1939207882 -0.05929208378 
25 0.190956402 -0.0592625141 
25.05 0.1879944551 -0.05920095827 
25.1 0.1850362276 -0.05911993741 
25.15 0.1820823861 -0.05903145889 
25.2 0.17913301 -0.05894698673 
25.25 0.1761876194 -0.05887741465 
25.3 0.1732452043 -0.0588330413 
25.35 0.170304255 -0.05882354726 
25.4 0.1673627934 -0.05885797325 
25.45 0.1644184057 -0.05894469946 
25.5 0.1614682758 -0.05909142546 
25.55 0.15850922 -0.05930515053 
25.6 0.1555377222 -0.05959215432 
25.65 0.1525499708 -0.05995797747 
25.7 0.1495418956 -0.06040740246 
25.75 0.1465092067 -0.06094443438 
25.8 0.1434474335 -0.06157228194 
25.85 0.1403519652 -0.06229333875 
25.9 0.1372180919 -0.06310916513 
25.95 0.1340410466 -0.06402047072 
26 0.1308160485 -0.06502709825 
26.05 0.1275383465 -0.06612800885 
26.1 0.1242032635 -0.0673212694 
26.15 0.1208062417 -0.06860404238 
26.2 0.1173428878 -0.0699725788 
26.25 0.1138090187 -0.07142221469 
26.3 0.1102007077 -0.07294737192 
26.35 0.1065143294 -0.07454156369 
26.4 0.1027466056 -0.07619740551 
26.45 0.09889464947 -0.07790663211 
26.5 0.09495600924 -0.07966012083 
26.55 0.09092871028 -0.08144792209 
26.6 0.08681129571 -0.08325929716 
26.65 0.08260286471 -0.08508276388 
26.7 0.07830310853 -0.08690615034 
26.75 0.07391234349 -0.08871665685 
26.8 0.06943154074 -0.09050092623 
26.85 0.06486235225 -0.09224512234 
26.9 0.06020713269 -0.09393501665 
26.95 0.05546895681 -0.09555608258 
27 0.05065163191 -0.09709359705 
27.05 0.04575970497 -0.09853274865 
27.1 0.04079846435 -0.09985875166 
27.15 0.03577393559 -0.101056965 
27.2 0.03069287111 -0.1021130151 
27.25 0.02556273376 -0.1030129212 
27.3 0.02039167403 -0.1037432226 
27.35 0.01518850086 -0.1042911048 
27.4 0.009962646157 -0.1046445257 
27.45 0.004724123108 -0.1047923372 
27.5 -0.0005165215335 -0.104724403 
27.55 -0.00574826091 -0.1044317103 
27.6 -0.01095964692 -0.1039064732 
27.65 -0.01613887403 -0.1031422269 
27.7 -0.02127384758 -0.1021339118 
27.75 -0.026352256 -0.1008779451 
27.8 -0.03136164621 -0.09937227883 
27.85 -0.03628950171 -0.09761644413 
27.9 -0.04112332244 -0.09561158047 
27.95 -0.0458507057 -0.09336044872 
28 -0.05045942736 -0.09086742826 
28.05 -0.05493752252 -0.08813849764 
28.1 -0.05927336479 -0.08518119889 
28.15 -0.06345574331 -0.08200458567 
28.2 -0.06747393691 -0.07861915595 
28.25 -0.07131778442 -0.07503676969 
28.3 -0.07497775053 -0.07127055274 
28.35 -0.07844498654 -0.06733478787 
28.4 -0.08171138532 -0.06324479446 
28.45 -0.08476963002 -0.05901679823 
28.5 -0.08761323601 -0.05466779264 
28.55 -0.09023658572 -0.05021539369 
28.6 -0.09263495607 -0.04567769 
28.65 -0.09480453833 -0.0410730899 
28.7 -0.09674245026 -0.03642016739 
28.75 -0.09844674051 -0.03173750898 
28.8 -0.09991638552 -0.02704356294 
28.85 -0.1011512788 -0.02235649297 
28.9 -0.1021522132 -0.01769403762 
28.95 -0.1029208562 -0.01307337725 
29 -0.1034597188 -0.008511009666 
29.05 -0.1037721182 -0.00402263577 
29.1 -0.1038621356 0.0003769438001 
29.15 -0.1037345685 0.004673920181 
29.2 -0.103394879 0.008855555265 
29.25 -0.1028491385 0.0129102477 
29.3 -0.1021039695 0.01682758561 
29.35 -0.1011664846 0.02059838595 
29.4 -0.1000442247 0.02421472061 
29.45 -0.09874509532 0.02766992942 
29.5 -0.0972773035 0.03095862062 
29.55 -0.09564929413 0.03407665924 
29.6 -0.09386968774 0.03702114411 
29.65 -0.09194721946 0.03979037432 
29.7 -0.08989067998 0.04238380598 
29.75 -0.0877088589 0.04480200028 
29.8 -0.08541049086 0.04704656383 
29.85 -0.08300420486 0.04912008237 
29.9 -0.08049847701 0.05102604891 
29.95 -0.07790158703 0.05276878736 
30 -0.07522157868 0.05435337264 
30.05 -0.0724662242 0.05578554849 
30.1 -0.06964299297 0.05707164366 
30.15 -0.06675902438 0.05821848766 
30.2 -0.06382110486 0.0592333268 
30.25 -0.06083564912 0.06012374127 
30.3 -0.05780868557 0.06089756406 
30.35 -0.05474584562 0.06156280221 
30.4 -0.05165235691 0.06212756104 
30.45 -0.0485330403 0.06259997175 
30.5 -0.0453923103 0.06298812264 
30.55 -0.04223417887 0.06329999451 
30.6 -0.03906226241 0.06354340008 
30.65 -0.03587979159 0.06372592789 
30.7 -0.0326896239 0.0638548905 
30.75 -0.02949425872 0.06393727716 
30.8 -0.02629585457 0.06397971077 
30.85 -0.02309624852 0.06398840919 
30.9 -0.01989697727 0.06396915061 
30.95 -0.01669930002 0.06392724302 
31 -0.01350422266 0.06386749737 
31.05 -0.01031252326 0.06379420454 
31.1 -0.007124778596 0.06371111562 
31.15 -0.0039413916 0.06362142555 
31.2 -0.0007626195375 0.06352775986 
31.25 0.002411397233 0.06343216432 
31.3 0.005580606044 0.06333609738 
31.35 0.008745012399 0.06324042534 
31.4 0.01190465028 0.06314542004 
31.45 0.01505955238 0.0630507591 
31.5 0.01820972047 0.06295552863 
31.55 0.02135509587 0.0628582284 
31.6 0.02449553034 0.06275677951 
31.65 0.02763075732 0.06264853458 
31.7 0.03076036385 0.06253029064 
31.75 0.03388376311 0.06239830461 
31.8 0.03700016782 0.06224831178 
31.85 0.04010856473 0.06207554718 
31.9 0.04320769009 0.06187477012 
31.95 0.04629600658 0.06164029205 
32 0.04937168164 0.06136600791 
32.05 0.05243256747 0.06104543102 
32.1 0.05547618286 0.06067173182 
32.15 0.0584996971 0.06023778044 
32.2 0.06149991602 0.05973619327 
32.25 0.06447327056 0.05915938352 
32.3 0.06741580792 0.05849961587 
32.35 0.07032318556 0.0577490651 
32.4 0.07319066817 0.05689987864 
32.45 0.07601312799 0.05594424281 
32.5 0.07878504837 0.05487445267 
32.55 0.08150053109 0.05368298498 
32.6 0.08415330721 0.05236257407 
32.65 0.08673675194 0.05090628996 
32.7 0.08924390339 0.04930761844 
32.75 0.09166748536 0.04756054216 
32.8 0.09399993422 0.04565962234 
32.85 0.09623342989 0.04360008008 
32.9 0.09835993087 0.04137787654 
32.95 0.1003712132 0.03898979105 
33 0.1022589132 0.03643349619 
33.05 0.1040145742 0.03370762878 
33.1 0.1056296962 0.03081185589 
33.15 0.1070957891 0.02774693468 
33.2 0.1084044287 0.02451476506 
33.25 0.1095473148 0.02111843427 
33.3 0.1105163317 0.01756225226 
33.35 0.1113036101 0.01385177703 
33.4 0.1119015902 0.009993829095 
33.45 0.1123030847 0.005996494239 
33.5 0.112501342 0.001869114082 
33.55 0.112490109 -0.002377736185 
33.6 0.1122636916 -0.006732283171 
33.65 0.1118170138 -0.01118160399 
33.7 0.1111456737 -0.01571168828 
33.75 0.1102459961 -0.02030751346 
33.8 0.1091150815 -0.02495313275 
33.85 0.1077508492 -0.02963177554 
33.9 0.1061520765 -0.03432595927 
33.95 0.1043184309 -0.039017612 
34 0.102250497 -0.04368820446 
34.05 0.09994979504 -0.04831889037 
34.1 0.09741879403 -0.0528906536 
34.15 0.09466091602 -0.05738446057 
34.2 0.09168053321 -0.06178141612 
34.25 0.08848295717 -0.06606292125 
34.3 0.08507442 -0.07021083066 
34.35 0.08146204781 -0.07420760833 
34.4 0.07765382635 -0.07803647911 
34.45 0.07365855927 -0.08168157455 
34.5 0.06948581925 -0.08512807099 
34.55 0.06514589237 -0.0883623183 
34.6 0.06064971641 -0.09137195745 
34.65 0.05600881349 -0.0941460256 
34.7 0.05123521777 -0.09667504723 
34.75 0.04634139907 -0.09895111025 
34.8 0.04134018289 -0.1009679262 
34.85 0.03624466802 -0.1027208737 
34.9 0.03106814228 -0.1042070251 
34.95 0.02582399736 -0.1054251553 
35 0.02052564373 -0.1063757344 
35.05 0.01518642625 -0.107060902 
35.1 0.009819541534 -0.1074844268 
35.15 0.004437957733 -0.1076516492 
35.2 -0.000945662461 -0.1075694104 
35.25 -0.006319034895 -0.1072459674 
35.3 -0.01167032248 -0.1066908965 
35.35 -0.0169881986 -0.1059149859 
35.4 -0.02226190489 -0.1049301192 
35.45 -0.02748130306 -0.1037491522 
35.5 -0.03263692026 -0.1023857831 
35.55 -0.03771998798 -0.1008544197 
35.6 -0.04272247415 -0.09917004388 
35.65 -0.04763710845 -0.09734807552 
35.7 -0.05245740078 -0.0954042375 
35.75 -0.05717765315 -0.0933544232 
35.8 -0.06179296484 -0.09121456776 
35.85 -0.0662992314 -0.08900052446 
35.9 -0.07069313751 -0.08672794728 
35.95 -0.07497214419 -0.08441218051 
36 -0.07913447061 -0.08206815632 
36.05 -0.08317907107 -0.07971030079 
36.1 -0.08710560745 -0.07735244887 
36.15 -0.09091441762 -0.07500776867 
36.2 -0.09460648035 -0.07268869512 
36.25 -0.09818337708 -0.07040687298 
36.3 -0.1016472512 -0.06817310922 
36.35 -0.1050007648 -0.06599733437 
36.4 -0.1082470544 -0.06388857259 
36.45 -0.1113896848 -0.06185491993 
36.5 -0.114432602 -0.05990353035 
36.55 -0.1173800863 -0.05804060882 
36.6 -0.1202367042 -0.05627141101 
36.65 -0.1230072617 -0.05460024866 
36.7 -0.1256967565 -0.05303050033 
36.75 -0.1283103324 -0.05156462641 
36.8 -0.1308532333 -0.05020418814 
36.85 -0.133330759 -0.04894986961 
36.9 -0.1357482219 -0.04780150238 
36.95 -0.1381109051 -0.04675809205 
37 -0.1404240215 -0.04581784618 
37.05 -0.1426926748 -0.04497820316 
37.1 -0.1449218218 -0.04423586157 
37.15 -0.1471162362 -0.04358680966 
37.2 -0.1492804735 -0.04302635467 
37.25 -0.1514188381 -0.0425491517 
37.3 -0.1535353511 -0.04214923213 
37.35 -0.1556337199 -0.04182003122 
37.4 -0.1577173091 -0.04155441522 
37.45 -0.1597891129 -0.04134470765 
37.5 -0.1618517282 -0.04118271519 
37.55 -0.1639073298 -0.04105975308 
37.6 -0.165957646 -0.04096667045 
37.65 -0.1680039366 -0.04089387567 
37.7 -0.1700469708 -0.04083136219 
37.75 -0.1720870077 -0.04076873503 
37.8 -0.1741237771 -0.04069523853 
37.85 -0.1761564624 -0.04059978555 
37.9 -0.1781836847 -0.04047098865 
37.95 -0.1802034887 -0.04029719368 
38 -0.1822133302 -0.04006651608 
38.05 -0.1842100654 -0.03976688052 
38.1 -0.1861899426 -0.03938606409 
38.15 -0.1881485957 -0.03891174342 
38.2 -0.1900810407 -0.03833154618 
38.25 -0.1919816744 -0.03763310711 
38.3 -0.1938442763 -0.03680412887 
38.35 -0.1956620134 -0.03583244781 
38.4 -0.1974274488 -0.0347061048 
38.45 -0.1991325539 -0.03341342097 
38.5 -0.2007687239 -0.03194307848 
38.55 -0.2023267983 -0.03028420586 
38.6 -0.2037970853 -0.02842646778 
38.65 -0.2051693908 -0.02636015877 
38.7 -0.2064330526 -0.02407630026 
38.75 -0.2075769789 -0.02156674048 
38.8 -0.2085896921 -0.01882425618 
38.85 -0.209459378 -0.01584265555 
38.9 -0.2101739402 -0.0126168811 
38.95 -0.2107210586 -0.009143111524 
39 -0.2110882544 -0.005418861322 
39.05 -0.2112629593 -0.001443076863 
39.1 -0.211232589 0.002783772469 
39.15 -0.2109846219 0.007259609447 
39.2 -0.2105066815 0.01198067198 
39.25 -0.2097866224 0.01694144538 
39.3 -0.2088126195 0.02213460535 
39.35 -0.2075732595 0.02755097322 
39.4 -0.2060576353 0.03317948484 
39.45 -0.2042554399 0.0390071744 
39.5 -0.2021570624 0.04501917447 
39.55 -0.1997536826 0.05119873341 
39.6 -0.1970373645 0.05752725103 
39.65 -0.1940011479 0.06398433337 
39.7 -0.190639136 0.07054786712 
39.75 -0.1869465797 0.07719411407 
39.8 -0.1829199558 0.08389782573 
39.85 -0.1785570398 0.09063237789 
39.9 -0.173856971 0.09736992473 
39.95 -0.1688203093 0.1040815717 
40 -0.1634490831 0.1107375661 
40.05 -0.1577468275 0.1173075044 
40.1 -0.1517186112 0.1237605533 
40.15 -0.1453710523 0.1300656848 
40.2 -0.1387123224 0.1361919211 
40.25 -0.1317521374 0.1421085868 
40.3 -0.1245017362 0.1477855679 
40.35 -0.1169738461 0.1531935714 
40.4 -0.1091826353 0.1583043847 
40.45 -0.1011436524 0.1630911311 
40.5 -0.09287375331 0.167528517 
40.55 -0.08439101613 0.1715930694 
40.6 -0.07571464421 0.1752633581 
40.65 -0.06686485874 0.1785202015 
40.7 -0.05786278143 0.1813468523 
40.75 -0.04873030839 0.1837291598 
40.8 -0.03948997662 0.1856557072 
40.85 -0.03016482415 0.1871179217 
40.9 -0.02077824549 0.1881101556 
40.95 -0.01135384372 0.1886297365 
41 -0.001915280851 0.188676988 
41.05 0.007513872105 0.1882552175 
41.1 0.01691028364 0.1873706745 
41.15 0.02625100741 0.1860324779 
41.2 0.03551362354 0.1842525144 
41.25 0.04467637413 0.1820453094 
41.3 0.05371829162 0.1794278732 
41.35 0.06261931892 0.1764195232 
41.4 0.07136042005 0.1730416868 
41.45 0.0799236805 0.1693176861 
41.5 0.08829239641 0.1652725097 
41.55 0.09645115197 0.1609325718 
41.6 0.1043858847 0.1563254654 
41.65 0.1120839381 0.1514797101 
41.7 0.1195341016 0.1464244988 
41.75 0.126726638 0.1411894468 
41.8 0.1336532983 0.1358043458 
41.85 0.1403073245 0.1302989244 
41.9 0.1466834406 0.1247026202 
41.95 0.1527778325 0.1190443629 
42 0.1585881174 0.1133523721 
42.05 0.164113303 0.1076539705 
42.1 0.1693537391 0.1019754137 
42.15 0.1743110591 0.09634173902 
42.2 0.1789881167 0.09077663113 
42.25 0.183388914 0.08530230806 
42.3 0.1875185265 0.07993942516 
42.35 0.1913830221 0.0747069982 
42.4 0.194989378 0.06962234452 
42.45 0.1983453942 0.06470104205 
42.5 0.2014596055 0.05995690487 
42.55 0.2043411936 0.05540197484 
42.6 0.2069998977 0.05104652771 
42.65 0.209445927 0.04689909282 
42.7 0.2116898738 0.04296648493 
42.75 0.213742629 0.03925384685 
42.8 0.2156152993 0.03576470153 
42.85 0.2173191276 0.03250101211 
42.9 0.2188654172 0.02946324876 
42.95 0.2202654582 0.02665046075 
43 0.2215304586 0.02406035264 
43.05 0.2226714791 0.02168936328 
43.1 0.2236993716 0.01953274655 
43.15 0.2246247221 0.01758465277 
43.2 0.2254577976 0.01583820984 
43.25 0.2262084969 0.01428560328 
43.3 0.2268863055 0.01291815447 
43.35 0.2275002543 0.01172639649 
43.4 0.2280588821 0.01070014702 
43.45 0.2285702014 0.009828577979 
43.5 0.2290416683 0.009100281625 
43.55 0.2294801545 0.00850333296 
43.6 0.2298919235 0.008025348383 
43.65 0.2302826087 0.007653540655 
43.7 0.2306571947 0.007374770311 
43.75 0.2310200009 0.007175593741 
43.8 0.2313746677 0.007042308241 
43.85 0.2317241442 0.006960994406 
43.9 0.2320706786 0.006917556284 
43.95 0.2324158105 0.006897759764 
44 0.2327603647 0.006887269717 
44.05 0.2331044473 0.006871686418 
44.1 0.2334474432 0.00683658181 
44.15 0.2337880155 0.00676753618 
44.2 0.2341241073 0.006650175795 
44.25 0.2344529443 0.006470212062 
44.3 0.2347710406 0.006213482712 
44.35 0.2350742059 0.005865995522 
44.4 0.235357555 0.005413974996 
44.45 0.2356155201 0.004843912406 
44.5 0.2358418652 0.004142619515 
44.55 0.2360297037 0.003297286227 
44.6 0.2361715186 0.00229554234 
44.65 0.2362591863 0.001125523464 
44.7 0.2362840035 -0.0002240588963 
44.75 0.2362367177 -0.001763843245 
44.8 0.2361075617 -0.003503740199 
44.85 0.2358862921 -0.005452851163 
44.9 0.2355622317 -0.007619384026 
44.95 0.2351243161 -0.01001056649 
45 0.2345611454 -0.0126325577 
45.05 0.2338610395 -0.01549035907 
45.1 0.2330120981 -0.01858772511 
45.15 0.2320022658 -0.0219270755 
45.2 0.2308194004 -0.02550940929 
45.25 0.2294513463 -0.02933422275 
45.3 0.2278860119 -0.03339943189 
45.35 0.2261114498 -0.03770130125 
45.4 0.224115942 -0.04223438025 
45.45 0.2218880861 -0.0469914486 
45.5 0.2194168858 -0.05196347209 
45.55 0.2166918424 -0.05713957047 
45.6 0.2137030472 -0.06250699844 
45.65 0.2104412761 -0.06805114142 
45.7 0.2068980817 -0.07375552714 
45.75 0.2030658868 -0.07960185411 
45.8 0.1989380743 -0.08557003823 
45.85 0.194509075 -0.09163827793 
45.9 0.189774452 -0.09778313881 
45.95 0.1847309792 -0.1039796578 
46 0.1793767158 -0.1102014674 
46.05 0.1737110726 -0.116420939 
46.1 0.1677348711 -0.1226093464 
46.15 0.1614503947 -0.1287370463 
46.2 0.1548614292 -0.1347736777 
46.25 0.1479732939 -0.1406883759 
46.3 0.1407928608 -0.1464500018 
46.35 0.1333285631 -0.1520273825 
46.4 0.1255903901 -0.1573895622 
46.45 0.1175898703 -0.1625060604 
46.5 0.1093400411 -0.1673471339 
46.55 0.1008554054 -0.1718840409 
46.6 0.09215187467 -0.1760893022 
46.65 0.08324669974 -0.179936958 
46.7 0.07415838825 -0.1834028148 
46.75 0.06490661039 -0.1864646816 
46.8 0.05551209306 -0.189102589 
46.85 0.04599650353 -0.191298991 
46.9 0.0363823235 -0.193038944 
46.95 0.0266927148 -0.1943102618 
47 0.01695137797 -0.195103644 
47.05 0.007182405151 -0.1954127748 
47.1 -0.002589871292 -0.1952343921 
47.15 -0.01234103273 -0.1945683243 
47.2 -0.02204672937 -0.1934174955 
47.25 -0.03168283469 -0.1917878978 
47.3 -0.04122559784 -0.1896885324 
47.35 -0.05065179216 -0.1871313187 
47.4 -0.05993885847 -0.1841309749 
47.45 -0.06906504167 -0.1807048697 
47.5 -0.07800951925 -0.1768728494 
47.55 -0.08675252053 -0.1726570415 
47.6 -0.09527543557 -0.1680816386 
47.65 -0.1035609128 -0.1631726652 
47.7 -0.1115929446 -0.1579577312 
47.75 -0.1193569403 -0.152465775 
47.8 -0.1268397861 -0.1467268002 
47.85 -0.1340298917 -0.1407716086 
47.9 -0.1409172234 -0.1346315341 
47.95 -0.1474933242 -0.1283381789 
48 -0.1537513208 -0.1219231565 
48.05 -0.1596859178 -0.1154178441 
48.1 -0.1652933795 -0.1088531455 
48.15 -0.1705715011 -0.1022592692 
48.2 -0.1755195678 -0.09566552109 
48.25 -0.1801383055 -0.08910011472 
48.3 -0.1844298211 -0.08259000052 
48.35 -0.1883975357 -0.07616071401 
48.4 -0.1920461098 -0.06983624438 
48.45 -0.1953813636 -0.06363892342 
48.5 -0.1984101911 -0.05758933492 
48.55 -0.2011404708 -0.05170624426 
48.6 -0.2035809737 -0.04600654775 
48.65 -0.2057412681 -0.04050524093 
48.7 -0.2076316244 -0.03521540506 
48.75 -0.2092629193 -0.03014821055 
48.8 -0.2106465406 -0.02531293625 
48.85 -0.2117942928 -0.02071700325 
48.9 -0.2127183058 -0.01636602174 
48.95 -0.2134309456 -0.0122638495 
49 -0.2139447277 -0.008412660506 
49.05 -0.2142722355 -0.00481302215 
49.1 -0.2144260415 -0.001463979562 
49.15 -0.2144186334 0.001636854405 
49.2 -0.2142623453 0.004493204949 
49.25 -0.2139692923 0.007110038192 
49.3 -0.2135513118 0.0094934624 
49.35 -0.2130199082 0.01165062873 
49.4 -0.2123862037 0.01358963255 
49.45 -0.2116608931 0.01531941626 
49.5 -0.2108542044 0.01684967452 
49.55 -0.209975863 0.01819076252 
49.6 -0.2090350612 0.01935360786 
49.65 -0.2080404315 0.02034962666 
49.7 -0.2070000248 0.02119064409 
49.75 -0.2059212909 0.0218888197 
49.8 -0.2048110647 0.0224565775 
49.85 -0.2036755537 0.02290654112 
49.9 -0.2025203301 0.02325147365 
49.95 -0.2013503253 0.02350422229 
50 -0.2001698267 0.02367766748 
