0.05 0.004996251549 0.09985007342 
0.1 0.009985002642 0.09969982603 
0.15 0.01496620614 0.09954785948 
0.2 0.01993972192 0.099391855 
0.25 0.02490527121 0.09922858755 
0.3 0.02986239168 0.09905394417 
0.35 0.03481039364 0.09886294657 
0.4 0.03974831739 0.09864977805 
0.45 0.04467489208 0.09840781511 
0.5 0.04958849626 0.09812966377 
0.55 0.0544871204 0.09780720102 
0.6 0.05936833152 0.09743162146 
0.65 0.0642292404 0.09699348943 
0.7 0.06906647147 0.09648279686 
0.75 0.07387613576 0.09588902698 
0.8 0.07865380718 0.09520122395 
0.85 0.08339450246 0.0944080687 
0.9 0.08809266495 0.09349796074 
0.95 0.09274215279 0.09245910611 
1 0.09733623151 0.09127961121 
1.05 0.1018675715 0.08994758222 
1.1 0.1063282508 0.08845122997 
1.15 0.1107097626 0.08677897964 
1.2 0.1150030293 0.08491958469 
1.25 0.1191984215 0.08286224455 
1.3 0.1232857835 0.08059672503 
1.35 0.1272544645 0.0781134807 
1.4 0.1310933565 0.07540377802 
1.45 0.1347909372 0.07245981834 
1.5 0.1383353206 0.06927485919 
1.55 0.1417143125 0.0658433328 
1.6 0.144915472 0.06216096035 
1.65 0.1479261785 0.05822486039 
1.7 0.1507337048 0.05403365011 
1.75 0.1533252938 0.04958753781 
1.8 0.1556882401 0.04488840509 
1.85 0.1578099762 0.03993987734 
1.9 0.1596781602 0.03474738105 
1.95 0.1612807677 0.02931818661 
2 0.1626061846 0.02366143545 
2.05 0.1636433008 0.01778815027 
2.1 0.1643816042 0.01171122762 
2.15 0.1648112738 0.005445411905 
2.2 0.1649232715 -0.0009927496233 
2.25 0.1647094298 -0.007584971283 
2.3 0.1641625377 -0.01431131285 
2.35 0.1632764202 -0.02115028278 
2.4 0.1620460133 -0.0280789603 
2.45 0.1604674317 -0.03507313579 
2.5 0.1585380297 -0.04210746837 
2.55 0.1562564533 -0.04915565957 
2.6 0.1536226835 -0.05619064155 
2.65 0.1506380697 -0.06318477818 
2.7 0.147305353 -0.07011007701 
2.75 0.1436286783 -0.0769384099 
2.8 0.1396135958 -0.08364174003 
2.85 0.1352670502 -0.09019235269 
2.9 0.1305973593 -0.09656308728 
2.95 0.1256141801 -0.1027275677 
3 0.1203284641 -0.1086604283 
3.05 0.1147524013 -0.1143375329 
3.1 0.1088993533 -0.1197361839 
3.15 0.1027837766 -0.1248353185 
3.2 0.09642113606 -0.1296156901 
3.25 0.08982781009 -0.1340600327 
3.3 0.08302098779 -0.1381532048 
3.35 0.07601855959 -0.141882313 
3.4 0.06883900229 -0.1452368121 
3.45 0.06150125959 -0.1482085811 
3.5 0.05402461951 -0.1507919742 
3.55 0.0464285899 -0.1529838469 
3.6 0.03873277326 -0.1547835555 
3.65 0.03095674221 -0.1561929323 
3.7 0.02311991685 -0.1572162355 
3.75 0.01524144522 -0.1578600756 
3.8 0.007340087966 -0.1581333198 
3.85 -0.0005658916523 -0.1580469752 
3.9 -0.008458831448 -0.1576140538 
3.95 -0.01632176682 -0.1568494204 
4 -0.0241385193 -0.1557696266 
4.05 -0.03189377646 -0.1543927326 
4.1 -0.03957316273 -0.15273812 
4.15 -0.04716330062 -0.1508262974 
4.2 -0.0546518621 -0.1486787025 
4.25 -0.06202761011 -0.1463175017 
4.3 -0.06928042996 -0.1437653913 
4.35 -0.07640135091 -0.1410454003 
4.4 -0.08338255801 -0.1381806998 
4.45 -0.09021739454 -0.1351944182 
4.5 -0.09690035546 -0.1321094654 
4.55 -0.1034270723 -0.1289483673 
4.6 -0.10979429 -0.125733111 
4.65 -0.1159998364 -0.1224850023 
4.7 -0.1220425849 -0.1192245371 
4.75 -0.127922411 -0.1159712844 
4.8 -0.1336401433 -0.1127437848 
4.85 -0.1391975099 -0.1095594615 
4.9 -0.1445970805 -0.1064345452 
4.95 -0.1498422051 -0.1033840124 
5 -0.1549369503 -0.100421536 
5.05 -0.1598860329 -0.09755944826 
5.1 -0.1646947521 -0.094808715 
5.15 -0.169368921 -0.0921789203 
5.2 -0.1739147974 -0.08967826073 
5.25 -0.1783390139 -0.08731354836 
5.3 -0.1826485096 -0.08509022129 
5.35 -0.1868504614 -0.08301236097 
5.4 -0.1909522169 -0.08108271522 
5.45 -0.1949612282 -0.07930272601 
5.5 -0.1988849875 -0.07767256117 
5.55 -0.2027309644 -0.07619114917 
5.6 -0.2065065446 -0.07485621614 
5.65 -0.2102189708 -0.07366432454 
5.7 -0.2138752858 -0.0726109128 
5.75 -0.2174822768 -0.07169033549 
5.8 -0.2210464225 -0.07089590347 
5.85 -0.224573842 -0.07021992392 
5.9 -0.2280702454 -0.06965373975 
5.95 -0.2315408868 -0.06918776857 
6 -0.2349905186 -0.06881154095 
6.05 -0.2384233486 -0.06851373819 
6.1 -0.2418429979 -0.06828222972 
6.15 -0.2452524619 -0.06810411035 
6.2 -0.2486540719 -0.06796573778 
6.25 -0.2520494595 -0.06785277063 
6.3 -0.2554395228 -0.06775020763 
6.35 -0.2588243938 -0.06764242829 
6.4 -0.2622034091 -0.06751323576 
6.45 -0.265575082 -0.06734590242 
6.5 -0.2689370771 -0.06712321868 
6.55 -0.2722861877 -0.06682754587 
6.6 -0.2756183153 -0.0664408735 
6.65 -0.2789284532 -0.06594488176 
6.7 -0.2822106722 -0.06532100963 
6.75 -0.2854581107 -0.0645505291 
6.8 -0.2886629681 -0.06361462611 
6.85 -0.2918165027 -0.06249448832 
6.9 -0.2949090343 -0.06117140015 
6.95 -0.2979299514 -0.05962684523 
7 -0.3008677239 -0.05784261623 
7.05 -0.3037099216 -0.05580093201 
7.1 -0.3064432385 -0.05348456198 
7.15 -0.3090535233 -0.05087695709 
7.2 -0.3115258174 -0.04796238715 
7.25 -0.3138443989 -0.04472608362 
7.3 -0.3159928348 -0.04115438709 
7.35 -0.31795404 -0.03723489854 
7.4 -0.3197103438 -0.03295663304 
7.45 -0.3212435654 -0.02831017467 
7.5 -0.3225350951 -0.02328783125 
7.55 -0.3235659852 -0.01788378712 
7.6 -0.3243170472 -0.01209425241 
7.65 -0.3247689567 -0.005917606846 
7.7 -0.3249023655 0.0006454637905 
7.75 -0.3246980199 0.007591840548 
7.8 -0.3241368854 0.01491585561 
7.85 -0.3232002768 0.0226091901 
7.9 -0.3218699931 0.03066078745 
7.95 -0.3201284558 0.03905678446 
8 -0.317958851 0.04778046196 
8.05 -0.3153452726 0.05681221715 
8.1 -0.3122728672 0.06612955933 
8.15 -0.3087279773 0.07570713072 
8.2 -0.3046982844 0.08551675394 
8.25 -0.3001729477 0.0955275074 
8.3 -0.2951427389 0.1057058296 
8.35 -0.2896001712 0.1160156535 
8.4 -0.2835396204 0.1264185702 
8.45 -0.2769574371 0.1368740241 
8.5 -0.2698520491 0.1473395375 
8.55 -0.2622240506 0.1577709639 
8.6 -0.254076279 0.1681227707 
8.65 -0.245413877 0.1783483473 
8.7 -0.2362443374 0.188400338 
8.75 -0.2265775323 0.198230997 
8.8 -0.2164257232 0.2077925612 
8.85 -0.2058035519 0.2170376389 
8.9 -0.1947280125 0.2259196088 
8.95 -0.183218402 0.2343930255 
9 -0.1712962522 0.2424140269 
9.05 -0.1589852399 0.2499407373 
9.1 -0.1463110777 0.2569336625 
9.15 -0.1333013854 0.2633560687 
9.2 -0.1199855431 0.2691743431 
9.25 -0.1063945263 0.2743583273 
9.3 -0.09256072579 0.2788816213 
9.35 -0.07851775271 0.2827218506 
9.4 -0.06430023144 0.2858608943 
9.45 -0.04994358218 0.2882850684 
9.5 -0.03548379541 0.2899852634 
9.55 -0.02095720082 0.290957031 
9.6 -0.006400233115 0.2912006213 
9.65 0.008150802789 0.2907209681 
9.7 0.02265996447 0.289527623 
9.75 0.03709190023 0.2876346395 
9.8 0.05141207028 0.2850604096 
9.85 0.06558695863 0.2818274551 
9.9 0.07958427352 0.2779621778 
9.95 0.09337313433 0.2734945721 
10 0.1069242434 0.2684579053 
10.05 0.1202100411 0.2628883717 
10.1 0.133204843 0.2568247233 
10.15 0.1458849583 0.250307886 
10.2 0.1582287886 0.243380564 
10.25 0.1702169068 0.2360868403 
10.3 0.1818321161 0.2284717768 
10.35 0.193059489 0.2205810204 
10.4 0.2038863871 0.2124604189 
10.45 0.2143024616 0.2041556513 
10.5 0.2242996359 0.1957118759 
10.55 0.2338720715 0.1871734 
10.6 0.2430161176 0.1785833733 
10.65 0.251730246 0.1699835076 
10.7 0.2600149727 0.1614138234 
10.75 0.267872768 0.1529124261 
10.8 0.275307955 0.1445153107 
10.85 0.2823266008 0.1362561966 
10.9 0.2889363984 0.1281663907 
10.95 0.2951465435 0.1202746798 
11 0.3009676064 0.1126072497 
11.05 0.3064114007 0.1051876315 
11.1 0.3114908493 0.09803667136 
11.15 0.3162198501 0.09117252458 
11.2 0.320613142 0.08461067001 
11.25 0.3246861713 0.07836394418 
11.3 0.3284549612 0.07244259252 
11.35 0.331935984 0.06685433585 
11.4 0.3351460361 0.06160444999 
11.45 0.3381021189 0.05669585652 
11.5 0.3408213228 0.05212922265 
11.55 0.3433207174 0.04790306829 
11.6 0.3456172471 0.04401387858 
11.65 0.3477276321 0.04045622009 
11.7 0.3496682754 0.03722285912 
11.75 0.3514551756 0.03430488068 
11.8 0.3531038463 0.0316918069 
11.85 0.3546292403 0.02937171358 
11.9 0.3560456806 0.0273313441 
11.95 0.3573667963 0.02555621975 
12 0.3586054642 0.0240307458 
12.05 0.3597737556 0.02273831292 
12.1 0.360882888 0.02166139364 
12.15 0.3619431815 0.02078163349 
12.2 0.3629640195 0.02007993698 
12.25 0.363953814 0.01953654853 
12.3 0.3649199742 0.01913112843 
12.35 0.3658688791 0.01884282434 
12.4 0.3668058539 0.01865033882 
12.45 0.3677351489 0.01853199327 
12.5 0.3686599224 0.01846578919 
12.55 0.369582226 0.01842946726 
12.6 0.3705029929 0.01840056512 
12.65 0.3714220295 0.0183564746 
12.7 0.372338009 0.0182744993 
12.75 0.3732484692 0.0181319133 
12.8 0.3741498119 0.01790602185 
12.85 0.3750373062 0.01757422482 
12.9 0.3759050951 0.0171140837 
12.95 0.3767462052 0.01650339286 
13 0.37755256 0.01572025569 
13.05 0.3783149979 0.01474316614 
13.1 0.3790232932 0.01355109621 
13.15 0.3796661831 0.01212358956 
13.2 0.380231398 0.01044086167 
13.25 0.3807056981 0.008483906381 
13.3 0.3810749155 0.006234608943 
13.35 0.3813240008 0.003675865265 
13.4 0.3814370775 0.0007917069498 
13.45 0.3813975018 -0.002432568388 
13.5 0.3811879292 -0.006010262266 
13.55 0.3807903879 -0.009953136828 
13.6 0.3801863597 -0.01427127376 
13.65 0.379356867 -0.01897293183 
13.7 0.378282568 -0.02406440447 
13.75 0.3769438581 -0.02954987891 
13.8 0.3753209792 -0.03543129855 
13.85 0.3733941344 -0.0417082304 
13.9 0.3711436111 -0.04837773949 
13.95 0.368549908 -0.0554342722 
14 0.3655938692 -0.06286955085 
14.05 0.3622568231 -0.07067248133 
14.1 0.3585207244 -0.07882907632 
14.15 0.354368301 -0.08732239609 
14.2 0.3497832025 -0.09613250909 
14.25 0.3447501502 -0.1052364745 
14.3 0.3392550876 -0.1146083488 
14.35 0.3332853298 -0.124219218 
14.4 0.3268297108 -0.134037258 
14.45 0.3198787265 -0.1440278235 
14.5 0.3124246735 -0.1541535681 
14.55 0.3044617799 -0.1643745951 
14.6 0.2959863287 -0.1746486415 
14.65 0.286996771 -0.1849312934 
14.7 0.2774938268 -0.1951762345 
14.75 0.2674805742 -0.2053355262 
14.8 0.256962522 -0.2153599174 
14.85 0.2459476676 -0.2251991843 
14.9 0.2344465363 -0.234802496 
14.95 0.2224722019 -0.2441188037 
15 0.2100402878 -0.2530972506 
15.05 0.1971689465 -0.2616875969 
15.1 0.1838788179 -0.2698406574 
15.15 0.1701929657 -0.2775087442 
15.2 0.1561367913 -0.284646111 
15.25 0.1417379256 -0.2912093918 
15.3 0.1270260994 -0.2971580278 
15.35 0.1120329928 -0.3024546769 
15.4 0.09679206438 -0.3070655991 
15.45 0.08133836223 -0.3109610113 
15.5 0.06570831794 -0.3141154064 
15.55 0.04993952573 -0.3165078301 
15.6 0.03407050875 -0.3181221119 
15.65 0.01814047524 -0.3189470454 
15.7 0.002189066914 -0.3189765144 
15.75 -0.01374389756 -0.3182095639 
15.8 -0.02961868118 -0.3166504122 
15.85 -0.04539588637 -0.3143084069 
15.9 -0.06103670916 -0.3111979226 
15.95 -0.07650318685 -0.3073382043 
16 -0.09175843649 -0.3027531588 
16.05 -0.1067668817 -0.2974710964 
16.1 -0.1214944656 -0.2915244294 
16.15 -0.1359088474 -0.2849493316 
16.2 -0.1499795812 -0.2777853639 
16.25 -0.1636782757 -0.2700750735 
16.3 -0.1769787328 -0.2618635716 
16.35 -0.1898570648 -0.2531980967 
16.4 -0.20229179 -0.2441275697 
16.45 -0.2142639057 -0.234702147 
16.5 -0.2257569382 -0.2249727771 
16.55 -0.2367569724 -0.2149907662 
16.6 -0.2472526582 -0.2048073585 
16.65 -0.2572351983 -0.1944733341 
16.7 -0.2666983143 -0.1840386298 
16.75 -0.2756381966 -0.1735519852 
16.8 -0.2840534354 -0.1630606173 
16.85 -0.2919449377 -0.1526099244 
16.9 -0.2993158293 -0.1422432229 
16.95 -0.3061713451 -0.1320015158 
17 -0.3125187077 -0.1219232944 
17.05 -0.3183669983 -0.1120443728 
17.1 -0.323727019 -0.1023977555 
17.15 -0.3286111495 -0.09301353573 
17.2 -0.3330332 -0.08391882489 
17.25 -0.3370082609 -0.07513771052 
17.3 -0.3405525509 -0.06669124196 
17.35 -0.3436832653 -0.05859744125 
17.4 -0.3464184256 -0.05087133754 
17.45 -0.3487767311 -0.04352502279 
17.5 -0.3507774137 -0.03656772658 
17.55 -0.3524400972 -0.03000590783 
17.6 -0.353784661 -0.02384336107 
17.65 -0.3548311105 -0.01808133517 
17.7 -0.3555994522 -0.01271866227 
17.75 -0.3561095768 -0.007751894688 
17.8 -0.3563811486 -0.003175448036 
17.85 -0.3564335022 0.001018251695 
17.9 -0.356285547 0.004838618661 
17.95 -0.3559556787 0.008296757067 
18 -0.3554616987 0.01140531195 
18.05 -0.3548207408 0.01417832223 
18.1 -0.3540492049 0.01663107712 
18.15 -0.3531626981 0.01877997715 
18.2 -0.3521759825 0.02064240037 
18.25 -0.3511029295 0.02223657465 
18.3 -0.3499564804 0.02358145654 
18.35 -0.3487486129 0.02469661698 
18.4 -0.347490313 0.02560213404 
18.45 -0.3461915524 0.02631849297 
18.5 -0.3448612699 0.02686649305 
18.55 -0.3435073587 0.02726716146 
18.6 -0.3421366564 0.02754167348 
18.65 -0.3407549398 0.02771127873 
18.7 -0.3393669227 0.02779723294 
18.75 -0.3379762573 0.02782073445 
18.8 -0.3365855387 0.02780286501 
18.85 -0.3351963117 0.0277645339 
18.9 -0.3338090814 0.02772642476 
18.95 -0.3324233252 0.02770894435 
19 -0.3310375082 0.02773217228 
19.05 -0.3296491008 0.02781581123 
19.1 -0.3282545987 0.0279791366 
19.15 -0.3268495454 0.0282409451 
19.2 -0.325428558 0.02861950155 
19.25 -0.3239853544 0.02913248327 
19.3 -0.3225127849 0.02979692162 
19.35 -0.3210028654 0.03062914019 
19.4 -0.3194468148 0.03164468944 
19.45 -0.3178350951 0.0328582774 
19.5 -0.3161574558 0.03428369658 
19.55 -0.3144029808 0.03593374685 
19.6 -0.312560141 0.03782015472 
19.65 -0.310616849 0.0399534892 
19.7 -0.3085605202 0.04234307465 
19.75 -0.3063781365 0.04499690128 
19.8 -0.3040563155 0.04792153412 
19.85 -0.3015813843 0.05112202106 
19.9 -0.2989394572 0.05460180133 
19.95 -0.2961165189 0.0583626152 
20 -0.2930985111 0.0624044165 
20.05 -0.2898714246 0.06672528907 
20.1 -0.2864213939 0.07132136871 
20.15 -0.2827347973 0.07618677222 
20.2 -0.278798359 0.08131353509 
20.25 -0.2745992545 0.08669155949 
20.3 -0.2701252182 0.09230857426 
20.35 -0.2653646533 0.09815010862 
20.4 -0.2603067417 0.1041994811 
20.45 -0.2549415543 0.1104378055 
20.5 -0.2492601614 0.116844015 
20.55 -0.2432547399 0.1233949062 
20.6 -0.2369186792 0.1300652042 
20.65 -0.2302466823 0.1368276491 
20.7 -0.2232348628 0.1436531061 
20.75 -0.2158808349 0.1505106976 
20.8 -0.2081837975 0.15736796 
20.85 -0.2001446081 0.1641910231 
20.9 -0.1917658491 0.1709448123 
20.95 -0.183051882 0.1775932732 
21 -0.1740088903 0.1840996167 
21.05 -0.16464491 0.190426583 
21.1 -0.1549698461 0.1965367232 
21.15 -0.1449954744 0.2023926946 
21.2 -0.1347354291 0.2079575683 
21.25 -0.1242051738 0.213195145 
21.3 -0.1134219569 0.2180702754 
21.35 -0.1024047517 0.2225491818 
21.4 -0.09117417928 0.2265997764 
21.45 -0.07975241634 0.2301919726 
21.5 -0.06816308766 0.2332979838 
21.55 -0.05643114389 0.2358926071 
21.6 -0.04458272571 0.2379534857 
21.65 -0.03264501546 0.2394613482 
21.7 -0.02064607746 0.2404002184 
21.75 -0.00861468868 0.2407575948 
21.8 0.003419838817 0.240524595 
21.85 0.01542784162 0.2396960631 
21.9 0.02737949322 0.2382706385 
21.95 0.03924499464 0.236250785 
22 0.05099476553 0.2336427783 
22.05 0.06259963362 0.230456654 
22.1 0.07403102057 0.2267061153 
22.15 0.08526112227 0.2224084023 
22.2 0.09626308162 0.2175841256 
22.25 0.1070111522 0.2122570648 
22.3 0.117480851 0.206453938 
22.35 0.1276490991 0.2002041431 
22.4 0.1374943486 0.1935394763 
22.45 0.1469966952 0.1864938307 
22.5 0.156137975 0.1791028816 
22.55 0.1649018458 0.1714037593 
22.6 0.1732738513 0.1634347172 
22.65 0.1812414689 0.1552347977 
22.7 0.188794141 0.1468434999 
22.75 0.1959232896 0.1383004535 
22.8 0.2026223148 0.1296451031 
22.85 0.2088865778 0.1209164047 
22.9 0.2147133697 0.1121525386 
22.95 0.2201018654 0.1033906406 
23 0.2250530651 0.0946665541 
23.05 0.2295697243 0.08601460471 
23.1 0.2336562727 0.07746739838 
23.15 0.2373187233 0.06905564466 
23.2 0.2405645741 0.06080800533 
23.25 0.2434027023 0.05275096862 
23.3 0.2458432531 0.04490874917 
23.35 0.2478975239 0.03730321306 
23.4 0.2495778455 0.02995382749 
23.45 0.2508974618 0.02287763394 
23.5 0.2518704076 0.01608924385 
23.55 0.2525113881 0.009600855323 
23.6 0.2528356587 0.003422289465 
23.65 0.2528589075 -0.002438955388 
23.7 0.252597141 -0.007977633217 
23.75 0.2520665733 -0.01319066548 
23.8 0.2512835203 -0.01807704376 
23.85 0.2502642988 -0.02263772166 
23.9 0.2490251312 -0.026875498 
23.95 0.2475820566 -0.03079489285 
24 0.2459508476 -0.03440201846 
24.05 0.2441469341 -0.03770444655 
24.1 0.2421853339 -0.04071107356 
24.15 0.2400805895 -0.04343198557 
24.2 0.2378467123 -0.04587832387 
24.25 0.235497133 -0.04806215274 
24.3 0.2330446585 -0.04999633036 
24.35 0.2305014358 -0.05169438383 
24.4 0.2278789212 -0.05317038906 
24.45 0.2251878561 -0.05443885628 
24.5 0.2224382475 -0.05551462157 
24.55 0.2196393548 -0.05641274488 
24.6 0.2167996806 -0.05714841476 
24.65 0.213926967 -0.05773685982 
24.7 0.2110281952 -0.05819326711 
24.75 0.2081095897 -0.0585327072 
24.8 0.2051766257 -0.05877006576 
24.85 0.2022340403 -0.05891998146 
24.9 0.1992858458 -0.05899678979 
24.95 0.1963353465 -0.05901447239 
25 0.1933851573 -0.0589866115 
25.05 0.190437225 -0.05892634904 
25.1 0.187492851 -0.0588463498 
25.15 0.184552716 -0.05875876823 
25.2 0.1816169066 -0.05867521843 
25.25 0.1786849425 -0.0586067467 
25.3 0.175755806 -0.05856380629 
25.35 0.1728279719 -0.05855623381 
25.4 0.1698994394 -0.05859322708 
25.45 0.1669677637 -0.05868332378 
25.5 0.1640300905 -0.05883438085 
25.55 0.1610831899 -0.05905355425 
25.6 0.158123492 -0.05934727895 
25.65 0.155147124 -0.05972124894 
25.7 0.1521499469 -0.06018039733 
25.75 0.1491275949 -0.06072887638 
25.8 0.146075514 -0.06137003775 
25.85 0.1429890036 -0.06210641293 
25.9 0.139863257 -0.06293969416 
25.95 0.1366934045 -0.06387071614 
26 0.1334745564 -0.0648994388 
26.05 0.1302018471 -0.06602493169 
26.1 0.1268704803 -0.06724536023 
26.15 0.123475774 -0.06855797457 
26.2 0.120013207 -0.0699591014 
26.25 0.1164784647 -0.07144413942 
26.3 0.112867486 -0.07300755905 
26.35 0.1091765093 -0.0746429069 
26.4 0.1054021186 -0.07634281574 
26.45 0.1015412888 -0.07809902037 
26.5 0.09759143002 -0.07990238016 
26.55 0.09355043071 -0.08174290859 
26.6 0.08941669905 -0.08360981036 
26.65 0.08518920226 -0.08549152634 
26.7 0.08086750355 -0.08737578679 
26.75 0.07645179609 -0.0892496729 
26.8 0.07194293379 -0.09109968682 
26.85 0.06734245832 -0.09291183014 
26.9 0.06265262198 -0.09467169053 
26.95 0.05787640609 -0.09636453638 
27 0.05301753441 -0.09797541884 
27.05 0.04808048132 -0.09948928071 
27.1 0.0430704744 -0.1008910714 
27.15 0.03799349108 -0.1021658669 
27.2 0.03285624927 -0.1032989943 
27.25 0.02766619159 -0.1042761583 
27.3 0.0224314633 -0.1050835705 
27.35 0.01716088373 -0.1057080777 
27.4 0.01186391132 -0.1061372899 
27.45 0.006550602351 -0.1063597045 
27.5 0.001231563502 -0.1063648267 
27.55 -0.004082101377 -0.1061432835 
27.6 -0.009378850075 -0.1056869303 
27.65 -0.0146467659 -0.1049889479 
27.7 -0.01987362617 -0.1040439291 
27.75 -0.02504697472 -0.1028479534 
27.8 -0.03015419784 -0.1013986482 
27.85 -0.03518260286 -0.0996952354 
27.9 -0.04011949883 -0.09773856385 
27.95 -0.04495227822 -0.09553112464 
28 -0.04966849917 -0.09307705085 
28.05 -0.05425596718 -0.09038210047 
28.1 -0.05870281561 -0.08745362271 
28.15 -0.06299758408 -0.08430050801 
28.2 -0.06712929388 -0.08093312221 
28.25 -0.07108751985 -0.07736322549 
28.3 -0.07486245774 -0.07360387722 
28.35 -0.0784449865 -0.06966932764 
28.4 -0.08182672489 -0.06557489781 
28.45 -0.08500008182 -0.06133684933 
28.5 -0.08795829988 -0.05697224543 
28.55 -0.09069549187 -0.05249880508 
28.6 -0.09320666977 -0.0479347521 
28.65 -0.09548776617 -0.04329866095 
28.7 -0.09753564792 -0.03860930118 
28.75 -0.09934812198 -0.03388548244 
28.8 -0.1009239336 -0.0291459017 
28.85 -0.102262757 -0.02440899464 
28.9 -0.1033651786 -0.01969279265 
28.95 -0.1042326734 -0.01501478722 
29 -0.1048675749 -0.01039180283 
29.05 -0.1052730387 -0.005839879831 
29.1 -0.1054530006 -0.001374168235 
29.15 -0.1054121294 0.002991166691 
29.2 -0.1051557761 0.007243026261 
29.25 -0.1046899184 0.01136944721 
29.3 -0.1040211026 0.01535965718 
29.35 -0.1031563829 0.01920411675 
29.4 -0.1021032591 0.02289454806 
29.45 -0.100869613 0.02642395027 
29.5 -0.09946364434 0.02978660225 
29.55 -0.09789380719 0.03297805301 
29.6 -0.0961687468 0.0359951006 
29.65 -0.09429723793 0.03883576022 
29.7 -0.09228812503 0.04149922242 
29.75 -0.09015026464 0.04398580235 
29.8 -0.08789247067 0.04629688116 
29.85 -0.08552346266 0.04843484045 
29.9 -0.08305181752 0.05040299092 
29.95 -0.08048592499 0.05220549641 
30 -0.07783394694 0.05384729411 
30.05 -0.07510378077 0.05533401231 
30.1 -0.07230302692 0.05667188636 
30.15 -0.06943896064 0.05786767406 
30.2 -0.06651850802 0.05892857106 
30.25 -0.06354822614 0.05986212734 
30.3 -0.06053428746 0.06067616528 
30.35 -0.05748246814 0.06137870006 
30.4 -0.0543981404 0.06197786289 
30.45 -0.05128626851 0.06248182753 
30.5 -0.04815140848 0.06289874056 
30.55 -0.04499771101 0.0632366555 
30.6 -0.04182892779 0.06350347126 
30.65 -0.03864842059 0.06370687481 
30.7 -0.03545917328 0.0638542883 
30.75 -0.03226380621 0.06395282066 
30.8 -0.0290645931 0.06400922348 
30.85 -0.02586347982 0.06402985128 
30.9 -0.02266210521 0.06402062596 
30.95 -0.01946182348 0.06398700526 
31 -0.01626372815 0.06393395519 
31.05 -0.01306867725 0.06386592599 
31.1 -0.009877319588 0.06378683184 
31.15 -0.00669012207 0.06370003367 
31.2 -0.003507397658 0.06360832528 
31.25 -0.0003293340444 0.06351392238 
31.3 0.002843977241 0.06341845451 
31.35 0.006012511369 0.06332295961 
31.4 0.009176280557 0.06322788126 
31.45 0.01233530433 0.06313306849 
31.5 0.01548957985 0.06303777797 
31.55 0.01863905239 0.06294067882 
31.6 0.02178358613 0.06283985981 
31.65 0.0249229354 0.0627328392 
31.7 0.02805671641 0.06261657708 
31.75 0.03118437973 0.06248749053 
31.8 0.03430518361 0.06234147157 
31.85 0.03741816815 0.06217390805 
31.9 0.04052213078 0.06197970769 
31.95 0.04361560285 0.06175332537 
32 0.04669682776 0.06148879389 
32.05 0.04976374074 0.06117975825 
32.1 0.05281395032 0.06081951368 
32.15 0.05584472192 0.06040104755 
32.2 0.0588529636 0.0599170851 
32.25 0.06183521414 0.05936013931 
32.3 0.06478763377 0.05872256463 
32.35 0.06770599769 0.05799661481 
32.4 0.07058569253 0.05717450452 
32.45 0.07342171604 0.05624847473 
32.5 0.07620868012 0.05521086163 
32.55 0.07894081732 0.05405416869 
32.6 0.08161199114 0.05277114164 
32.65 0.08421571 0.05135484575 
32.7 0.08674514522 0.04979874502 
32.75 0.08919315299 0.04809678258 
32.8 0.0915523003 0.04624346165 
32.85 0.09381489497 0.04423392627 
32.9 0.09597301975 0.04206404094 
32.95 0.09801857021 0.03973046837 
33 0.0999432966 0.03723074426 
33.05 0.1017388493 0.03456334823 
33.1 0.1033968275 0.0317277698 
33.15 0.1049088316 0.02872456853 
33.2 0.1062665177 0.02555542706 
33.25 0.1074616551 0.02222319628 
33.3 0.1084861857 0.01873193158 
33.35 0.1093322848 0.01508691914 
33.4 0.109992423 0.01129469168 
33.45 0.110459429 0.007363032651 
33.5 0.1107265518 0.003300968482 
33.55 0.1107875223 -0.0008812518347 
33.6 0.1106366137 -0.005172190037 
33.65 0.1102687001 -0.009559265032 
33.7 0.1096793119 -0.01402881252 
33.75 0.1088646882 -0.01856615761 
33.8 0.1078218255 -0.02315570022 
33.85 0.1065485214 -0.02778101253 
33.9 0.1050434134 -0.03242494806 
33.95 0.1033060116 -0.03706976123 
34 0.101336726 -0.04169723651 
34.05 0.09913688601 -0.04628882576 
34.1 0.09670875386 -0.05082579255 
34.15 0.09405553023 -0.05528936171 
34.2 0.09118135232 -0.05966087267 
34.25 0.08809128425 -0.06392193457 
34.3 0.08479129972 -0.06805458165 
34.35 0.08128825686 -0.07204142669 
34.4 0.0775898656 -0.07586581092 
34.45 0.07370464755 -0.07951194833 
34.5 0.06964188893 -0.08296506268 
34.55 0.06541158686 -0.0862115154 
34.6 0.06102438946 -0.08923892281 
34.65 0.05649153046 -0.09203626117 
34.7 0.05182475884 -0.09459395811 
34.75 0.04703626427 -0.09690396957 
34.8 0.04213859912 -0.09895984103 
34.85 0.03714459776 -0.1007567526 
34.9 0.03206729408 -0.1022915472 
34.95 0.02691983797 -0.103562742 
35 0.02171541169 -0.104570523 
35.05 0.01646714691 -0.1053167227 
35.1 0.01118804327 -0.1058047818 
35.15 0.005890889266 -0.1060396956 
35.2 0.0005881861385 -0.1060279462 
35.25 -0.004707924458 -0.1057774206 
35.3 -0.009985728434 -0.1052973178 
35.35 -0.0152340023 -0.1045980446 
35.4 -0.02044207076 -0.1036911029 
35.45 -0.02559985851 -0.102588969 
35.5 -0.03069793577 -0.1013049675 
35.55 -0.03572755754 -0.09985314133 
35.6 -0.0406806961 -0.09824811867 
35.65 -0.04555006706 -0.09650497978 
35.7 -0.05032914851 -0.09463912412 
35.75 -0.05501219381 -0.09266613983 
35.8 -0.05959423777 -0.09060167676 
35.85 -0.06407109669 -0.08846132432 
35.9 -0.06843936238 -0.08626049513 
35.95 -0.07269639058 -0.0840143156 
36 -0.07684028404 -0.08173752401 
36.05 -0.08086987076 -0.07944437693 
36.1 -0.08478467774 -0.0771485642 
36.15 -0.0885849007 -0.07486313311 
36.2 -0.09227137025 -0.07260042158 
36.25 -0.09584551496 -0.07037200069 
36.3 -0.09930932172 -0.0681886262 
36.35 -0.102665294 -0.06606019903 
36.4 -0.1059164083 -0.06399573423 
36.45 -0.1090660693 -0.0620033381 
36.5 -0.1121180637 -0.06009019294 
36.55 -0.1150765143 -0.05826254882 
36.6 -0.1179458329 -0.0565257219 
36.65 -0.1207306739 -0.05488409845 
36.7 -0.1234358879 -0.0533411441 
36.75 -0.1260664761 -0.05189941757 
36.8 -0.1286275452 -0.05056058823 
36.85 -0.1311242638 -0.0493254568 
36.9 -0.1335618191 -0.04819397868 
36.95 -0.1359453754 -0.0471652893 
37 -0.1382800341 -0.04623773084 
37.05 -0.1405707941 -0.04540888 
37.1 -0.142822515 -0.04467557637 
37.15 -0.1450398802 -0.04403395094 
37.2 -0.1472273627 -0.04347945452 
37.25 -0.1493891916 -0.04300688587 
37.3 -0.1515293201 -0.04261041932 
37.35 -0.1536513952 -0.04228363185 
37.4 -0.1557587284 -0.04201952945 
37.45 -0.1578542677 -0.04181057305 
37.5 -0.1599405709 -0.04164870387 
37.55 -0.1620197806 -0.04152536848 
37.6 -0.1640935999 -0.04143154373 
37.65 -0.1661632693 -0.04135776188 
37.7 -0.1682295456 -0.04129413613 
37.75 -0.1702926811 -0.04123038693 
37.8 -0.1723524051 -0.04115586951 
37.85 -0.1744079058 -0.04105960296 
37.9 -0.176457815 -0.04093030121 
37.95 -0.1785001929 -0.04075640648 
38 -0.180532516 -0.04052612554 
38.05 -0.182551666 -0.04022746911 
38.1 -0.184553921 -0.03984829497 
38.15 -0.1865349494 -0.03937635498 
38.2 -0.1884898054 -0.03879934639 
38.25 -0.1904129278 -0.03810496773 
38.3 -0.1922981419 -0.0372809795 
38.35 -0.1941386636 -0.03631526976 
38.4 -0.1959271081 -0.03519592473 
38.45 -0.1976555012 -0.03391130438 
38.5 -0.1993152955 -0.03245012291 
38.55 -0.2008973896 -0.03080153386 
38.6 -0.202392153 -0.02895521965 
38.65 -0.203789454 -0.02690148497 
38.7 -0.2050786942 -0.02463135362 
38.75 -0.2062488461 -0.02213666803 
38.8 -0.207288497 -0.0194101908 
38.85 -0.2081858975 -0.01644570725 
38.9 -0.2089290152 -0.0132381281 
38.95 -0.2095055933 -0.009783591048 
39 -0.2099032149 -0.006079560158 
39.05 -0.2101093713 -0.002124921749 
39.1 -0.2101115357 0.00207992463 
39.15 -0.2098972407 0.006532981484 
39.2 -0.2094541605 0.01123057641 
39.25 -0.2087701962 0.01616729433 
39.3 -0.2078335644 0.02133592045 
39.35 -0.2066328885 0.02672739531 
39.4 -0.2051572915 0.0323307834 
39.45 -0.2033964906 0.03813325668 
39.5 -0.2013408916 0.04412009416 
39.55 -0.1989816836 0.0502746987 
39.6 -0.1963109315 0.05657863208 
39.65 -0.1933216673 0.0630116689 
39.7 -0.1900079773 0.06955187011 
39.75 -0.1863650857 0.07617567645 
39.8 -0.1823894329 0.08285802183 
39.85 -0.1780787476 0.08957246667 
39.9 -0.1734321115 0.09629135053 
39.95 -0.1684500165 0.1029859635 
40 -0.1631344121 0.1096267353 
40.05 -0.1574887439 0.1161834406 
40.1 -0.1515179802 0.1226254187 
40.15 -0.1452286287 0.1289218064 
40.2 -0.1386287402 0.1350417814 
40.25 -0.1317279003 0.1409548127 
40.3 -0.1245372086 0.1466309171 
40.35 -0.1170692448 0.1520409179 
40.4 -0.1093380218 0.1571567025 
40.45 -0.1013589264 0.1619514758 
40.5 -0.09314864677 0.1664000066 
40.55 -0.08472508895 0.1704788634 
40.6 -0.0761072807 0.1741666359 
40.65 -0.06731526553 0.1774441402 
40.7 -0.05836998655 0.1802946032 
40.75 -0.04929316185 0.1827038255 
40.8 -0.04010715223 0.1846603183 
40.85 -0.03083482279 0.186155414 
40.9 -0.02149939973 0.1871833474 
40.95 -0.01212432381 0.1877413078 
41 -0.002733101967 0.1878294598 
41.05 0.006650841354 0.1874509336 
41.1 0.01600431156 0.1866117842 
41.15 0.02530448852 0.1853209212 
41.2 0.03452906694 0.1835900087 
41.25 0.043656391 0.1814333394 
41.3 0.05266558213 0.1788676822 
41.35 0.06153665849 0.1759121075 
41.4 0.07025064528 0.1725877923 
41.45 0.07878967483 0.1689178077 
41.5 0.0871370757 0.1649268927 
41.55 0.09527745012 0.1606412163 
41.6 0.1031967395 0.156088132 
41.65 0.1108822772 0.1512959287 
41.7 0.1183228293 0.1462935788 
41.75 0.1255086223 0.1411104891 
41.8 0.1324313589 0.1357762562 
41.85 0.1390842214 0.1303204286 
41.9 0.1454618633 0.1247722799 
41.95 0.1515603907 0.1191605922 
42 0.1573773322 0.1135134549 
42.05 0.1629115996 0.1078580784 
42.1 0.1681634396 0.102220624 
42.15 0.1731343777 0.09662605212 
42.2 0.1778271544 0.09109798845 
42.25 0.1822456558 0.0856586091 
42.3 0.1863948384 0.08032854408 
42.35 0.1902806501 0.07512679965 
42.4 0.1939099471 0.0700706987 
42.45 0.1972904087 0.06517583868 
42.5 0.2004304505 0.06045606626 
42.55 0.2033391362 0.05592346775 
42.6 0.2060260903 0.05158837414 
42.65 0.20850141 0.04745937957 
42.7 0.2107755793 0.04354337195 
42.75 0.2128593852 0.03984557445 
42.8 0.214763835 0.03636959632 
42.85 0.2165000773 0.03311749188 
42.9 0.2180793259 0.03008982612 
42.95 0.2195127873 0.02728574579 
43 0.2208115913 0.02470305448 
43.05 0.2219867258 0.02233829071 
43.1 0.2230489759 0.0201868077 
43.15 0.2240088662 0.01824285398 
43.2 0.2248766079 0.01649965371 
43.25 0.2256620494 0.01494948606 
43.3 0.2263746311 0.01358376276 
43.35 0.2270233439 0.0123931034 
43.4 0.2276166914 0.01136740782 
43.45 0.2281626554 0.01049592533 
43.5 0.2286686656 0.009767320367 
43.55 0.2291415714 0.009169734675 
43.6 0.2295876176 0.008690845634 
43.65 0.2300124223 0.008317921045 
43.7 0.2304209578 0.008037870383 
43.75 0.2308175341 0.007837292763 
43.8 0.2312057841 0.007702521931 
43.85 0.2315886517 0.007619668627 
43.9 0.2319683818 0.007574660745 
43.95 0.2323465117 0.007553281772 
44 0.2327238651 0.007541207992 
44.05 0.2331005477 0.007524045021 
44.1 0.2334759443 0.007487364191 
44.15 0.2338487184 0.007416739384 
44.2 0.2342168127 0.007297784846 
44.25 0.2345774528 0.007116194538 
44.3 0.2349271517 0.006857783545 
44.35 0.235261717 0.006508532033 
44.4 0.2355762606 0.006054632186 
44.45 0.2358652101 0.005482538525 
44.5 0.2361223238 0.004779021917 
44.55 0.2363407074 0.003931227542 
44.6 0.2365128346 0.002926736963 
44.65 0.2366305705 0.001753634392 
44.7 0.2366851983 0.0004005771264 
44.75 0.2366674501 -0.001143129984 
44.8 0.2365675411 -0.002887456254 
44.85 0.2363752075 -0.004841563442 
44.9 0.2360797498 -0.007013721036 
44.95 0.2356700789 -0.009411219153 
45 0.2351347676 -0.01204027976 
45.05 0.2344621062 -0.01490596701 
45.1 0.2336401625 -0.01801209769 
45.15 0.2326568466 -0.02136115277 
45.2 0.2314999797 -0.0249541912 
45.25 0.2301573673 -0.02879076725 
45.3 0.2286168765 -0.03286885259 
45.35 0.2268665169 -0.03718476461 
45.4 0.2248945249 -0.0417331023 
45.45 0.222689451 -0.04650669115 
45.5 0.22024025 -0.05149653859 
45.55 0.2175363721 -0.05669180129 
45.6 0.2145678567 -0.06207976576 
45.65 0.2113254255 -0.06764584371 
45.7 0.2078005765 -0.07337358311 
45.75 0.2039856762 -0.07924469637 
45.8 0.1998740506 -0.08523910641 
45.85 0.1954600728 -0.09133501155 
45.9 0.1907392474 -0.09750896967 
45.95 0.1857082902 -0.1037360021 
46 0.1803652015 -0.1099897176 
46.05 0.1747093339 -0.1162424553 
46.1 0.1687414511 -0.1224654479 
46.15 0.1624637793 -0.1286290023 
46.2 0.1558800483 -0.1347026985 
46.25 0.1489955226 -0.1406556038 
46.3 0.1418170215 -0.1464565017 
46.35 0.1343529272 -0.152074133 
46.4 0.1266131808 -0.1574774466 
46.45 0.1186092652 -0.1626358577 
46.5 0.1103541754 -0.1675195105 
46.55 0.1018623758 -0.1720995425 
46.6 0.09314974321 -0.176348346 
46.65 0.08423349836 -0.1802398257 
46.7 0.07513212362 -0.1837496465 
46.75 0.0658652692 -0.1868554697 
46.8 0.05645364767 -0.1895371742 
46.85 0.046918918 -0.1917770579 
46.9 0.03728355994 -0.1935600189 
46.95 0.02757074006 -0.1948737112 
47 0.01780417054 -0.1957086742 
47.05 0.008007962331 -0.196058433 
47.1 -0.001793526049 -0.1959195687 
47.15 -0.01157584241 -0.1952917567 
47.2 -0.02131459587 -0.194177773 
47.25 -0.03098561142 -0.1925834681 
47.3 -0.04056508226 -0.1905177093 
47.35 -0.0500297186 -0.1879922909 
47.4 -0.05935689112 -0.1850218161 
47.45 -0.06852476789 -0.1816235501 
47.5 -0.07751244323 -0.1778172477 
47.55 -0.08630005743 -0.1736249579 
47.6 -0.09486890614 -0.1690708088 
47.65 -0.1032015386 -0.1641807746 
47.7 -0.1112818436 -0.1589824298 
47.75 -0.1190951238 -0.1535046924 
47.8 -0.1266281553 -0.147777561 
47.85 -0.1338692361 -0.1418318473 
47.9 -0.1408082192 -0.1356989101 
47.95 -0.1474365338 -0.129410391 
48 -0.153747193 -0.1229979571 
48.05 -0.1597347885 -0.1164930523 
48.1 -0.1653954738 -0.1099266601 
48.15 -0.1707269353 -0.1033290801 
48.2 -0.1757283529 -0.09672971998 
48.25 -0.1804003506 -0.09015690506 
48.3 -0.184744938 -0.08363770585 
48.35 -0.1887654436 -0.07719778532 
48.4 -0.1924664412 -0.07086126623 
48.45 -0.1958536695 -0.06465061881 
48.5 -0.1989339477 -0.05858656885 
48.55 -0.2017150863 -0.05268802612 
48.6 -0.2042057943 -0.04697203239 
48.65 -0.2064155858 -0.04145372861 
48.7 -0.2083546839 -0.03614634016 
48.75 -0.2100339251 -0.0310611792 
48.8 -0.2114646641 -0.02620766296 
48.85 -0.2126586795 -0.02159334648 
48.9 -0.2136280824 -0.01722396861 
48.95 -0.2143852264 -0.01310350964 
49 -0.2149426215 -0.009234259186 
49.05 -0.2153128516 -0.005616892716 
49.1 -0.2155084957 -0.0022505553 
49.15 -0.2155420537 0.0008670489083 
49.2 -0.2154258766 0.003739562862 
49.25 -0.2151721016 0.006371879831 
49.3 -0.214792592 0.008770044892 
49.35 -0.2142988821 0.01094115586 
49.4 -0.2137021271 0.01289326471 
49.45 -0.2130130578 0.01463528052 
49.5 -0.21224194 0.01617687462 
49.55 -0.2113985388 0.01752838885 
49.6 -0.2104920874 0.01870074737 
49.65 -0.2095312599 0.01970537256 
49.7 -0.2085241486 0.02055410547 
49.75 -0.2074782447 0.02125913083 
49.8 -0.2064004232 0.02183290703 
49.85 -0.2052969305 0.0222881009 
49.9 -0.204173376 0.02263752737 
49.95 -0.2030347255 0.0228940938 
50 -0.2018852984 0.0230707488 
