5.90198521815079769739e-02    1.42811973334781851087e-01
3.11239146198483726850e-01    2.58774107517423902671e-01
7.66096905545936646261e-01    2.58806707272869802021e-01
1.42559759080361308635e+00    1.83322688977778024900e-01
2.29256205863219029496e+00    9.81662726299188921909e-02
3.37077426420899771615e+00    4.07324781514086460259e-02
4.66508370346717079211e+00    1.32260194051201566876e-02
6.18153511873676541179e+00    3.36934905847830355197e-03
7.92753924717215217952e+00    6.72162564093547889971e-04
9.91209801507770601851e+00    1.04461214659275180474e-04
1.21461027117297655498e+01    1.25447219779933332069e-05
1.46427322895966743419e+01    1.15131581273727991985e-06
1.74179926465089787262e+01    7.96081295913363025727e-08
2.04914600826164247076e+01    4.07285898754999966522e-09
2.38873298481697331746e+01    1.50700822629258491643e-10
2.76359371743327174205e+01    3.91773651505845138514e-12
3.17760413523747232891e+01    6.89418105295808568594e-14
3.63584058016516216520e+01    7.81980038245944846907e-16
4.14517204848707670507e+01    5.35018881301003760279e-18
4.71531064451563230421e+01    2.01051746455550347083e-20
5.36085745446950698231e+01    3.60576586455295903895e-23
6.10585314472187615648e+01    2.45181884587840268905e-26
6.99622400351050304293e+01    4.08830159368065782307e-30
8.14982792339488853750e+01    5.57534578832835675306e-35