0 0 1
0.1 0.09983333333 0.9950041667
0.2 0.1986691653 0.9800665972
0.3 0.2955199625 0.9553365429
0.4 0.3894180256 0.9210610978
0.5 0.4794251576 0.8775827305
0.6 0.5646420387 0.8253358619
0.7 0.6442172114 0.7648425246
0.8 0.7173555883 0.6967071472
0.9 0.7833263962 0.6216105149
1 0.8414704778 0.5403029671
1.1 0.8912068778 0.4535969008
1.2 0.9320386473 0.362358653
1.3 0.9635578098 0.2674998446
1.4 0.9854494367 0.169968272
1.5 0.9974947947 0.07073843673
1.6 0.9995735309 -0.02919819105
1.7 0.9916648754 -0.1288430793
1.8 0.9738478489 -0.2272006108
1.9 0.946300473 -0.3232880313
2 0.9092979918 -0.4161452687
2.1 0.8632101212 -0.5048445258
2.2 0.8084973555 -0.5884995505
2.3 0.7457063657 -0.6662744908
2.4 0.6754645376 -0.7373922467
2.5 0.5984737034 -0.8011422343
2.6 0.5155031288 -0.8568874859
2.7 0.4273818271 -0.9040710145
2.8 0.3349902758 -0.9422213788
2.9 0.2392516192 -0.9709573937
3 0.1411224448 -0.9899919391
3.1 0.04158322538 -0.9991348284
3.2 -0.05837147785 -0.9982947093
3.3 -0.1577429522 -0.9874799761
3.4 -0.2555383123 -0.966798686
3.5 -0.350780421 -0.9364574794
3.6 -0.4425176521 -0.8967595152
3.7 -0.5298333993 -0.8481014419
3.8 -0.6118552339 -0.7909694341
3.9 -0.6877636223 -0.7259343351
4 -0.7568001143 -0.6536459532
4.1 -0.8182749214 -0.5748265689
4.2 -0.8715738087 -0.4902637182
4.3 -0.9161642324 -0.4008023238
4.4 -0.9516006606 -0.3073362529
4.5 -0.9775290249 -0.2107993863
4.6 -0.9936902582 -0.1121562867
4.7 -0.9999228833 -0.01239256181
4.8 -0.9961646259 0.08749498387
4.9 -0.9824530376 0.1865083087
5 -0.9589251198 0.2836581058
5.1 -0.9258159555 0.3779736883
5.2 -0.8834563601 0.4685126877
5.3 -0.832269576 0.5543704697
5.4 -0.772767044 0.6346891732
5.5 -0.7055432929 0.7086662818
5.6 -0.6312699991 0.7755626419
5.7 -0.5506892756 0.8347098484
5.8 -0.4646062572 0.8855169231
5.9 -0.3738810557 0.9274762195
6 -0.2794201656 0.960168495
6.1 -0.1821674076 0.9832670997
6.2 -0.08309449751 0.9965412407
6.3 0.01680866262 0.9998582874
6.4 0.116543875 0.9931850973
6.5 0.2151146201 0.9765883465
6.6 0.3115360133 0.9502338643
6.7 0.4048446454 0.9143849757
6.8 0.4941082091 0.8693998703
6.9 0.5784348139 0.8157280239
7 0.6569818977 0.7539057071
7.1 0.7289646454 0.684550627
7.2 0.7936638304 0.6083557557
7.3 0.8504330011 0.526082406
7.4 0.8987049398 0.4385526247
7.5 0.9379973301 0.3466409791
7.6 0.9679175762 0.2512658184
7.7 0.9881667255 0.1533800982
7.8 0.9985424557 0.05396185874
7.9 0.9989410962 -0.04599554754
8 0.9893586642 -0.1454933809
8.1 0.969890904 -0.2435374935
8.2 0.9407323309 -0.3391482627
8.3 0.9021742874 -0.4313703789
8.4 0.8546020322 -0.5192823907
8.5 0.7984908909 -0.602005912
8.6 0.7344015066 -0.6787143981
8.7 0.6629742383 -0.7486414045
8.8 0.5849227627 -0.8110882449
8.9 0.5010269429 -0.8654309724
9 0.4121250371 -0.9111266133
9.1 0.3191053222 -0.9477185928
9.2 0.222897219 -0.9748412966
9.3 0.1244620055 -0.9922237243
9.4 0.02478321227 -0.9996921969
9.5 -0.07514320484 -0.997172092
9.6 -0.1743188158 -0.9846885898
9.7 -0.2717526922 -0.9623664212
9.8 -0.3664713088 -0.9304286219
9.9 -0.45752827 -0.8891943032
10 -0.5440137662 -0.8390754644
10.1 -0.6250636647 -0.7805728756
10.2 -0.6998681429 -0.7142710744
10.3 -0.7676797805 -0.6408325256
10.4 -0.8278210274 -0.5609910016
10.5 -0.8796909732 -0.4755442515
10.6 -0.9227713515 -0.3853460295
10.7 -0.9566317182 -0.2912975651
10.8 -0.9809337525 -0.1943385578
10.9 -0.995434637 -0.09543778845
11 -0.999989484 0.004416560758
11.1 -0.9945527832 0.1042267798
11.2 -0.9791788564 0.2029955997
11.3 -0.9540213147 0.2997361567
11.4 -0.9193315236 0.3934818528
11.5 -0.8754560915 0.4832960134
11.6 -0.8228334068 0.5682812469
11.7 -0.7619892571 0.6475884103
11.8 -0.6935315761 0.720425094
11.9 -0.6181443694 0.7860635393
12 -0.5365808798 0.8438479098
12.1 -0.4496560615 0.8932008441
12.2 -0.3582384372 0.933629225
12.3 -0.26324142 0.9647291063
12.4 -0.1656141873 0.9861897489
12.5 -0.06633219648 0.9977967257
12.6 0.03361256124 0.9994340638
12.7 0.1332214725 0.9910854038
12.8 0.2314992797 0.9728341626
12.9 0.3274640251 0.9448627005
13 0.4201568624 0.9074504988
13.1 0.5086516368 0.8609713672
13.2 0.5920641395 0.8058897093
13.3 0.6695609418 0.7427558821
13.4 0.7403677224 0.6722006968
13.5 0.8037770049 0.5949291165
13.6 0.8591552258 0.5117132122
13.7 0.9059490651 0.4233844482
13.8 0.9436909753 0.330825375
13.9 0.9720038525 0.2349608109
14 0.9906048042 0.1367486013
14.1 0.9993079764 0.03717004842
14.2 0.9980264101 -0.06277989326
14.3 0.9867729105 -0.1621025586
14.4 0.9656599187 -0.2598055502
14.5 0.9348983886 -0.3549126535
14.6 0.8947956788 -0.4464735915
14.7 0.8457524819 -0.5335735191
14.8 0.7882588204 -0.6153421642
14.9 0.7228891514 -0.6909625229
15 0.6502966258 -0.7596790229
15.1 0.5712065631 -0.8208050729
15.2 0.4864092039 -0.8737299228
15.3 0.3967518139 -0.9179247659
15.4 0.3031302189 -0.9529480228
15.5 0.2064798532 -0.9784497535
15.6 0.1077664139 -0.9941751536
15.7 0.007976211324 -0.9999671006
15.8 -0.09189368537 -0.9957677234
15.9 -0.1908454109 -0.9816189809
16 -0.2878902739 -0.9576622425
16.1 -0.382058636 -0.9241368759
16.2 -0.4724095995 -0.8813778549
16.3 -0.5580404091 -0.829812413
16.4 -0.6380954714 -0.7699557743
16.5 -0.7117749043 -0.7024060057
16.6 -0.7783425284 -0.6278380411
16.7 -0.8371332233 -0.5469969378
16.8 -0.8875595728 -0.4606904322
16.9 -0.9291177346 -0.3697808689
17 -0.961392474 -0.2751765848
17.1 -0.9840613131 -0.1778228331
17.2 -0.996897753 -0.07869233875
17.3 -0.9997735365 0.02122442073
17.4 -0.9926599298 0.1209291118
17.5 -0.9756280099 0.2194255198
17.6 -0.9488479539 0.3157295028
17.7 -0.912587339 0.4088788249
17.8 -0.8672084688 0.4979427704
17.9 -0.8131647532 0.5820314434
18 -0.7509961785 0.6603046592
18.1 -0.6813239116 0.731980339
18.2 -0.6048440937 0.7963423244
18.3 -0.5223208847 0.8527475329
18.4 -0.4345788279 0.9006323834
18.5 -0.3424946116 0.9395184271
18.6 -0.2469883093 0.9690171283
18.7 -0.1490141869 0.9888337465
18.8 -0.04955116785 0.9987702809
18.9 0.0504069479 0.9987274493
19 0.1498614135 0.9887056797
19.1 0.2478185146 0.9688051065
19.2 0.3432994977 0.9392245693
19.3 0.4353503502 0.9002596267
19.4 0.5230513318 0.852299603
19.5 0.6055261648 0.7958236983
19.6 0.6819507896 0.7313962003
19.7 0.7515615978 0.6596608463
19.8 0.8136630624 0.5813343911
19.9 0.8676346874 0.4971994456
20 0.9129372071 0.4080966571
20.1 0.9491179746 0.3149163097
20.2 0.9758154843 0.2185894292
20.3 0.9927629841 0.1200784803
20.4 0.9997911407 0.02036775033
20.5 0.9968297312 -0.07954648577
20.6 0.9839083451 -0.1786659196
20.7 0.9611560887 -0.2760001842
20.8 0.9288002947 -0.3705767495
20.9 0.8871642511 -0.4614506393
21 0.8366639708 -0.5477138732
21.1 0.7778040354 -0.628504539
21.2 0.7111725529 -0.7030154046
21.3 0.6374352822 -0.7705019834
21.4 0.5573289804 -0.8302899729
21.5 0.4716540421 -0.8817819925
21.6 0.3812665015 -0.9244635518
21.7 0.2870694797 -0.9579081917
21.8 0.1900041606 -0.9817817451
21.9 0.09104038728 -0.9958456758
22 -0.008833028627 -0.9999594621
22.1 -0.1086181866 -0.9940820006
22.2 -0.207318068 -0.978272017
22.3 -0.3039464978 -0.9526874793
22.4 -0.3975379984 -0.9175840194
22.5 -0.4871574361 -0.873312379
22.6 -0.5719093646 -0.8203149052
22.7 -0.6509469721 -0.7591211304
22.8 -0.7234805424 -0.6903424817
22.9 -0.7887853453 -0.6146661716
23 -0.8462088779 -0.5328483316
23.1 -0.8951773845 -0.4457064571
23.2 -0.9352015888 -0.3541112397
23.3 -0.965881583 -0.258977867
23.4 -0.9869108233 -0.1612568787
23.5 -0.998079193 -0.06192466906
23.6 -0.9992751019 0.03802626903
23.7 -0.9904866008 0.1375972605
23.8 -0.9718015017 0.2357934265
23.9 -0.9434064996 0.3316336251
24 -0.9055853077 0.4241602543
24.1 -0.8587158224 0.5124488202
24.2 -0.8032663474 0.5956171743
24.3 -0.7397909147 0.6728343271
24.4 -0.6689237489 0.743328752
24.5 -0.5913729303 0.806396093
24.6 -0.5079133197 0.8614062034
24.7 -0.4193788168 0.9078094413
24.8 -0.3266540276 0.9451421619
24.9 -0.230665426 0.9730313496
25 -0.1323720969 0.9911983455
25.1 -0.03275615314 0.9994616314
25.2 0.06718707734 0.9977386436
25.3 0.1664589965 0.9860465978
25.4 0.2640677138 0.9645023168
25.5 0.3590379568 0.9333210639
25.6 0.4504208159 0.8928143914
25.7 0.5373032253 0.8433870281
25.8 0.6188170862 0.7855328351
25.9 0.6941479406 0.7198298715
26 0.7625431086 0.6469346187
26.1 0.8233192098 0.5675754208
26.2 0.8758689904 0.4825452075
26.3 0.9196673915 0.3926935712
26.4 0.9542767947 0.2989182783
26.5 0.979351395 0.2021562991
26.6 0.9946406558 0.1033744456
26.7 0.9999918123 0.003559711991
26.8 0.9953513978 -0.09629058767
26.9 0.9807657778 -0.1951787838
27 0.9563806869 -0.29211682
27.1 0.9224397725 -0.3861361249
27.2 0.8792821606 -0.4762972905
27.3 0.8273390673 -0.5616994576
27.4 0.7671294901 -0.6414893177
27.5 0.6992550221 -0.714869638
27.6 0.6243938417 -0.7811072282
27.7 0.5432939359 -0.8395402652
27.8 0.4567656268 -0.8895849065
27.9 0.3656734753 -0.9307411237
28 0.2709276427 -0.9625976981
28.1 0.1734747965 -0.9848363301
28.2 0.07428865173 -0.9972348191
28.3 -0.0256397581 -0.9996692839
28.4 -0.125311983 -0.9921154002
28.5 -0.2237321327 -0.9746486441
28.6 -0.3199168272 -0.9474435373
28.7 -0.4129050225 -0.9107719041
28.8 -0.5017676129 -0.8650001547
28.9 -0.5856167143 -0.8105856247
29 -0.6636145357 -0.7480720054
29.1 -0.73498175 -0.6780839112
29.2 -0.7990052808 -0.6013206389
29.3 -0.8550454273 -0.5185491807
29.4 -0.9025422561 -0.4305965603
29.5 -0.9410211954 -0.3383415697
29.6 -0.970097777 -0.242705989
29.7 -0.9894814781 -0.1446453756
29.8 -0.9989786235 -0.04513951714
29.9 -0.9984943213 0.05481735828
30 -0.9880334105 0.1542265163
30.1 -0.967700413 0.2520946951
30.2 -0.9376984893 0.34744403
30.3 -0.8983274083 0.4393218233
30.4 -0.8499805522 0.5268100643
30.5 -0.7931409863 0.6090346009
30.6 -0.7283766318 0.685173874
30.7 -0.6563345918 0.7544671266
30.8 -0.5777346854 0.8162220046
30.9 -0.4933622558 0.8698214749
31 -0.4040603229 0.9147299904
31.1 -0.3107211609 0.9504988407
31.2 -0.2142773821 0.9767706361
31.3 -0.1156926195 0.9932828781
31.4 -0.01595189782 0.9998705823
31.5 0.08394820833 0.9964679266
31.6 0.1830095317 0.9831089095
31.7 0.2802422861 0.9599270096
31.8 0.3746749555 0.9271538527
31.9 0.4653640015 0.8851168969
32 0.5514032907 0.8342361609
32.1 0.6319331485 0.7750200276
32.2 0.7061489485 0.708060164
32.3 0.7733091525 0.6340256101
32.4 0.8327427189 0.5536560934
32.5 0.8838558084 0.4677546384
32.6 0.9261377168 0.3771795427
32.7 0.9591659781 0.2828358011
32.8 0.9826105856 0.1856660638
32.9 0.9962372889 0.08664121696
33 0.9999099349 -0.01324931746
33.1 0.993591828 -0.1130074679
33.2 0.9773460966 -0.2116364856
33.3 0.9513350626 -0.3081509036
33.4 0.9158186193 -0.4015863835
33.5 0.8711516349 -0.4910093504
33.6 0.8177804063 -0.575526321
33.7 0.7562382007 -0.6542928313
33.8 0.6871399263 -0.7265218738
33.9 0.6111759894 -0.7914917609
34 0.5291053952 -0.8485533362
34.1 0.4417481648 -0.8971364605
34.2 0.3499771413 -0.936755708
34.3 0.2547092689 -0.9670152173
34.4 0.1568964314 -0.9876126457
34.5 0.05751594047 -0.9983421913
34.6 -0.04243922835 -0.9990966482
34.7 -0.1419703577 -0.9898684782
34.8 -0.2400829672 -0.9707498862
34.9 -0.3357967497 -0.9419318987
35 -0.4281553663 -0.903702455
35.1 -0.5162360019 -0.8564435308
35.2 -0.5991585854 -0.8006273208
35.3 -0.6760945831 -0.7368115214
35.4 -0.7462752775 -0.6656337579
35.5 -0.8089994474 -0.5878052141
35.6 -0.8636403749 -0.5041035257
35.7 -0.9096521068 -0.4153650111
35.8 -0.9465749101 -0.3224763147
35.9 -0.974039865 -0.2263655482
36 -0.9917725515 -0.1279930172
36.1 -0.9995957906 -0.02834162566
36.2 -0.9974314156 0.07159294414
36.3 -0.9853010523 0.1708121807
36.4 -0.963325903 0.2683247199
36.5 -0.9317255362 0.3631562503
36.6 -0.8908156917 0.4543592483
36.7 -0.8410051267 0.5410224451
36.8 -0.7827915311 0.6222799322
36.9 -0.7167565552 0.6973198133
37 -0.6435599976 0.7653923158
37.1 -0.5639332129 0.8258172831
37.2 -0.4786718044 0.87799097
37.3 -0.3886276747 0.9213920753
37.4 -0.2947005134 0.9555869502
37.5 -0.1978288083 0.9802339317
37.6 -0.09898046766 0.9950867557
37.7 0.0008568500399 0.9999970181
37.8 0.100685605 0.9949156575
37.9 0.199508343 0.9798934451
38 0.2963376615 0.9550804779
38.1 0.3902060756 0.9207246785
38.2 0.4801756848 0.8771693182
38.3 0.5653475441 0.8248495873
38.4 0.6448706458 0.7642882464
38.5 0.7179504228 0.6960904036
38.6 0.7838566874 0.620937468
38.7 0.8419309273 0.539580342
38.8 0.8915928848 0.4528319176
38.9 0.9323463551 0.3615589552
39 0.9637841438 0.2666734224
39.1 0.9855921355 0.1691233828
39.2 0.9975524325 0.06988352234
39.3 0.9995455318 -0.03005458861
39.4 0.9915515192 -0.1296924032
39.5 0.9736502681 -0.2280343749
39.6 0.9460206419 -0.3240979049
39.7 0.9089387063 -0.4169231599
39.8 0.8627749712 -0.5055826621
39.9 0.8079906888 -0.5891905567
40 0.7451332448 -0.6669114626
40.1 0.6748306889 -0.7379688197
40.2 0.5977854601 -0.8016526476
40.3 0.5147673676 -0.8573266397
40.4 0.4266058994 -0.9044345208
40.5 0.3341819344 -0.9425056057
40.6 0.2384189409 -0.9711595012
40.7 0.1402737494 -0.9901099078
40.8 0.04072699267 -0.9991674797
40.9 -0.05922669266 -0.9982417169
41 -0.158588604 -0.9873418695
41.1 -0.2563659518 -0.9665768452
41.2 -0.3515817786 -0.9361541208
41.3 -0.443284721 -0.8963776699
41.4 -0.5305585152 -0.8476449252
41.5 -0.6125311516 -0.7904428073
41.6 -0.6883835883 -0.7253428602
41.7 -0.7573579342 -0.6529955399
41.8 -0.8187650216 -0.5741237159
41.9 -0.8719912923 -0.4895154482
42 -0.916504928 -0.4000161133
42.1 -0.9518611641 -0.3065199574
42.2 -0.9777067335 -0.2099611619
42.3 -0.9937833963 -0.1113045087
42.4 -0.9999305202 -0.0115357409
42.5 -0.9960866854 0.08834828667
42.6 -0.9822902984 0.1873495675
42.7 -0.958679208 0.284478915
42.8 -0.9254893281 0.3787658467
42.9 -0.8830522806 0.4692682803
43 -0.8317920819 0.5550819468
43.1 -0.7722209063 0.6353494261
43.2 -0.7049339683 0.7092687134
43.3 -0.6306035758 0.776101233
43.4 -0.5499724124 0.8351792175
43.5 -0.4638461166 0.8859123805
43.6 -0.3730852328 0.9277938139
43.7 -0.278596612 0.9604050531
43.8 -0.181324352 0.9834202579
43.9 -0.08224036333 0.9966094687
44 0.01766534111 0.9998409035
44.1 0.1173945382 0.9930822751
44.2 0.2159507685 0.9764011135
44.3 0.3123492922 0.9499640912
44.4 0.405626929 0.9140353579
44.5 0.494851681 0.8689739012
44.6 0.5791320456 0.8152299596
44.7 0.6576259228 0.753340524
44.8 0.7295490289 0.6839239724
44.9 0.7941827335 0.6076738908
45 0.850881239 0.5253521438
45.1 0.8990780338 0.4377812617
45.2 0.9382915524 0.3458362224
45.3 0.9681299871 0.250435709
45.4 0.9882952026 0.1525329302
45.5 0.9985857154 0.05310609668
45.6 0.9988987062 -0.04685135311
45.7 0.989231048 -0.1463406791
45.8 0.9696793368 -0.2443678184
45.9 0.9404389266 -0.3399533179
46 0.9018019775 -0.4321421207
46.1 0.8541545368 -0.5200131081
46.2 0.7979726811 -0.6026883038
46.3 0.7338177602 -0.6793416462
46.4 0.662330788 -0.7492072416
46.5 0.5842260375 -0.8115870174
46.6 0.5002839043 -0.8658576967
46.7 0.4113431093 -0.9114770257
46.8 0.3182923179 -0.9479891922
46.9 0.2220612615 -0.9750293792
47 0.1236114475 -0.9923274109
47.1 0.02392655207 -0.9997104514
47.2 -0.07599740772 -0.9971047321
47.3 -0.1751620264 -0.9845362885
47.4 -0.2725764856 -0.9621307003
47.5 -0.3672674538 -0.9301118365
47.6 -0.4582888118 -0.8887996187
47.7 -0.5447311059 -0.8386068242
47.8 -0.6257306347 -0.7800349622
47.9 -0.7004780791 -0.7136692625
48 -0.7682265888 -0.6401728282
48.1 -0.8282992441 -0.5602800104
48.2 -0.8800958202 -0.4747890703
48.3 -0.9230987837 -0.3845542038
48.4 -0.956878464 -0.2904770065
48.5 -0.9810973465 -0.1934974652
48.6 -0.9955134446 -0.09458456566
48.7 -0.9999827178 0.005273388618
48.8 -0.9944605109 0.1050786516
48.9 -0.9790019998 0.2038340039
49 -0.953761641 0.3005527162
49.1 -0.9189916273 0.3942684087
49.2 -0.8750393688 0.4840447069
49.3 -0.8223440214 0.5689845972
49.4 -0.7614320988 0.6482393898
49.5 -0.6929122118 0.7210171984
49.6 -0.6174689876 0.7865908524
49.7 -0.5358562287 0.8443051629
49.8 -0.4488893815 0.8935834685
49.9 -0.3574373887 0.9339333977
50 -0.2624140069 0.964951788
50.1 -0.1647686767 0.9863287148
50.2 -0.06547703652 0.9978505871
50.3 0.03446882613 0.9994022827
50.4 0.1340702868 0.9909682977
50.5 0.2323321624 0.9726329016
50.6 0.3282726543 0.9445792955
50.7 0.4209331585 0.9070877814
50.8 0.5093878435 0.8605329617
50.9 0.5927529007 0.8053799961
51 0.6701953756 0.742179954
51.1 0.74094149 0.6715643083
51.2 0.8042843732 0.5942386262
51.3 0.8595911254 0.5109755191
51.4 0.9063091407 0.4226069232
51.5 0.9439716291 0.3300157869
51.6 0.9722022802 0.2341272487
51.7 0.9907190234 0.1358993937
51.8 0.9993368457 0.0363136805
51.9 0.9979696411 -0.06363486503
52 0.9866310705 -0.1629475917
52.1 0.9654344248 -0.2606322012
52.2 0.9345914939 -0.3557126629
52.3 0.8944104497 -0.4472389659
52.4 0.8452927674 -0.5342966111
52.5 0.787729214 -0.6160157489
52.6 0.7222949445 -0.6915798701
52.7 0.6496437557 -0.7602339643
52.8 0.570501553 -0.8212920637
52.9 0.4856590979 -0.8741440972
53 0.395964107 -0.9182619855
53.1 0.3023127814 -0.9532049184
53.2 0.2056408528 -0.9786237582
53.3 0.1069142335 -0.9942645288
53.4 0.00711936569 -0.9999709532
53.5 -0.09274663497 -0.995686015
53.6 -0.1916859421 -0.9814525279
53.7 -0.2887099884 -0.9574127081
53.8 -0.3828493435 -0.9238067533
53.9 -0.4731633995 -0.8809704426
54 -0.5587497698 -0.8293317817
54.1 -0.6387533053 -0.7694067263
54.2 -0.7123746384 -0.7017940269
54.3 -0.7788781705 -0.6271692461
54.4 -0.8375994214 -0.5462780091
54.5 -0.8879516688 -0.459928553
54.6 -0.9294318108 -0.3689836516
54.7 -0.9616253923 -0.274351995
54.8 -0.9842107463 -0.1769791099
54.9 -0.9969622079 -0.07783791222
55 -0.9997523691 0.02208101344
55.1 -0.9925533517 0.1217793119
55.2 -0.975437086 0.2202608324
55.3 -0.9485745918 0.3165415817
55.4 -0.91223427 0.4096595561
55.5 -0.8667792206 0.4986843532
55.6 -0.8126636148 0.5827264681
55.7 -0.7504281571 0.6609461814
55.8 -0.6806946826 0.7325619488
55.9 -0.6041599442 0.7968582105
56 -0.5215886505 0.8531925408
56.1 -0.4338058252 0.9010020667
56.2 -0.3416885639 0.9398090921
56.3 -0.2461572705 0.9692258708
56.4 -0.1481664603 0.9889584807
56.5 -0.04869522374 0.9988097606
56.6 0.05126255725 0.99868128
56.7 0.1507081392 0.9885743228
56.8 0.2486478963 0.9685898743
56.9 0.3441032487 0.9389276124
57 0.4361204395 0.8998839122
57.1 0.523780065 0.851848885
57.2 0.6062062608 0.7953024801
57.3 0.682575453 0.7308096898
57.4 0.7521245871 0.6590149036
57.5 0.8141587526 0.5806354704
57.6 0.8680581256 0.4964545302
57.7 0.9132841625 0.4073131899
57.8 0.9493849805 0.3141021189
57.9 0.9759998729 0.2177526498
58 0.9928629131 0.1192274733
58.1 0.9998056115 0.01951101851
58.2 0.9967585993 -0.08040038217
58.3 0.9837523213 -0.1795084488
58.4 0.9609167319 -0.2768229279
58.5 0.9284799964 -0.3713714871
58.6 0.8867662117 -0.46220943
58.7 0.8361921674 -0.5484291355
58.8 0.777263182 -0.6291691263
58.9 0.7105680535 -0.7036226766
59 0.6367731768 -0.7710458723
59.1 0.5566158845 -0.8307650444
59.2 0.4708970807 -0.8821834999
59.3 0.380473238 -0.9247874834
59.4 0.28624784 -0.9581513108
59.5 0.1891623543 -0.9819416226
59.6 0.0901868254 -0.9959207143
59.7 -0.009689817593 -0.9999489118
59.8 -0.1094696419 -0.9939859669
59.9 -0.2081556822 -0.9780914594
60 -0.3047619018 -0.9524242019
60.1 -0.3983230449 -0.9172406528
60.2 -0.4879042812 -0.872892354
60.3 -0.5726105461 -0.8198224186
60.4 -0.651595484 -0.7585611029
60.5 -0.724069905 -0.6897205089
60.6 -0.7893096699 -0.613988468
60.7 -0.8466629258 -0.5321216686
60.8 -0.8955566188 -0.4449380953
60.9 -0.9355022204 -0.3533088563
61 -0.966100608 -0.2581494791
61.1 -0.9870460534 -0.1604107633
61.2 -0.998129277 -0.06106928022
61.3 -0.9992395393 0.03888238455
61.4 -0.9903657471 0.1384455487
61.5 -0.9715965643 0.2366254115
61.6 -0.9431195262 0.3324409941
61.7 -0.9052191656 0.4249349403
61.8 -0.85827417 0.5131830829
61.9 -0.8027535975 0.596303677
62 -0.7392121906 0.6734662107
62.1 -0.668284833 0.7438997028
62.2 -0.5906802063 0.8069004064
62.3 -0.5071737093 0.8618388403
62.4 -0.4185997097 0.9081660791
62.5 -0.3258432084 0.9454192371
62.6 -0.2298309962 0.9732260938
62.7 -0.1315223938 0.9913088129
62.8 -0.03189966673 0.9994867183
62.9 0.0680417894 0.9976780993
63 0.1673033942 0.9859010271
63.1 0.2648933602 0.9642731744
63.2 0.3598366024 0.9330106392
63.3 0.4511844808 0.8924257861
63.4 0.5380242793 0.8429241249
63.5 0.6194883248 0.7850002592
63.6 0.694762657 0.7192329444
63.7 0.7630951608 0.6462793045
63.8 0.8238030818 0.5668682673
63.9 0.8762798476 0.4817932802
64 0.9200011286 0.3919043832
64.1 0.9545300773 0.2980997149
64.2 0.9795216923 0.201316539
64.3 0.9947262663 0.1025218795
64.4 0.9999918806 0.002702858352
64.5 0.9952659232 -0.09714316743
64.6 0.9805956143 -0.196018571
64.7 0.9561275347 -0.2929354237
64.8 0.9221061611 -0.3869253661
64.9 0.8788714234 -0.4770492832
65 0.8268553081 -0.5624066882
65.1 0.7665775424 -0.6421447198
65.2 0.6986404009 -0.7154666631
65.3 0.6237226881 -0.7816399109
65.4 0.5425729557 -0.8400032832
65.5 0.4560020239 -0.8899736335
65.6 0.3648748793 -0.9310516757
65.7 0.270102033 -0.9628269721
65.8 0.1726304222 -0.9849820353
65.9 0.07343394951 -0.9972954997
66 -0.02649624832 -0.9996443336
66.1 -0.1261617034 -0.9920050683
66.2 -0.2245665933 -0.9744540329
66.3 -0.3207276903 -0.9471665914
66.4 -0.4136841862 -0.9104153906
66.5 -0.5025072921 -0.8645676358
66.6 -0.5863095184 -0.810081422
66.7 -0.6642535424 -0.7475011566
66.8 -0.7355605746 -0.6774521201
66.9 -0.7995181398 -0.6006342182
67 -0.8554871966 -0.5178149888
67.1 -0.9029085215 -0.4298219329
67.2 -0.9413082973 -0.3375342468
67.3 -0.9703028469 -0.2418740369
67.4 -0.989602467 -0.143797107
67.5 -0.9990143225 -0.04428340767
67.6 -0.9984443736 0.05567275472
67.7 -0.9878983153 0.1550726529
67.8 -0.9674815201 0.2529231176
67.9 -0.9373979858 0.3482464609
68 -0.8979482967 0.4400902452
68.1 -0.8495266205 0.5275367993
68.2 -0.7926167699 0.6097123877
68.3 -0.7277873686 0.6857959404
68.4 -0.6556861695 0.7550272571
68.5 -0.5770335828 0.8167146027
68.6 -0.4926154781 0.8702416187
68.7 -0.4032753316 0.9150734819
68.8 -0.3099057994 0.9507622479
68.9 -0.2134397972 0.9769513271
69 -0.1148411801 0.9933790475
69.1 -0.01509511111 0.9998812692
69.2 0.08480178159 0.9963930243
69.3 0.1838513629 0.9829491662
69.4 0.2810639639 0.9596840216
69.5 0.37546827 0.9268300478
69.6 0.4661210263 0.8847155104
69.7 0.5521164617 0.8337612034
69.8 0.6325953401 0.7744762446
69.9 0.7067535443 0.7074529889
70 0.7738501114 0.6333611095
70.1 0.833214636 0.5529409069
70.2 0.8842539684 0.4669959117
70.3 0.9264581415 0.3763848568
70.4 0.9594054659 0.2820130964
70.5 0.9827667435 0.1848235602
70.6 0.9963085568 0.08578733265
70.7 0.9998956007 -0.01410605082
70.8 0.9934920348 -0.1138584901
70.9 0.9771618416 -0.2124732936
71 0.9510681867 -0.3089651363
71.1 0.9154717892 -0.4023699052
71.2 0.8707283158 -0.4917543325
71.3 0.8172848281 -0.5762253201
71.4 0.7556753148 -0.6549388631
71.5 0.6865153571 -0.7271084833
71.6 0.6104959772 -0.7920130869
71.7 0.5283767345 -0.8490041699
71.8 0.4409781361 -0.8975122973
71.9 0.3491734385 -0.9370527927
72 0.2538799224 -0.9672305814
72.1 0.1560497276 -0.9877441375
72.2 0.05666033941 -0.9983884969
72.3 -0.0432951778 -0.9990573049
72.4 -0.1428181033 -0.9897438792
72.5 -0.2409140384 -0.9705412764
72.6 -0.3366028428 -0.9416413625
72.7 -0.4289284271 -0.9033328954
72.8 -0.5169683062 -0.8559986401
72.9 -0.5998428163 -0.8001115444
73 -0.6767239041 -0.7362300126
73.1 -0.7468434005 -0.6649923271
73.2 -0.809500696 -0.5871102701
73.3 -0.8640697408 -0.5033620122
73.4 -0.9100052999 -0.414584337
73.5 -0.9468484014 -0.3216642804
73.6 -0.9742309219 -0.2255302671
73.7 -0.9918792649 -0.1271428352
73.8 -0.9996170945 -0.02748503745
73.9 -0.997367097 0.07244737981
74 -0.9851517538 0.1716559266
74.1 -0.9630931165 0.2691493456
74.2 -0.9314115874 0.3639535165
74.3 -0.8904237176 0.4551211889
74.4 -0.8405390438 0.5417414471
74.5 -0.7822559964 0.6229488116
74.6 -0.7161569194 0.6979318868
74.7 -0.6429022521 0.7659414679
74.8 -0.5632239297 0.8262980268
74.9 -0.4779180705 0.8783985019
75 -0.387837021 0.9217223234
75.1 -0.29388084 0.9558366149
75.2 -0.1969883049 0.9804005184
75.3 -0.09812753238 0.9951685999
75.4 0.00171369497 0.9999933021
75.5 0.1015377983 0.9948264183
75.6 0.2003473698 0.9797195745
75.7 0.2971551386 0.954823713
75.8 0.3909938351 0.9203875849
75.9 0.4809258556 0.876755264
76 0.5660526307 0.8243627096
76.1 0.6455236033 0.7637334099
76.2 0.718544727 0.6954731521
76.3 0.7843864003 0.6202639689
76.4 0.8423907562 0.5388573245
76.5 0.8919782352 0.4520666059
76.6 0.9326533768 0.360758996
76.7 0.9640097691 0.2658468088
76.8 0.98573411 0.1682783738
76.9 0.9976093377 0.06902856111
77 0.999516799 -0.03091095962
77.1 0.9914374356 -0.1305416274
77.2 0.9734519736 -0.2288679672
77.3 0.9457401177 -0.3249075363
77.4 0.9085787553 -0.4177007408
77.5 0.86233919 -0.5063204233
77.6 0.8074834315 -0.5898811266
77.7 0.7445595798 -0.6675479414
77.8 0.674196348 -0.7385448479
77.9 0.5970967815 -0.8021624696
78 0.5140312322 -0.8577651617
78.1 0.4258296626 -0.9047973612
78.2 0.333373352 -0.942789139
78.3 0.2375860919 -0.9713608946
78.4 0.1394249554 -0.990227149
78.5 0.03987073453 -0.9991993972
78.6 -0.06008185951 -0.9981879919
78.7 -0.1594341351 -0.9872030388
78.8 -0.2571933987 -0.9663542958
78.9 -0.3523828739 -0.9358500765
79 -0.4440514604 -0.8959951685
79.1 -0.5312832377 -0.8471877885
79.2 -0.6132066161 -0.789915603
79.3 -0.6890030457 -0.7247508558
79.4 -0.7579151951 -0.6523446506
79.5 -0.819254518 -0.5734204451
79.6 -0.8724081335 -0.4887668227
79.7 -0.916844949 -0.3992296132
79.8 -0.9521209674 -0.3057034412
79.9 -0.9778837233 -0.2091227878
80 -0.9938758042 -0.1104526535
80.1 -0.9999374229 -0.01067891599
80.2 -0.996008014 0.08920152015
80.3 -0.9821268388 0.1881906843
80.4 -0.9584325935 0.2852995111
80.5 -0.9251620228 0.3795577228
80.6 -0.8826475549 0.4700235243
80.7 -0.8313139797 0.5557930127
80.8 -0.7716742045 0.6360092091
80.9 -0.7043241294 0.7098706212
81 -0.6299366931 0.7766392514
81.1 -0.5492551491 0.835647971
81.2 -0.4630856394 0.8863071854
81.3 -0.3722891401 0.9281107254
81.4 -0.2777728582 0.9606409048
81.5 -0.1804811676 0.9835726932
81.6 -0.08138617324 0.9966769646
81.7 0.01852200215 0.9998227855
81.8 0.1182451107 0.9929787243
81.9 0.2167867538 0.9762131645
82 0.3131623376 0.949693622
82.1 0.4064089107 0.9136850709
82.2 0.4955947858 0.8685472963
82.3 0.5798288486 0.8147312994
82.4 0.6582694617 0.7527747909
82.5 0.7301328738 0.6832968189
82.6 0.7947010507 0.6069915833
82.7 0.8513288498 0.5246214996
82.8 0.8994504658 0.4370095812
82.9 0.9385850843 0.345031216
83 0.9683416861 0.24960542
83.1 0.9884229535 0.1516856546
83.2 0.9986282417 0.05225030012
83.3 0.9988555831 -0.0477071198
83.4 0.9891027062 -0.1471878654
83.5 0.9694670588 -0.2451979595
83.6 0.9401448333 -0.3407581194
83.7 0.9014290075 -0.4329135411
83.8 0.8537064165 -0.5207434398
83.9 0.7974538881 -0.6033702496
84 0.7332334782 -0.6799683923
84.1 0.6616868548 -0.7497725257
84.2 0.583528887 -0.8120851915
84.3 0.4995405024 -0.8662837831
84.4 0.4105608836 -0.9118267672
84.5 0.3174790842 -0.9482590942
84.6 0.2212251454 -0.975216745
84.7 0.1227608031 -0.9924303684
84.8 0.02306987879 -0.9997279719
84.9 -0.07685155034 -0.9970366404
85 -0.1760051041 -0.9843832651
85.1 -0.2734000745 -0.9618942742
85.2 -0.368063325 -0.9297943699
85.3 -0.4590490133 -0.8884042836
85.4 -0.5454480419 -0.8381375707
85.5 -0.6263971418 -0.7794964789
85.6 -0.7010874979 -0.7130669297
85.7 -0.7687728301 -0.6395126643
85.8 -0.8287768502 -0.5595686114
85.9 -0.8805000189 -0.4740335444
86 -0.9234255364 -0.3837620999
86.1 -0.9571245059 -0.289656239
86.2 -0.9812602193 -0.1926562349
86.3 -0.9955915209 -0.09373127789
86.4 -0.9999752175 0.006130208125
86.5 -0.9943675089 0.1059304418
86.6 -0.9788244254 0.204672254
86.7 -0.9535012684 0.3013690506
86.8 -0.9186510581 0.3950546711
86.9 -0.8746220058 0.4847930411
87 -0.8218540348 0.5696875261
87.1 -0.7608743843 0.6488898899
87.2 -0.692292342 0.7216087702
87.3 -0.616793156 0.7871175852
87.4 -0.5351311879 0.8447617937
87.5 -0.4481223759 0.8939654348
87.6 -0.356636082 0.934236883
87.7 -0.2615864054 0.9651737601
87.8 -0.1639230496 0.9864669557
87.9 -0.06462183296 0.9979037156
88 0.03532506123 0.999369768
88.1 0.1349189983 0.9908504646
88.2 0.2331648702 0.9724309275
88.3 0.3290810383 0.9442951984
88.4 0.4217091416 0.9067244
88.5 0.5101236722 0.8600939267
88.6 0.5934412231 0.8048696942
88.7 0.6708293141 0.7416034839
88.8 0.7415147105 0.67092743
88.9 0.8047911483 0.5935477031
89 0.8600263916 0.5102374547
89.1 0.906668549 0.421829092
89.2 0.9442515883 0.3292059607
89.3 0.9723999932 0.233293519
89.4 0.9908325146 0.1350500908
89.5 0.9993649812 0.0354572904
89.6 0.9979121398 -0.0644897856
89.7 0.9864885068 -0.1637925007
89.8 0.9652082233 -0.2614586566
89.9 0.9342839147 -0.356512407
90 0.894024566 -0.4480040079
90.1 0.8448324348 -0.5350193071
90.2 0.787199032 -0.6166888778
90.3 0.7217002105 -0.6921967063
90.4 0.648990412 -0.7607883446
90.5 0.5697961277 -0.821778449
90.6 0.4849086393 -0.8745576276
90.7 0.3951761135 -0.9185985293
90.8 0.3014951263 -0.9534611128
90.9 0.2048017058 -0.9787970434
91 0.1060619791 -0.9943531735
91.1 0.00626251931 -0.9999740716
91.2 -0.09359951201 -0.995603576
91.3 -0.1925263281 -0.9812853552
91.4 -0.2895294866 -0.957162472
91.5 -0.3836397657 -0.9234759541
91.6 -0.4739168481 -0.8805623855
91.7 -0.5594587167 -0.8288505439
91.8 -0.6394106668 -0.7688571162
91.9 -0.7129738465 -0.701181536
92 -0.779413238 -0.6264999942
92.1 -0.8380650021 -0.5455586831
92.2 -0.8883431109 -0.4591663401
92.3 -0.929745203 -0.3681861677
92.4 -0.9618576034 -0.2735272082
92.5 -0.984359456 -0.1761352611
92.6 -0.9970259305 -0.07698343301
92.7 -0.9997304679 0.02293758545
92.8 -0.9924460454 0.1226294181
92.9 -0.9752454468 0.2210959789
93 -0.9483005346 0.317353424
93.1 -0.911880533 0.4104399825
93.2 -0.8663493382 0.499425566
93.3 -0.8121618823 0.5834210614
93.4 -0.7498595876 0.6615872149
93.5 -0.6800649571 0.7331430176
93.6 -0.6034753547 0.7973735088
93.7 -0.5208560371 0.8536369199
93.8 -0.433032508 0.9013710865
93.9 -0.3408822696 0.9400990655
94 -0.2453260552 0.9694339005
94.1 -0.1473186294 0.9890824882
94.2 -0.04783924835 0.9988485067
94.3 0.05211812448 0.9986343777
94.4 0.1515547497 0.9884422407
94.5 0.2494770912 0.9683739322
94.6 0.3449067427 0.9386299678
94.7 0.4368902046 0.8995075391
94.8 0.5245084099 0.8513975439
94.9 0.6068859081 0.7947806808
95 0.6831996119 0.7302226458
95.1 0.7526870213 0.6583684806
95.2 0.8146538424 0.5799361271
95.3 0.8684809243 0.4957092542
95.4 0.9136304455 0.4065294278
95.5 0.949651288 0.3132877017
95.6 0.976183544 0.216915715
95.7 0.9929621125 0.1183763831
95.8 0.9998193482 0.01865427686
95.9 0.9966867361 -0.08125421507
96 0.9835955761 -0.1803508417
96.1 0.9606766708 -0.277645464
96.2 0.9281590181 -0.3721659478
96.3 0.8863675233 -0.4629678774
96.4 0.8357197524 -0.5491439915
96.5 0.7767217607 -0.6298332482
96.6 0.7099630356 -0.7042294287
96.7 0.6361106073 -0.7715891923
96.8 0.5559023837 -0.8312395035
96.9 0.4701397776 -0.8825843575
97 0.3796796993 -0.9251107343
97.1 0.2854259945 -0.9583937252
97.2 0.1883204135 -0.9821007783
97.3 0.08933320177 -0.9959950212
97.4 -0.01054659496 -0.9999376273
97.5 -0.1103210124 -0.9938892039
97.6 -0.2089931392 -0.9779101847
97.7 -0.3055770777 -0.9521602266
97.8 -0.3991077949 -0.9168966146
97.9 -0.4886507642 -0.8724716904
98 -0.5733113035 -0.8193293326
98.1 -0.6522435142 -0.7580005213
98.2 -0.724658733 -0.6890980329
98.3 -0.7898334124 -0.6133103171
98.4 -0.8471163496 -0.5313946187
98.5 -0.8959351936 -0.4441694108
98.6 -0.9358021635 -0.3525062177
98.7 -0.9663189226 -0.257320906
98.8 -0.9871805581 -0.1595645345
98.9 -0.998178628 -0.060213851
99 -0.9992032433 0.03973846705
99.1 -0.9902441669 0.1392937308
99.2 -0.9713909146 0.2374572185
99.3 -0.9428318618 0.3332481148
99.4 -0.9048523609 0.4257093103
99.5 -0.8578318898 0.5139169649
99.6 -0.802240261 0.5969897384
99.7 -0.7386329268 0.6740975965
99.8 -0.6676454298 0.7444701045
99.9 -0.5899870524 0.8074041246
