0.05 0.005 0.09985 
0.1 0.0099925 0.09973252803 
0.15 0.0149791264 0.09964630693 
0.2 0.01996144175 0.09958890006 
0.25 0.02494088675 0.09955672445 
0.3 0.02991872297 0.09954506728 
0.35 0.03489597634 0.09954810597 
0.4 0.03987338164 0.09955893223 
0.45 0.04485132825 0.09956958011 
0.5 0.04982980725 0.09957105878 
0.55 0.05480836019 0.09955339025 
0.6 0.0597860297 0.09950565262 
0.65 0.06476131234 0.09941602935 
0.7 0.0697321138 0.09927186512 
0.75 0.07469570706 0.09905972872 
0.8 0.0796486935 0.09876548353 
0.85 0.08458696767 0.0983743661 
0.9 0.08950568598 0.09787107307 
0.95 0.09439923963 0.09723985694 
1 0.09926123248 0.09646463078 
1.05 0.104084464 0.09552908199 
1.1 0.1088609181 0.09441679519 
1.15 0.1135817579 0.09311138388 
1.2 0.1182373271 0.09159663067 
1.25 0.1228171586 0.08985663541 
1.3 0.1273099904 0.08787597062 
1.35 0.1317037889 0.08563984318 
1.4 0.1359857811 0.08313426117 
1.45 0.1401424941 0.08034620463 
1.5 0.1441598044 0.07726379853 
1.55 0.1480229943 0.0738764864 
1.6 0.1517168186 0.07017520264 
1.65 0.1552255787 0.06615254142 
1.7 0.1585332058 0.06180292015 
1.75 0.1616233518 0.05712273502 
1.8 0.1644794886 0.05211050645 
1.85 0.1670850139 0.0467670119 
1.9 0.1694233645 0.04109540369 
1.95 0.1714781347 0.03510130953 
2 0.1732332001 0.02879291337 
2.05 0.1746728458 0.02218101448 
2.1 0.1757818965 0.01527906278 
2.15 0.1765458497 0.008103168584 
2.2 0.1769510081 0.0006720852844 
2.25 0.1769846124 -0.006992836263 
2.3 0.1766349706 -0.0148677226 
2.35 0.1758915844 -0.02292628229 
2.4 0.1747452703 -0.03113994046 
2.45 0.1731882733 -0.03947800304 
2.5 0.1712143731 -0.04790784997 
2.55 0.1688189806 -0.05639515632 
2.6 0.1659992228 -0.06490413964 
2.65 0.1627540158 -0.07339783165 
2.7 0.1590841243 -0.0818383717 
2.75 0.1549922057 -0.09018731919 
2.8 0.1504828397 -0.09840598159 
2.85 0.1455625406 -0.1064557545 
2.9 0.1402397529 -0.1142984699 
2.95 0.1345248294 -0.1218967477 
3 0.128429992 -0.1292143476 
3.05 0.1219692746 -0.1362165146 
3.1 0.1151584489 -0.1428703156 
3.15 0.1080149331 -0.1491449608 
3.2 0.1005576851 -0.1550121068 
3.25 0.09280707975 -0.1604461353 
3.3 0.08478477299 -0.1654244052 
3.35 0.07651355273 -0.1699274732 
3.4 0.06801717907 -0.1739392795 
3.45 0.05932021509 -0.1774472974 
3.5 0.05044785023 -0.1804426417 
3.55 0.04142571814 -0.1829201381 
3.6 0.03227971123 -0.1848783493 
3.65 0.02303579376 -0.1863195599 
3.7 0.01371981577 -0.1872497192 
3.75 0.004357329814 -0.1876783447 
3.8 -0.00502658742 -0.1876183863 
3.85 -0.01440750674 -0.1870860552 
3.9 -0.0237618095 -0.1861006199 
3.95 -0.03306684049 -0.1846841726 
4 -0.04230104912 -0.1828613711 
4.05 -0.05144411768 -0.1806591589 
4.1 -0.06047707562 -0.1781064689 
4.15 -0.06938239906 -0.1752339155 
4.2 -0.07814409484 -0.1720734787 
4.25 -0.08674776878 -0.1686581855 
4.3 -0.09518067805 -0.1650217927 
4.35 -0.1034317677 -0.1611984752 
4.4 -0.1114916915 -0.1572225235 
4.45 -0.1193528176 -0.1531280537 
4.5 -0.1270092203 -0.1489487333 
4.55 -0.134456657 -0.1447175254 
4.6 -0.1416925332 -0.1404664522 
4.65 -0.1487158559 -0.1362263816 
4.7 -0.1555271749 -0.1320268356 
4.75 -0.1621285167 -0.1278958231 
4.8 -0.1685233079 -0.1238596958 
4.85 -0.1747162927 -0.1199430288 
4.9 -0.1807134441 -0.1161685231 
4.95 -0.1865218702 -0.1125569315 
5 -0.1921497168 -0.1091270048 
5.05 -0.1976060671 -0.105895458 
5.1 -0.20290084 -0.1028769547 
5.15 -0.2080446877 -0.1000841079 
5.2 -0.2130488931 -0.09752749464 
5.25 -0.2179252678 -0.09521568451 
5.3 -0.2226860521 -0.09315527743 
5.35 -0.2273438159 -0.09135095095 
5.4 -0.2319113635 -0.0898055141 
5.45 -0.2364016392 -0.08851996619 
5.5 -0.2408276375 -0.08749355893 
5.55 -0.2452023154 -0.08672386015 
5.6 -0.2495385084 -0.08620681771 
5.65 -0.2538488493 -0.08593682242 
5.7 -0.2581456904 -0.08590676859 
5.75 -0.2624410289 -0.08610811156 
5.8 -0.2667464345 -0.08653092124 
5.85 -0.2710729805 -0.08716393123 
5.9 -0.2754311771 -0.08799458312 
5.95 -0.2798309062 -0.08900906577 
6 -0.2842813595 -0.09019234967 
6.05 -0.288790977 -0.09152821647 
6.1 -0.2933673878 -0.09299928428 
6.15 -0.298017352 -0.09458702904 
6.2 -0.3027467035 -0.09627180294 
6.25 -0.3075602936 -0.09803285056 
6.3 -0.3124619362 -0.09984832392 
6.35 -0.3174543524 -0.1016952975 
6.4 -0.3225391172 -0.1035497844 
6.45 -0.3277166065 -0.1053867554 
6.5 -0.3329859442 -0.1071801615 
6.55 -0.3383449523 -0.1089029623 
6.6 -0.3437901004 -0.1105271613 
6.65 -0.3493164585 -0.1120238499 
6.7 -0.354917651 -0.1133632605 
6.75 -0.360585814 -0.1145148321 
6.8 -0.3663115556 -0.1154472882 
6.85 -0.37208392 -0.1161287283 
6.9 -0.3778903564 -0.1165267352 
6.95 -0.3837166932 -0.1166084983 
7 -0.3895471181 -0.1163409535 
7.05 -0.3953641658 -0.1156909407 
7.1 -0.4011487128 -0.1146253791 
7.15 -0.4068799818 -0.1131114605 
7.2 -0.4125355548 -0.1111168598 
7.25 -0.4180913978 -0.1086099625 
7.3 -0.4235218959 -0.105560109 
7.35 -0.4287999014 -0.1019378529 
7.4 -0.433896794 -0.09771523345 
7.45 -0.4387825557 -0.09286605915 
7.5 -0.4434258586 -0.08736620134 
7.55 -0.4477941687 -0.0811938943 
7.6 -0.4518538634 -0.07433003995 
7.65 -0.4555703654 -0.06675851391 
7.7 -0.4589082911 -0.05846646981 
7.75 -0.4618316146 -0.04944463851 
7.8 -0.4643038465 -0.03968761874 
7.85 -0.4662882275 -0.02919415567 
7.9 -0.4677479353 -0.01796740364 
7.95 -0.4686463054 -0.006015169451 
8 -0.4689470639 0.006649867554 
8.05 -0.4686145705 0.02000996231 
8.1 -0.4676140724 0.03404214138 
8.15 -0.4659119654 0.0487180745 
8.2 -0.4634760616 0.0640039838 
8.25 -0.4602758624 0.07986059428 
8.3 -0.4562828327 0.0962431288 
8.35 -0.4514706763 0.1131013509 
8.4 -0.4458156087 0.1303796584 
8.45 -0.4392966258 0.1480172311 
8.5 -0.4318957643 0.1659482348 
8.55 -0.4235983525 0.1841020839 
8.6 -0.4143932483 0.2024037653 
8.65 -0.4042730601 0.2207742245 
8.7 -0.3932343488 0.2391308146 
8.75 -0.3812778081 0.2573878087 
8.8 -0.3684084177 0.2754569746 
8.85 -0.3546355689 0.2932482109 
8.9 -0.3399731584 0.3106702391 
8.95 -0.3244396464 0.3276313499 
9 -0.3080580789 0.3440401964 
9.05 -0.2908560691 0.3598066265 
9.1 -0.2728657378 0.3748425463 
9.15 -0.2541236105 0.3890628032 
9.2 -0.2346704703 0.4023860761 
9.25 -0.2145511665 0.4147357615 
9.3 -0.1938143784 0.4260408367 
9.35 -0.1725123366 0.43623669 
9.4 -0.1507005021 0.4452658973 
9.45 -0.1284372072 0.4530789332 
9.5 -0.1057832606 0.459634799 
9.55 -0.08280152063 0.4649015552 
9.6 -0.05955644287 0.4688567454 
9.65 -0.0361136056 0.4714877014 
9.7 -0.01253922053 0.4727917213 
9.75 0.01110036554 0.4727761162 
9.8 0.03473917135 0.4714581232 
9.85 0.0583120775 0.4688646857 
9.9 0.08175531179 0.4650321053 
9.95 0.1050069171 0.4600055734 
10 0.1280071957 0.4538385911 
10.05 0.1506991253 0.4465922914 
10.1 0.1730287398 0.4383346776 
10.15 0.1949454737 0.4291397934 
10.2 0.2164024634 0.4190868421 
10.25 0.2373568055 0.4082592714 
10.3 0.2577697691 0.3967438417 
10.35 0.2776069612 0.3846296929 
10.4 0.2968384458 0.3720074265 
10.45 0.3154388171 0.3589682155 
10.5 0.3333872279 0.3456029548 
10.55 0.3506673756 0.3320014623 
10.6 0.3672674488 0.3182517395 
10.65 0.3831800357 0.304439297 
10.7 0.3984020006 0.2906465504 
10.75 0.4129343281 0.2769522888 
10.8 0.4267819425 0.2634312169 
10.85 0.4399535034 0.2501535707 
10.9 0.4524611819 0.2371848052 
10.95 0.4643204222 0.2245853504 
11 0.4755496897 0.2124104338 
11.05 0.4861702114 0.2007099633 
11.1 0.4962057096 0.1895284671 
11.15 0.5056821329 0.1789050851 
11.2 0.5146273872 0.1688736066 
11.25 0.5230710675 0.1594625485 
11.3 0.5310441949 0.1506952698 
11.35 0.5385789584 0.1425901157 
11.4 0.5457084642 0.1351605873 
11.45 0.5524664936 0.1284155321 
11.5 0.5588872702 0.122359349 
11.55 0.5650052376 0.1169922063 
11.6 0.5708548479 0.112310266 
11.65 0.5764703612 0.1083059116 
11.7 0.5818856568 0.1049679768 
11.75 0.5871340557 0.1022819705 
11.8 0.5922481542 0.1002302973 
11.85 0.597259669 0.09879246834 
11.9 0.6021992925 0.09794530421 
11.95 0.6070965577 0.09766312461 
12 0.6119797139 0.09791792614 
12.05 0.6168756102 0.09867954599 
12.1 0.6218095875 0.09991581152 
12.15 0.6268053781 0.1015926754 
12.2 0.6318850119 0.1036743363 
12.25 0.6370687287 0.1061233466 
12.3 0.642374896 0.1089007058 
12.35 0.6478199313 0.1119659437 
12.4 0.6534182285 0.1152771925 
12.45 0.6591820881 0.1187912498 
12.5 0.6651216506 0.1224636357 
12.55 0.6712448324 0.1262486446 
12.6 0.6775572646 0.1300993944 
12.65 0.6840622343 0.1339678764 
12.7 0.6907606281 0.1378050063 
12.75 0.6976508785 0.1415606812 
12.8 0.7047289125 0.1451838427 
12.85 0.7119881047 0.1486225507 
12.9 0.7194192322 0.1518240684 
12.95 0.7270104356 0.1547349614 
13 0.7347471837 0.1573012133 
13.05 0.7426122443 0.1594683581 
13.1 0.7505856623 0.1611816328 
13.15 0.7586447439 0.1623861486 
13.2 0.7667640513 0.1630270841 
13.25 0.7749154055 0.1630498989 
13.3 0.7830679005 0.1624005679 
13.35 0.7911879289 0.1610258363 
13.4 0.7992392207 0.1588734939 
13.45 0.8071828954 0.1558926669 
13.5 0.8149775287 0.1520341261 
13.55 0.822579235 0.1472506098 
13.6 0.8299417655 0.1414971574 
13.65 0.8370166234 0.134731453 
13.7 0.843753196 0.1269141751 
13.75 0.8500989048 0.1180093508 
13.8 0.8559993723 0.1079847097 
13.85 0.8613986078 0.09681203753 
13.9 0.8662392097 0.08446752499 
13.95 0.8704625859 0.07093211085 
14 0.8740091915 0.05619181663 
14.05 0.8768187823 0.04023807178 
14.1 0.8788306859 0.023068028 
14.15 0.8799840873 0.004684861702 
14.2 0.8802183304 -0.01490193597 
14.25 0.8794732336 -0.03567628212 
14.3 0.8776894195 -0.05761523852 
14.35 0.8748086576 -0.08068876194 
14.4 0.8707742195 -0.1048594694 
14.45 0.865531246 -0.1300824194 
14.5 0.859027125 -0.1563049116 
14.55 0.8512118794 -0.1834663069 
14.6 0.8420385641 -0.2114978735 
14.65 0.8314636704 -0.2403226625 
14.7 0.8194475373 -0.2698554217 
14.75 0.8059547662 -0.3000025542 
14.8 0.7909546385 -0.3306621334 
14.85 0.7744215318 -0.3617239858 
14.9 0.7563353326 -0.3930698531 
14.95 0.7366818399 -0.4245736506 
15 0.7154531574 -0.456101834 
15.05 0.6926480657 -0.4875138918 
15.1 0.6682723711 -0.5186629772 
15.15 0.6423392222 -0.5493966921 
15.2 0.6148693876 -0.5795580355 
15.25 0.5858914858 -0.608986523 
15.3 0.5554421597 -0.6375194809 
15.35 0.5235661856 -0.6649935126 
15.4 0.49031651 -0.6912461289 
15.45 0.4557542036 -0.7161175262 
15.5 0.4199483273 -0.7394524896 
15.55 0.3829757028 -0.7611023892 
15.6 0.3449205833 -0.7809272308 
15.65 0.3058742218 -0.7987977163 
15.7 0.265934336 -0.8145972616 
15.75 0.2252044729 -0.8282239176 
15.8 0.183793277 -0.8395921384 
15.85 0.1418136701 -0.8486343397 
15.9 0.09938195309 -0.8553021963 
15.95 0.05661684327 -0.8595676326 
16 0.01363846164 -0.8614234682 
16.05 -0.02943271177 -0.8608836927 
16.1 -0.07247689641 -0.8579833568 
16.15 -0.1153760642 -0.8527780761 
16.2 -0.158014968 -0.8453431649 
16.25 -0.2002821263 -0.8357724218 
16.3 -0.2420707474 -0.8241766078 
16.35 -0.2832795778 -0.8106816618 
16.4 -0.3238136609 -0.7954267092 
16.45 -0.3635849963 -0.7785619218 
16.5 -0.4025130924 -0.7602462886 
16.55 -0.4405254068 -0.7406453583 
16.6 -0.4775576748 -0.719929007 
16.65 -0.5135541251 -0.6982692823 
16.7 -0.5484675892 -0.6758383665 
16.75 -0.5822595076 -0.652806693 
16.8 -0.6148998422 -0.629341243 
16.85 -0.6463669044 -0.6056040387 
16.9 -0.6766471063 -0.581750844 
16.95 -0.7057346485 -0.5579300736 
17 -0.7336311522 -0.5342819082 
17.05 -0.7603452476 -0.5109376041 
17.1 -0.7858921278 -0.488018986 
17.15 -0.8102930771 -0.4656381072 
17.2 -0.8335749824 -0.4438970568 
17.25 -0.8557698353 -0.4228878985 
17.3 -0.8769142302 -0.4026927203 
17.35 -0.8970488662 -0.3833837773 
17.4 -0.9162180551 -0.3650237107 
17.45 -0.9344692406 -0.3476658279 
17.5 -0.951852532 -0.3313544282 
17.55 -0.9684202534 -0.3161251631 
17.6 -0.9842265116 -0.3020054189 
17.65 -0.9993267825 -0.2890147144 
17.7 -1.013777518 -0.2771651036 
17.75 -1.027635773 -0.2664615798 
17.8 -1.040958852 -0.2569024734 
17.85 -1.053803976 -0.2484798419 
17.9 -1.066227968 -0.2411798469 
17.95 -1.078286961 -0.2349831174 
18 -1.090036116 -0.2298650973 
18.05 -1.101529371 -0.2257963754 
18.1 -1.11281919 -0.2227429993 
18.15 -1.12395634 -0.2206667702 
18.2 -1.134989679 -0.2195255217 
18.25 -1.145965955 -0.2192733817 
18.3 -1.156929624 -0.2198610176 
18.35 -1.167922675 -0.221235868 
18.4 -1.178984468 -0.2233423603 
18.45 -1.190151586 -0.2261221166 
18.5 -1.201457692 -0.2295141502 
18.55 -1.212933399 -0.2334550529 
18.6 -1.224606152 -0.2378791785 
18.65 -1.236500111 -0.2427188206 
18.7 -1.248636052 -0.2479043912 
18.75 -1.261031271 -0.2533645994 
18.8 -1.273699501 -0.2590266347 
18.85 -1.286650833 -0.2648163558 
18.9 -1.299891651 -0.2706584883 
18.95 -1.313424575 -0.2764768327 
19 -1.327248417 -0.2821944835 
19.05 -1.341358141 -0.287734063 
19.1 -1.355744844 -0.2930179676 
19.15 -1.370395743 -0.2979686299 
19.2 -1.385294174 -0.3025087936 
19.25 -1.400419614 -0.3065618024 
19.3 -1.415747704 -0.3100518993 
19.35 -1.431250299 -0.3129045354 
19.4 -1.446895526 -0.3150466851 
19.45 -1.46264786 -0.3164071628 
19.5 -1.478468218 -0.316916938 
19.55 -1.494314065 -0.3165094437 
19.6 -1.510139537 -0.3151208737 
19.65 -1.525895581 -0.3126904614 
19.7 -1.541530104 -0.3091607381 
19.75 -1.556988141 -0.3044777623 
19.8 -1.572212029 -0.2985913178 
19.85 -1.587141595 -0.2914550746 
19.9 -1.601714349 -0.2830267097 
19.95 -1.615865684 -0.2732679853 
20 -1.629529083 -0.262144783 
20.05 -1.642636323 -0.2496270928 
20.1 -1.655117677 -0.235688959 
20.15 -1.666902125 -0.2203083846 
20.2 -1.677917544 -0.2034671994 
20.25 -1.688090904 -0.1851508944 
20.3 -1.697348449 -0.1653484327 
20.35 -1.705615871 -0.1440520419 
20.4 -1.712818473 -0.1212569988 
20.45 -1.718881323 -0.09696141576 
20.5 -1.723729394 -0.07116603996 
20.55 -1.727287696 -0.04387407738 
20.6 -1.729481399 -0.01509105319 
20.65 -1.730235952 0.01517527899 
20.7 -1.729477188 0.04691496659 
20.75 -1.72713144 0.08011581443 
20.8 -1.723125649 0.1147632563 
20.85 -1.717387486 0.1508401311 
20.9 -1.70984548 0.1883263534 
20.95 -1.700429162 0.2271984709 
21 -1.689069238 0.2674291008 
21.05 -1.675697783 0.3089862422 
21.1 -1.660248471 0.3518324615 
21.15 -1.642656848 0.3959239523 
21.2 -1.622860651 0.4412094757 
21.25 -1.600800177 0.4876291897 
21.3 -1.576418717 0.5351133836 
21.35 -1.549663048 0.5835811383 
21.4 -1.520483991 0.6329389401 
21.45 -1.488837044 0.6830792858 
21.5 -1.45468308 0.733879321 
21.55 -1.417989114 0.7851995675 
21.6 -1.378729136 0.8368828005 
21.65 -1.336884995 0.8887531482 
21.7 -1.292447338 0.940615491 
21.75 -1.245416564 0.9922552465 
21.8 -1.195803801 1.043438626 
21.85 -1.14363187 1.093913451 
21.9 -1.088936197 1.143410609 
21.95 -1.031765667 1.191646215 
22 -0.9721833561 1.238324538 
22.05 -0.9102671292 1.283141699 
22.1 -0.8461100443 1.325790145 
22.15 -0.779820537 1.365963847 
22.2 -0.7115223447 1.403364111 
22.25 -0.6413541391 1.437705886 
22.3 -0.5694688448 1.468724349 
22.35 -0.4960326274 1.496181562 
22.4 -0.4212235493 1.519872919 
22.45 -0.3452299033 1.539633115 
22.5 -0.2682482476 1.555341349 
22.55 -0.1904811801 1.566925492 
22.6 -0.1121349055 1.574365002 
22.65 -0.03341665541 1.577692411 
22.7 0.04546796512 1.576993284 
22.75 0.1243176293 1.572404633 
22.8 0.2029378609 1.564111839 
22.85 0.2811434529 1.552344242 
22.9 0.358760665 1.537369581 
22.95 0.4356291441 1.519487565 
23 0.5116035223 1.499022854 
23.05 0.586554665 1.476317755 
23.1 0.6603705528 1.451724916 
23.15 0.7329567986 1.425600289 
23.2 0.804236813 1.398296587 
23.25 0.8741516424 1.370157396 
23.3 0.9426595122 1.341512074 
23.35 1.009735116 1.312671505 
23.4 1.075368691 1.283924717 
23.45 1.139564927 1.255536368 
23.5 1.202341745 1.227745016 
23.55 1.263728996 1.20076213 
23.6 1.323767103 1.174771728 
23.65 1.382505689 1.149930557 
23.7 1.440002217 1.126368713 
23.75 1.496320653 1.104190602 
23.8 1.551530183 1.083476175 
23.85 1.605703991 1.064282332 
23.9 1.658918108 1.046644459 
23.95 1.711250331 1.030578027 
24 1.762779232 1.016080221 
24.05 1.813583243 1.003131561 
24.1 1.863739821 0.9916975051 
24.15 1.913324697 0.9817300032 
24.2 1.962411197 0.9731690119 
24.25 2.011069647 0.9659439576 
24.3 2.059366845 0.9599751525 
24.35 2.107365603 0.955175169 
24.4 2.155124361 0.9514501765 
24.45 2.20269687 0.9487012485 
24.5 2.250131933 0.9468256458 
24.55 2.297473215 0.9457180809 
24.6 2.344759119 0.9452719681 
24.65 2.392022717 0.9453806606 
24.7 2.43929175 0.9459386753 
24.75 2.486588684 0.9468429013 
24.8 2.533930829 0.9479937881 
24.85 2.581330519 0.9492965058 
24.9 2.628795344 0.9506620663 
24.95 2.676328447 0.9520083963 
25 2.723928867 0.9532613456 
25.05 2.771591934 0.95435562 
25.1 2.819309715 0.9552356218 
25.15 2.867071496 0.9558561843 
25.2 2.914864306 0.9561831877 
25.25 2.962673465 0.9561940431 
25.3 3.010483167 0.9558780362 
25.35 3.058277069 0.9552365222 
25.4 3.106038895 0.9542829684 
25.45 3.153753044 0.9530428433 
25.5 3.201405186 0.9515533546 
25.55 3.248982853 0.9498630406 
25.6 3.296476005 0.9480312256 
25.65 3.343877567 0.9461273476 
25.7 3.391183934 0.9442301747 
25.75 3.438395443 0.9424269218 
25.8 3.485516789 0.9408122863 
25.85 3.532557403 0.939487417 
25.9 3.579531774 0.9385588319 
25.95 3.626459716 0.9381373001 
26 3.673366581 0.9383366993 
26.05 3.720283416 0.9392728609 
26.1 3.767247059 0.9410624091 
26.15 3.814300179 0.9438216008 
26.2 3.861491259 0.9476651666 
26.25 3.908874518 0.9527051543 
26.3 3.956509775 0.9590497692 
26.35 4.004462264 0.9668022058 
26.4 4.052802374 0.9760594623 
26.45 4.101605347 0.9869111267 
26.5 4.150950903 0.9994381227 
26.55 4.20092281 1.013711403 
26.6 4.25160838 1.029790578 
26.65 4.303097909 1.047722467 
26.7 4.355484032 1.067539563 
26.75 4.40886101 1.089258409 
26.8 4.463323931 1.112877882 
26.85 4.518967825 1.13837739 
26.9 4.575886694 1.165714999 
26.95 4.634172444 1.194825514 
27 4.69391372 1.225618553 
27.05 4.755194647 1.25797666 
27.1 4.81809348 1.291753533 
27.15 4.882681157 1.326772436 
27.2 4.949019779 1.362824914 
27.25 5.017161025 1.399669917 
27.3 5.08714452 1.437033458 
27.35 5.158996193 1.474608968 
27.4 5.232726642 1.512058471 
27.45 5.308329565 1.549014733 
27.5 5.385780302 1.585084507 
27.55 5.465034527 1.619852967 
27.6 5.546027176 1.6528894 
27.65 5.628671646 1.683754133 
27.7 5.712859352 1.712006634 
27.75 5.798459684 1.737214631 
27.8 5.885320416 1.758963999 
27.85 5.973268616 1.776869095 
27.9 6.06211207 1.790583121 
27.95 6.151641226 1.799808074 
28 6.24163163 1.804303773 
28.05 6.331846819 1.803895492 
28.1 6.422041593 1.798479752 
28.15 6.511965581 1.788027925 
28.2 6.601366977 1.77258741 
28.25 6.689996348 1.752280281 
28.3 6.777610362 1.727299481 
28.35 6.863975336 1.697902756 
28.4 6.948870473 1.664404676 
28.45 7.032090707 1.627167183 
28.5 7.113449066 1.586589169 
28.55 7.192778525 1.543095615 
28.6 7.269933306 1.497126788 
28.65 7.344789645 1.449127949 
28.7 7.417246042 1.399539947 
28.75 7.48722304 1.348790977 
28.8 7.554662589 1.297289666 
28.85 7.619527072 1.24541959 
28.9 7.681798051 1.193535196 
28.95 7.741474811 1.14195907 
29 7.798572765 1.09098043 
29.05 7.853121786 1.040854677 
29.1 7.90516452 0.9918038371 
29.15 7.954754712 0.9440177145 
29.2 8.001955598 0.8976555848 
29.25 8.046838377 0.8528482689 
29.3 8.08948079 0.8097004496 
29.35 8.129965813 0.7682931142 
29.4 8.168380469 0.7286860244 
29.45 8.20481477 0.6909201397 
29.5 8.239360777 0.6550199367 
29.55 8.272111774 0.6209955836 
29.6 8.303161553 0.5888449436 
29.65 8.3326038 0.5585553932 
29.7 8.36053157 0.5301054488 
29.75 8.387036842 0.5034662041 
29.8 8.412210152 0.4786025836 
29.85 8.436140281 0.4554744248 
29.9 8.458914003 0.4340374001 
29.95 8.480615873 0.4142437945 
30 8.501328062 0.3960431528 
30.05 8.52113022 0.3793828129 
30.1 8.540099361 0.3642083397 
30.15 8.558309778 0.3504638734 
30.2 8.575832971 0.3380924065 
30.25 8.592737592 0.3270360021 
30.3 8.609089392 0.3172359642 
30.35 8.62495119 0.3086329714 
30.4 8.640382839 0.3011671828 
30.45 8.655441198 0.2947783248 
30.5 8.670180114 0.2894057661 
30.55 8.684650402 0.2849885876 
30.6 8.698899832 0.2814656515 
30.65 8.712973114 0.2787756763 
30.7 8.726911898 0.2768573196 
30.75 8.740754764 0.2756492725 
30.8 8.754537228 0.2750903686 
30.85 8.768291746 0.2751197072 
30.9 8.782047731 0.2756767942 
30.95 8.795831571 0.2767016989 
31 8.809666656 0.2781352277 
31.05 8.823573417 0.2799191132 
31.1 8.837569373 0.2819962175 
31.15 8.851669184 0.2843107487 
31.2 8.865884721 0.2868084872 
31.25 8.880225146 0.2894370197 
31.3 8.894696997 0.2921459786 
31.35 8.909304296 0.2948872824 
31.4 8.92404866 0.297615375 
31.45 8.938929429 0.3002874594 
31.5 8.953943802 0.3028637229 
31.55 8.969086988 0.30530755 
31.6 8.984352365 0.3075857189 
31.65 8.999731651 0.3096685798 
31.7 9.01521508 0.3115302099 
31.75 9.030791591 0.313148545 
31.8 9.046449018 0.3145054819 
31.85 9.062174292 0.3155869532 
31.9 9.07795364 0.3163829703 
31.95 9.093772788 0.316887636 
32 9.10961717 0.3170991238 
32.05 9.125472126 0.317019627 
32.1 9.141323107 0.3166552764 
32.15 9.157155871 0.316016028 
32.2 9.172956673 0.3151155249 
32.25 9.188712449 0.3139709322 
32.3 9.204410996 0.312602751 
32.35 9.220041133 0.3110346125 
32.4 9.235592864 0.309293057 
32.45 9.251057517 0.3074073005 
32.5 9.266427882 0.3054089929 
32.55 9.281698331 0.3033319722 
32.6 9.29686493 0.3012120171 
32.65 9.311925531 0.2990866028 
32.7 9.326879861 0.2969946634 
32.75 9.341729594 0.294976362 
32.8 9.356478412 0.2930728741 
32.85 9.371132056 0.2913261847 
32.9 9.385698365 0.289778902 
32.95 9.40018731 0.288474088 
33 9.414611015 0.287455109 
33.05 9.42898377 0.2867655052 
33.1 9.443322045 0.2864488794 
33.15 9.457644489 0.2865488059 
33.2 9.47197193 0.2871087577 
33.25 9.486327367 0.2881720508 
33.3 9.50073597 0.2897818049 
33.35 9.51522506 0.2919809184 
33.4 9.529824106 0.2948120547 
33.45 9.544564709 0.2983176382 
33.5 9.559480591 0.3025398571 
33.55 9.574607584 0.3075206687 
33.6 9.589983617 0.313301806 
33.65 9.605648707 0.3199247793 
33.7 9.621644946 0.3274308723 
33.75 9.63801649 0.3358611253 
33.8 9.654809546 0.3452563035 
33.85 9.672072361 0.3556568462 
33.9 9.689855204 0.3671027906 
33.95 9.708210343 0.3796336671 
34 9.727192027 0.3932883609 
34.05 9.746856445 0.4081049352 
34.1 9.767261691 0.4241204105 
34.15 9.788467712 0.4413704955 
34.2 9.810536237 0.459889265 
34.25 9.8335307 0.4797087798 
34.3 9.857516139 0.500858644 
34.35 9.882559071 0.5233654958 
34.4 9.908727346 0.5472524289 
34.45 9.936089967 0.5725383417 
34.5 9.964716884 0.5992372121 
34.55 9.994678745 0.6273572994 
34.6 10.02604661 0.6569002741 
34.65 10.05889162 0.6878602807 
34.7 10.09328464 0.7202229393 
34.75 10.12929578 0.753964298 
34.8 10.166994 0.7890497494 
34.85 10.20644649 0.8254329304 
34.9 10.24771813 0.8630546297 
34.95 10.29087087 0.9018417317 
35 10.33596295 0.9417062337 
35.05 10.38304826 0.9825443772 
35.1 10.43217548 1.024235941 
35.15 10.48338728 1.066643748 
35.2 10.53671947 1.10961345 
35.25 10.59220014 1.152973634 
35.3 10.64984882 1.196536337 
35.35 10.70967564 1.240097994 
35.4 10.77168054 1.28344091 
35.45 10.83585258 1.326335255 
35.5 10.90216935 1.368541649 
35.55 10.97059643 1.409814309 
35.6 11.04108714 1.449904765 
35.65 11.11358238 1.488566072 
35.7 11.18801069 1.525557471 
35.75 11.26428856 1.560649346 
35.8 11.34232103 1.593628366 
35.85 11.42200244 1.624302628 
35.9 11.50321758 1.652506601 
35.95 11.58584291 1.678105676 
36 11.66974819 1.70100011 
36.05 11.7547982 1.72112818 
36.1 11.8408546 1.738468365 
36.15 11.92777802 1.753040444 
36.2 12.01543004 1.764905415 
36.25 12.10367532 1.77416422 
36.3 12.19238353 1.780955302 
36.35 12.28143129 1.78545108 
36.4 12.37070385 1.787853489 
36.45 12.46009652 1.788388755 
36.5 12.54951596 1.787301612 
36.55 12.63888104 1.784849192 
36.6 12.7281235 1.781294795 
36.65 12.81718824 1.776901761 
36.7 12.90603333 1.771927627 
36.75 12.99462971 1.766618728 
36.8 13.08296064 1.761205378 
36.85 13.17102091 1.755897708 
36.9 13.2588158 1.750882226 
36.95 13.34635991 1.746319139 
37 13.43367587 1.742340419 
37.05 13.52079289 1.739048618 
37.1 13.60774532 1.736516389 
37.15 13.69457114 1.734786675 
37.2 13.78131047 1.733873526 
37.25 13.86800415 1.733763487 
37.3 13.95469232 1.734417518 
37.35 14.0414132 1.735773384 
37.4 14.12820187 1.737748474 
37.45 14.21508929 1.740243002 
37.5 14.30210144 1.743143515 
37.55 14.38925862 1.746326678 
37.6 14.47657495 1.749663247 
37.65 14.56405811 1.75302217 
37.7 14.65170922 1.756274737 
37.75 14.73952296 1.759298682 
37.8 14.82748789 1.761982153 
37.85 14.915587 1.764227449 
37.9 15.00379837 1.765954427 
37.95 15.09209609 1.76710347 
38 15.18045127 1.767637958 
38.05 15.26883317 1.767546123 
38.1 15.35721047 1.766842272 
38.15 15.44555258 1.765567292 
38.2 15.53383095 1.763788456 
38.25 15.62202037 1.761598505 
38.3 15.7101003 1.759114038 
38.35 15.798056 1.756473268 
38.4 15.88587966 1.753833187 
38.45 15.97357132 1.751366232 
38.5 16.06113963 1.749256531 
38.55 16.14860246 1.747695817 
38.6 16.23598725 1.746879108 
38.65 16.32333121 1.747000219 
38.7 16.41068122 1.748247208 
38.75 16.49809358 1.750797792 
38.8 16.58563347 1.754814814 
38.85 16.67337421 1.760441794 
38.9 16.7613963 1.7677986 
38.95 16.84978623 1.776977284 
39 16.93863509 1.788038108 
39.05 17.028037 1.801005794 
39.1 17.11808729 1.815866056 
39.15 17.20888059 1.832562467 
39.2 17.30050871 1.850993743 
39.25 17.3930584 1.871011546 
39.3 17.48660898 1.892418929 
39.35 17.58122992 1.914969576 
39.4 17.6769784 1.938367999 
39.45 17.7738968 1.962270876 
39.5 17.87201035 1.986289718 
39.55 17.97132483 2.009995019 
39.6 18.07182458 2.032922048 
39.65 18.17347069 2.054578346 
39.7 18.2761996 2.074452957 
39.75 18.37992225 2.092027277 
39.8 18.48452361 2.106787341 
39.85 18.58986298 2.118237186 
39.9 18.69577484 2.125912842 
39.95 18.80207048 2.129396366 
40 18.9085403 2.128329258 
40.05 19.01495676 2.122424551 
40.1 19.12107799 2.111476893 
40.15 19.22665184 2.095369982 
40.2 19.33142034 2.074080904 
40.25 19.43512438 2.047681042 
40.3 19.53750843 2.016333499 
40.35 19.63832511 1.98028718 
40.4 19.73733947 1.939867903 
40.45 19.83433286 1.895467088 
40.5 19.92910622 1.847528719 
40.55 20.02148265 1.796535311 
40.6 20.11130942 1.742993645 
40.65 20.1984591 1.687420948 
40.7 20.28283015 1.630332117 
40.75 20.36434675 1.572228412 
40.8 20.44295817 1.513587944 
40.85 20.51863757 1.454858083 
40.9 20.59138048 1.396449825 
40.95 20.66120297 1.338734022 
41 20.72813967 1.2820393 
41.05 20.79224163 1.226651461 
41.1 20.85357421 1.172814104 
41.15 20.91221491 1.12073021 
41.2 20.96825142 1.07056446 
41.25 21.02177964 1.02244605 
41.3 21.07290195 0.9764718081 
41.35 21.12172554 0.9327094648 
41.4 21.16836101 0.8912009294 
41.45 21.21292106 0.8519654833 
41.5 21.25551933 0.8150028117 
41.55 21.29626947 0.7802958259 
41.6 21.33528426 0.7478132447 
41.65 21.37267493 0.7175119209 
41.7 21.40855052 0.689338908 
41.75 21.44301747 0.6632332758 
41.8 21.47617913 0.6391276855 
41.85 21.50813552 0.6169497415 
41.9 21.538983 0.5966231401 
41.95 21.56881416 0.5780686344 
42 21.59771759 0.5612048389 
42.05 21.62577783 0.545948891 
42.1 21.65307528 0.5322169938 
42.15 21.67968613 0.5199248548 
42.2 21.70568237 0.5089880413 
42.25 21.73113177 0.4993222658 
42.3 21.75609789 0.4908436186 
42.35 21.78064007 0.483468758 
42.4 21.8048135 0.4771150719 
42.45 21.82866926 0.4717008196 
42.5 21.8522543 0.4671452625 
42.55 21.87561156 0.4633687931 
42.6 21.89878 0.4602930655 
42.65 21.92179465 0.4578411358 
42.7 21.94468671 0.4559376134 
42.75 21.96748359 0.4545088282 
42.8 21.99020903 0.4534830144 
42.85 22.01288318 0.4527905121 
42.9 22.03552271 0.4523639864 
42.95 22.05814091 0.4521386628 
43 22.08074784 0.4520525778 
43.05 22.10335047 0.4520468412 
43.1 22.12595281 0.452065907 
43.15 22.14855611 0.4520578495 
43.2 22.171159 0.4519746396 
43.25 22.19375773 0.4517724173 
43.3 22.21634635 0.4514117543 
43.35 22.23891694 0.4508579031 
43.4 22.26145984 0.450081026 
43.45 22.28396389 0.4490564007 
43.5 22.30641671 0.4477645965 
43.55 22.32880494 0.446191618 
43.6 22.35111452 0.444329012 
43.65 22.37333097 0.4421739356 
43.7 22.39543967 0.439729182 
43.75 22.41742613 0.4370031643 
43.8 22.43927628 0.4340098546 
43.85 22.46097678 0.4307686814 
43.9 22.48251521 0.4273043839 
43.95 22.50388043 0.4236468268 
44 22.52506277 0.4198307776 
44.05 22.54605431 0.41589565 
44.1 22.56684909 0.4118852171 
44.15 22.58744335 0.4078472987 
44.2 22.60783572 0.4038334277 
44.25 22.62802739 0.3998984998 
44.3 22.64802231 0.396100412 
44.35 22.66782733 0.3924996946 
44.4 22.68745232 0.3891591405 
44.45 22.70691028 0.3861434375 
44.5 22.72621745 0.3835188064 
44.55 22.74539339 0.3813526493 
44.6 22.76446102 0.3797132098 
44.65 22.78344668 0.3786692491 
44.7 22.80238014 0.3782897375 
44.75 22.82129463 0.3786435653 
44.8 22.84022681 0.3797992697 
44.85 22.85921677 0.3818247803 
44.9 22.87830801 0.3847871802 
44.95 22.89754737 0.3887524821 
45 22.916985 0.3937854145 
45.05 22.93667427 0.3999492169 
45.1 22.95667173 0.4073054381 
45.15 22.977037 0.4159137328 
45.2 22.99783269 0.4258316512 
45.25 23.01912427 0.4371144139 
45.3 23.04097999 0.4498146654 
45.35 23.06347072 0.4639821988 
45.4 23.08666983 0.4796636408 
45.45 23.11065301 0.4969020898 
45.5 23.13549812 0.5157366963 
45.55 23.16128495 0.5362021751 
45.6 23.18809506 0.5583282396 
45.65 23.21601147 0.5821389481 
45.7 23.24511842 0.6076519512 
45.75 23.27550102 0.6348776339 
45.8 23.3072449 0.6638181417 
45.85 23.34043581 0.6944662893 
45.9 23.37515912 0.7268043466 
45.95 23.41149934 0.7608027053 
46 23.44953947 0.796418433 
46.05 23.4893604 0.8335937262 
46.1 23.53104008 0.8722542855 
46.15 23.5746528 0.9123076389 
46.2 23.62026818 0.9536414577 
46.25 23.66795025 0.9961219124 
46.3 23.71775635 1.039592136 
46.35 23.76973595 1.083870872 
46.4 23.8239295 1.128751394 
46.45 23.88036707 1.174000809 
46.5 23.93906711 1.219359842 
46.55 24.0000351 1.264543239 
46.6 24.06326226 1.309240888 
46.65 24.12872431 1.353119789 
46.7 24.1963803 1.395826949 
46.75 24.26617164 1.4369933 
46.8 24.33802131 1.476238638 
46.85 24.41183324 1.513177608 
46.9 24.48749212 1.547426625 
46.95 24.56486345 1.578611623 
47 24.64379403 1.606376399 
47.05 24.72411285 1.630391298 
47.1 24.80563242 1.65036189 
47.15 24.88815051 1.666037276 
47.2 24.97145238 1.677217617 
47.25 25.05531326 1.683760508 
47.3 25.13950128 1.685585828 
47.35 25.22378057 1.682678803 
47.4 25.30791451 1.675091059 
47.45 25.39166907 1.662939608 
47.5 25.47481605 1.646403778 
47.55 25.55713624 1.625720265 
47.6 25.63842225 1.601176544 
47.65 25.71848108 1.573102996 
47.7 25.79713623 1.541864143 
47.75 25.87422943 1.507849413 
47.8 25.9496219 1.471463847 
47.85 26.0231951 1.433119125 
47.9 26.09485105 1.393225229 
47.95 26.16451231 1.352182992 
48 26.23212146 1.310377703 
48.05 26.29764035 1.268173864 
48.1 26.36104904 1.22591112 
48.15 26.4223446 1.183901323 
48.2 26.48153966 1.142426664 
48.25 26.538661 1.101738738 
48.3 26.59374793 1.06205843 
48.35 26.64685086 1.023576457 
48.4 26.69802968 0.9864544554 
48.45 26.7473524 0.9508264466 
48.5 26.79489372 0.9168005912 
48.55 26.84073375 0.8844611083 
48.6 26.88495681 0.8538702816 
48.65 26.92765032 0.8250704782 
48.7 26.96890385 0.7980861263 
48.75 27.00880815 0.7729256116 
48.8 27.04745443 0.7495830632 
48.85 27.08493359 0.7280400132 
48.9 27.12133559 0.7082669202 
48.95 27.15674893 0.6902245551 
49 27.19126016 0.6738652528 
49.05 27.22495342 0.6591340369 
49.1 27.25791013 0.6459696276 
49.15 27.29020861 0.6343053444 
49.2 27.32192387 0.6240699166 
49.25 27.35312737 0.6151882136 
49.3 27.38388678 0.6075819095 
49.35 27.41426588 0.6011700923 
49.4 27.44432438 0.5958698312 
49.45 27.47411787 0.5915967102 
49.5 27.50369771 0.5882653388 
49.55 27.53311098 0.585789847 
49.6 27.56240047 0.5840843717 
49.65 27.59160469 0.5830635382 
49.7 27.62075786 0.5826429429 
49.75 27.64989001 0.5827396371 
49.8 27.67902699 0.5832726145 
49.85 27.70819062 0.5841633018 
49.9 27.73739879 0.5853360503 
49.95 27.76666559 0.5867186265 
50 27.79600152 0.5882426973 
