0.05 0.00499625 0.09986633788 
0.1 0.009986628876 0.09976466645 
0.15 0.01497270453 0.09969313956 
0.2 0.0199559236 0.09964875769 
0.25 0.02493755404 0.09962738174 
0.3 0.02991862859 0.09962375054 
0.35 0.03489988912 0.09963150227 
0.4 0.03988173221 0.09964320025 
0.45 0.0448641561 0.09965036345 
0.5 0.04984670928 0.09964350218 
0.55 0.05482844108 0.09961215955 
0.6 0.05980785434 0.09954495917 
0.65 0.06478286079 0.09942965966 
0.7 0.0697507392 0.09925321649 
0.75 0.07470809689 0.0990018517 
0.8 0.07965083491 0.0986611319 
0.85 0.08457411732 0.09821605505 
0.9 0.08947234503 0.09765114625 
0.95 0.09433913469 0.09695056274 
1 0.09916730301 0.09609820831 
1.05 0.1039488571 0.09507785687 
1.1 0.1086749911 0.09387328522 
1.15 0.11333609 0.09246841429 
1.2 0.11792174 0.09084745858 
1.25 0.1224207476 0.08899508282 
1.3 0.1268211656 0.08689656492 
1.35 0.1311103283 0.084537964 
1.4 0.1352748945 0.08190629212 
1.45 0.1393008997 0.07898968804 
1.5 0.1431738166 0.07577759138 
1.55 0.1468786247 0.07226091495 
1.6 0.1503998878 0.06843221344 
1.65 0.153721841 0.06428584594 
1.7 0.156828484 0.05981813024 
1.75 0.1597036833 0.05502748621 
1.8 0.1623312808 0.04991456615 
1.85 0.1646952081 0.04448236941 
1.9 0.1667796067 0.03873633916 
1.95 0.1685689524 0.03268443892 
2 0.170048183 0.02633720683 
2.05 0.1712028278 0.01970778563 
2.1 0.1720191386 0.0128119269 
2.15 0.1724842197 0.005667967835 
2.2 0.1725861564 -0.001703220243 
2.25 0.17231414 -0.009278312576 
2.3 0.1716585878 -0.01703164116 
2.35 0.1706112577 -0.0249353344 
2.4 0.1691653539 -0.03295948581 
2.45 0.1673156248 -0.04107235084 
2.5 0.1650584488 -0.04924057049 
2.55 0.1623919098 -0.05742941996 
2.6 0.1593158586 -0.06560308004 
2.65 0.1558319609 -0.07372492875 
2.7 0.1519437295 -0.08175784996 
2.75 0.1476565414 -0.0896645558 
2.8 0.1429776384 -0.09740791898 
2.85 0.13791611 -0.1049513111 
2.9 0.1324828608 -0.1122589424 
2.95 0.1266905594 -0.1192961995 
3 0.1205535716 -0.1260299748 
3.05 0.114087877 -0.1324289855 
3.1 0.1073109698 -0.1384640756 
3.15 0.1002417454 -0.1441084979 
3.2 0.09290037286 -0.1493381714 
3.25 0.08530815593 -0.1541319112 
3.3 0.07748738254 -0.1584716263 
3.35 0.06946116572 -0.1623424839 
3.4 0.06125327703 -0.1657330363 
3.45 0.0528879746 -0.1686353109 
3.5 0.04438982761 -0.1710448598 
3.55 0.03578353931 -0.1729607705 
3.6 0.0270937705 -0.1743856368 
3.65 0.01834496538 -0.1753254911 
3.7 0.009561181816 -0.1757897004 
3.75 0.0007659276499 -0.1757908262 
3.8 -0.008017995144 -0.1753444534 
3.85 -0.01676863695 -0.1744689892 
3.9 -0.02546503629 -0.1731854367 
3.95 -0.03408734368 -0.1715171469 
4 -0.04261693257 -0.1694895525 
4.05 -0.05103649663 -0.1671298884 
4.1 -0.05933013273 -0.1644669031 
4.15 -0.06748340935 -0.1615305645 
4.2 -0.07548342015 -0.1583517649 
4.25 -0.08331882285 -0.154962029 
4.3 -0.09097986365 -0.1513932279 
4.35 -0.09845838747 -0.1476773031 
4.4 -0.1057478348 -0.1438460032 
4.45 -0.1128432255 -0.1399306357 
4.5 -0.1197411311 -0.1359618362 
4.55 -0.126439635 -0.1319693562 
4.6 -0.1329382842 -0.1279818723 
4.65 -0.13923803 -0.1240268154 
4.7 -0.1453411625 -0.1201302223 
4.75 -0.151251237 -0.1163166086 
4.8 -0.1569729953 -0.1126088632 
4.85 -0.1625122818 -0.1090281637 
4.9 -0.1678759563 -0.1055939117 
4.95 -0.1730718035 -0.1023236868 
5 -0.1781084412 -0.0992332182 
5.05 -0.1829952272 -0.09633637262 
5.1 -0.1877421662 -0.09364515613 
5.15 -0.1923598167 -0.09116972908 
5.2 -0.1968591995 -0.08891843184 
5.25 -0.2012517071 -0.08689781978 
5.3 -0.205549016 -0.08511270576 
5.35 -0.2097630001 -0.08356620834 
5.4 -0.2139056476 -0.08225980414 
5.45 -0.2179889802 -0.08119338283 
5.5 -0.2220249751 -0.08036530329 
5.55 -0.2260254899 -0.07977244968 
5.6 -0.2300021901 -0.07941028621 
5.65 -0.2339664796 -0.07927290978 
5.7 -0.2379294338 -0.07935309944 
5.75 -0.2419017344 -0.07964236223 
5.8 -0.2458936073 -0.0801309747 
5.85 -0.249914762 -0.08080802007 
5.9 -0.2539743326 -0.08166142064 
5.95 -0.2580808206 -0.08267796563 
6 -0.2622420393 -0.08384333468 
6.05 -0.2664650579 -0.08514211724 
6.1 -0.2707561486 -0.08655782864 
6.15 -0.2751207323 -0.08807292325 
6.2 -0.2795633264 -0.08966880571 
6.25 -0.2840874923 -0.09132584123 
6.3 -0.2886957839 -0.0930233659 
6.35 -0.2933896962 -0.09473969824 
6.4 -0.298169615 -0.09645215339 
6.45 -0.3030347669 -0.09813706107 
6.5 -0.3079831706 -0.09976978883 
6.55 -0.3130115894 -0.101324772 
6.6 -0.3181154858 -0.1027755519 
6.65 -0.3232889773 -0.1040948232 
6.7 -0.3285247958 -0.1052544929 
6.75 -0.3338142496 -0.1062257508 
6.8 -0.3391471898 -0.1069791541 
6.85 -0.3445119805 -0.1074847264 
6.9 -0.3498954752 -0.1077120717 
6.95 -0.3552829986 -0.107630506 
7 -0.360658336 -0.1072092041 
7.05 -0.3660037297 -0.1064173651 
7.1 -0.3712998849 -0.1052243943 
7.15 -0.3765259848 -0.1036001025 
7.2 -0.3816597157 -0.1015149219 
7.25 -0.3866773042 -0.09894013733 
7.3 -0.3915535653 -0.09584813258 
7.35 -0.396261964 -0.09221264969 
7.4 -0.4007746895 -0.08800905948 
7.45 -0.4050627442 -0.08321464149 
7.5 -0.4090960453 -0.07780887068 
7.55 -0.4128435426 -0.07177370839 
7.6 -0.4162733496 -0.0650938946 
7.65 -0.41935289 -0.0577572382 
7.7 -0.4220490584 -0.04975490219 
7.75 -0.4243283945 -0.04108168001 
7.8 -0.4261572722 -0.03173625963 
7.85 -0.4275021001 -0.02172147154 
7.9 -0.4283295347 -0.01104451692 
7.95 -0.4286067047 0.000282827814 
8 -0.428301444 0.0122440338 
8.05 -0.427382534 0.02481767359 
8.1 -0.425819951 0.03797730979 
8.15 -0.4235851197 0.05169142189 
8.2 -0.4206511683 0.06592337477 
8.25 -0.4169931846 0.08063143199 
8.3 -0.41258847 0.09576881707 
8.35 -0.4074167895 0.1112838252 
8.4 -0.4014606146 0.1271199883 
8.45 -0.3947053565 0.1432162945 
8.5 -0.3871395874 0.1595074656 
8.55 -0.378755246 0.1759242907 
8.6 -0.3695478249 0.1923940199 
8.65 -0.3595165373 0.2088408143 
8.7 -0.3486644593 0.2251862543 
8.75 -0.3369986455 0.2413499017 
8.8 -0.3245302153 0.2572499141 
8.85 -0.3112744072 0.2728037066 
8.9 -0.2972505987 0.2879286546 
8.95 -0.2824822904 0.3025428329 
9 -0.2669970521 0.3165657804 
9.05 -0.2508264304 0.3299192832 
9.1 -0.2340058164 0.3425281647 
9.15 -0.2165742742 0.3543210703 
9.2 -0.1985743307 0.3652312367 
9.25 -0.1800517266 0.3751972305 
9.3 -0.1610551323 0.3841636441 
9.35 -0.1416358299 0.3920817364 
9.4 -0.1218473644 0.3989100048 
9.45 -0.1017451688 0.4046146774 
9.5 -0.08138616622 0.4091701155 
9.55 -0.06082835427 0.4125591168 
9.6 -0.04013037717 0.4147731134 
9.65 -0.01935109032 0.4158122602 
9.7 0.001450876591 0.4156854108 
9.75 0.02221755257 0.414409982 
9.8 0.04289204867 0.4120117098 
9.85 0.06341896658 0.4085243014 
9.9 0.08374478727 0.4039889921 
9.95 0.1038182352 0.3984540147 
10 0.1235906139 0.3919739942 
10.05 0.1430161099 0.3846092788 
10.1 0.1620520611 0.3764252213 
10.15 0.1806591888 0.3674914238 
10.2 0.1988017911 0.3578809597 
10.25 0.2164478965 0.3476695862 
10.3 0.2335693788 0.3369349604 
10.35 0.2501420324 0.3257558701 
10.4 0.2661456101 0.31421149 
10.45 0.2815638242 0.3023806736 
10.5 0.2963843129 0.2903412868 
10.55 0.3105985757 0.2781695913 
10.6 0.3242018776 0.265939682 
10.65 0.3371931278 0.2537229817 
10.7 0.3495747343 0.2415877954 
10.75 0.3613524373 0.229598926 
10.8 0.3725351255 0.2178173491 
10.85 0.3831346374 0.2062999487 
10.9 0.3931655505 0.1950993088 
10.95 0.4026449621 0.1842635605 
11 0.4115922634 0.1738362803 
11.05 0.4200289097 0.163856436 
11.1 0.4279781893 0.1543583769 
11.15 0.4354649929 0.1453718628 
11.2 0.442515585 0.1369221288 
11.25 0.4491573801 0.1290299812 
11.3 0.4554187235 0.1217119192 
11.35 0.4613286799 0.1149802794 
11.4 0.4669168285 0.108843398 
11.45 0.4722130674 0.1033057876 
11.5 0.4772474274 0.09836832359 
11.55 0.4820498942 0.09402843752 
11.6 0.4866502417 0.09028031401 
11.65 0.491077874 0.08711508758 
11.7 0.4953616784 0.08452103723 
11.75 0.499529887 0.08248377605 
11.8 0.5036099481 0.08098643362 
11.85 0.507628407 0.08000982966 
11.9 0.5116107936 0.07953263711 
11.95 0.5155815204 0.0795315337 
12 0.5195637851 0.07998134099 
12.05 0.5235794821 0.08085515056 
12.1 0.5276491182 0.08212443691 
12.15 0.5317917349 0.08375915742 
12.2 0.5360248349 0.0857278396 
12.25 0.5403643124 0.08799765649 
12.3 0.544824387 0.09053449104 
12.35 0.5494175411 0.09330299087 
12.4 0.5541544593 0.09626661466 
12.45 0.5590439696 0.0993876721 
12.5 0.5640929873 0.102627359 
12.55 0.5693064603 0.10594579 
12.6 0.5746873153 0.1093020302 
12.65 0.5802364064 0.1126541289 
12.7 0.5859524655 0.1159591572 
12.75 0.5918320539 0.119173252 
12.8 0.5978695171 0.122251668 
12.85 0.604056942 0.1251488413 
12.9 0.6103841178 0.1278184652 
12.95 0.6168385009 0.130213581 
13 0.6234051846 0.132286686 
13.05 0.6300668753 0.1339898587 
13.1 0.6368038744 0.1352749043 
13.15 0.6435940688 0.1360935204 
13.2 0.6504129299 0.1363974833 
13.25 0.6572335225 0.1361388568 
13.3 0.6640265244 0.1352702213 
13.35 0.6707602588 0.133744924 
13.4 0.6774007383 0.1315173493 
13.45 0.6839117246 0.1285432079 
13.5 0.6902548018 0.1247798429 
13.55 0.6963894659 0.1201865513 
13.6 0.7022732308 0.1147249186 
13.65 0.7078617512 0.1083591634 
13.7 0.713108963 0.1010564912 
13.75 0.7179672415 0.0927874515 
13.8 0.7223875776 0.08352629914 
13.85 0.7263197721 0.07325135335 
13.9 0.7297126478 0.06194535403 
13.95 0.7325142794 0.04959581145 
14 0.7346722409 0.03619534671 
14.05 0.7361338689 0.02174202035 
14.1 0.7368465433 0.006239646573 
14.15 0.7367579822 -0.01030190959 
14.2 0.7358165517 -0.02786645448 
14.25 0.7339715891 -0.04643121015 
14.3 0.7311737381 -0.0659665834 
14.35 0.7273752952 -0.08643596244 
14.4 0.722530565 -0.1077955446 
14.45 0.716596224 -0.1299941987 
14.5 0.7095316895 -0.1529733661 
14.55 0.7012994935 -0.1766670066 
14.6 0.691865657 -0.2010015923 
14.65 0.6812000643 -0.2258961593 
14.7 0.6692768322 -0.2512624207 
14.75 0.656074673 -0.2770049518 
14.8 0.6415772455 -0.3030214529 
14.85 0.6257734911 -0.3292031003 
14.9 0.6086579501 -0.3554349924 
14.95 0.5902310534 -0.3815966988 
15 0.5704993833 -0.4075629202 
15.05 0.5494758995 -0.4332042629 
15.1 0.5271801228 -0.4583881316 
15.15 0.5036382714 -0.4829797414 
15.2 0.4788833437 -0.5068432452 
15.25 0.4529551416 -0.52984297 
15.3 0.4259002299 -0.5518447519 
15.35 0.3977718262 -0.5727173522 
15.4 0.3686296187 -0.5923339372 
15.45 0.3385395081 -0.6105735948 
15.5 0.3075732735 -0.62732286 
15.55 0.2758081624 -0.642477218 
15.6 0.2433264059 -0.6559425501 
15.65 0.210214664 -0.6676364857 
15.7 0.1765634059 -0.6774896271 
15.75 0.1424662327 -0.6854466114 
15.8 0.1080191517 -0.6914669801 
15.85 0.07331981149 -0.6955258288 
15.9 0.03846671172 -0.6976142185 
15.95 0.003558397214 -0.6977393335 
16 -0.03130734878 -0.6959243805 
16.05 -0.06603429995 -0.6922082316 
16.1 -0.1005285581 -0.6866448198 
16.15 -0.1346992884 -0.6793023047 
16.2 -0.1684594069 -0.6702620324 
16.25 -0.2017262116 -0.659617318 
16.3 -0.234421949 -0.6474720838 
16.35 -0.2664743085 -0.6339393894 
16.4 -0.2978168417 -0.6191398891 
16.45 -0.3283893034 -0.6032002546 
16.5 -0.3581379121 -0.586251595 
16.55 -0.3870155338 -0.5684279082 
16.6 -0.4149817874 -0.5498645902 
16.65 -0.442003079 -0.5306970267 
16.7 -0.4680525669 -0.5110592848 
16.75 -0.4931100651 -0.4910829216 
16.8 -0.5171618886 -0.4708959162 
16.85 -0.5402006502 -0.4506217336 
16.9 -0.5622250128 -0.4303785202 
16.95 -0.5832394048 -0.4102784303 
17 -0.6032537057 -0.3904270774 
17.05 -0.6222829062 -0.3709231068 
17.1 -0.6403467512 -0.3518578778 
17.15 -0.6574693685 -0.3333152484 
17.2 -0.6736788893 -0.3153714518 
17.25 -0.6890070655 -0.2980950547 
17.3 -0.7034888857 -0.2815469863 
17.35 -0.7171621951 -0.2657806304 
17.4 -0.7300673211 -0.2508419682 
17.45 -0.7422467076 -0.2367697657 
17.5 -0.7537445588 -0.2235957965 
17.55 -0.7646064961 -0.2113450922 
17.6 -0.7748792271 -0.2000362151 
17.65 -0.7846102296 -0.1896815462 
17.7 -0.7938474494 -0.1802875835 
17.75 -0.802639014 -0.1718552464 
17.8 -0.8110329611 -0.1643801812 
17.85 -0.8190769831 -0.1578530651 
17.9 -0.8268181851 -0.1522599052 
17.95 -0.8343028601 -0.1475823291 
18 -0.8415762761 -0.1437978663 
18.05 -0.8486824786 -0.1408802173 
18.1 -0.8556641058 -0.1387995094 
18.15 -0.8625622157 -0.1375225376 
18.2 -0.8694161256 -0.1370129905 
18.25 -0.8762632625 -0.1372316605 
18.3 -0.8831390228 -0.1381366371 
18.35 -0.8900766421 -0.1396834853 
18.4 -0.8971070732 -0.1418254083 
18.45 -0.9042588719 -0.1445133958 
18.5 -0.9115580899 -0.1476963593 
18.55 -0.9190281739 -0.1513212555 
18.6 -0.9266898712 -0.1553331998 
18.65 -0.93456114 -0.1596755716 
18.7 -0.9426570654 -0.1642901146 
18.75 -0.9509897799 -0.1691170329 
18.8 -0.9595683891 -0.1740950868 
18.85 -0.9683989016 -0.179161691 
18.9 -0.9774841642 -0.1842530157 
18.95 -0.9868238026 -0.189304097 
19 -0.9964141675 -0.1942489545 
19.05 -1.006248286 -0.1990207224 
19.1 -1.016315824 -0.2035517939 
19.15 -1.026603046 -0.2077739806 
19.2 -1.0370928 -0.2116186897 
19.25 -1.047764492 -0.2150171182 
19.3 -1.058594088 -0.2179004654 
19.35 -1.069554117 -0.2202001632 
19.4 -1.080613686 -0.2218481244 
19.45 -1.091738515 -0.2227770061 
19.5 -1.102890979 -0.2229204875 
19.55 -1.114030165 -0.2222135609 
19.6 -1.125111947 -0.2205928302 
19.65 -1.136089072 -0.2179968171 
19.7 -1.146911268 -0.2143662699 
19.75 -1.157525356 -0.2096444713 
19.8 -1.16787539 -0.2037775429 
19.85 -1.177902807 -0.1967147426 
19.9 -1.187546585 -0.1884087509 
19.95 -1.196743428 -0.178815945 
20 -1.205427954 -0.1678966586 
20.05 -1.213532897 -0.1556154243 
20.1 -1.22098933 -0.1419412009 
20.15 -1.227726884 -0.1268475843 
20.2 -1.23367399 -0.1103130036 
20.25 -1.238758122 -0.09232090589 
20.3 -1.242906055 -0.07285993244 
20.35 -1.246044129 -0.05192409073 
20.4 -1.248098518 -0.02951292783 
20.45 -1.248995518 -0.005631710619 
20.5 -1.248661829 0.01970838078 
20.55 -1.247024864 0.04649004016 
20.6 -1.244013057 0.07468959672 
20.65 -1.239556187 0.1042767454 
20.7 -1.233585718 0.1352142415 
20.75 -1.226035154 0.167457556 
20.8 -1.216840412 0.2009544904 
20.85 -1.205940217 0.2356447523 
20.9 -1.193276516 0.2714594946 
20.95 -1.178794918 0.308320826 
21 -1.162445159 0.3461413035 
21.05 -1.144181593 0.3848234214 
21.1 -1.123963706 0.4242591157 
21.15 -1.101756658 0.4643293091 
21.2 -1.077531844 0.504903523 
21.25 -1.051267469 0.5458395908 
21.3 -1.022949144 0.5869835075 
21.35 -0.992570474 0.6281694566 
21.4 -0.960133649 0.6692200538 
21.45 -0.9256500109 0.709946849 
21.5 -0.8891405921 0.7501511266 
21.55 -0.8506366035 0.7896250382 
21.6 -0.8101798592 0.8281530948 
21.65 -0.7678231163 0.8655140376 
21.7 -0.7236303116 0.9014830905 
21.75 -0.6776766765 0.9358345843 
21.8 -0.6300487121 0.9683449238 
21.85 -0.580844007 0.9987958486 
21.9 -0.5301708861 1.02697792 
21.95 -0.4781478808 1.052694147 
22 -0.4249030147 1.075763648 
22.05 -0.3705729078 1.096025228 
22.1 -0.315301705 1.113340751 
22.15 -0.2592398421 1.127598184 
22.2 -0.2025426709 1.138714179 
22.25 -0.1453689666 1.146636101 
22.3 -0.08787934969 1.151343407 
22.35 -0.03023465517 1.152848314 
22.4 0.02740571224 1.151195723 
22.45 0.08488540144 1.1464624 
22.5 0.1420526786 1.138755446 
22.55 0.1987618977 1.128210122 
22.6 0.2548748462 1.114987103 
22.65 0.3102619417 1.099269284 
22.7 0.3648032587 1.081258248 
22.75 0.4183893713 1.061170532 
22.8 0.4709220068 1.039233801 
22.85 0.5223145065 1.015683068 
22.9 0.5724920998 0.9907570422 
22.95 0.6213920008 0.9646947148 
23 0.6689633404 0.9377322383 
23.05 0.7151669508 0.9101001553 
23.1 0.7599750203 0.8820210053 
23.15 0.8033706383 0.8537073245 
23.2 0.8453472498 0.8253600341 
23.25 0.8859080394 0.7971672037 
23.3 0.9250652619 0.7693031627 
23.35 0.9628395374 0.7419279287 
23.4 0.9992591247 0.7151869143 
23.45 1.034359187 0.6892108751 
23.5 1.06818106 0.6641160578 
23.55 1.100771534 0.6400045112 
23.6 1.13218215 0.6169645247 
23.65 1.162468527 0.5950711626 
23.7 1.191689714 0.5743868639 
23.75 1.219907574 0.5549620861 
23.8 1.247186201 0.5368359702 
23.85 1.273591373 0.5200370112 
23.9 1.299190034 0.504583721 
23.95 1.324049813 0.4904852737 
24 1.348238569 0.4777421259 
24.05 1.371823977 0.4663466076 
24.1 1.394873131 0.4562834806 
24.15 1.41745218 0.4475304643 
24.2 1.439625989 0.440058728 
24.25 1.461457825 0.4338333523 
24.3 1.48300906 0.4288137617 
24.35 1.504338904 0.4249541307 
24.4 1.525504146 0.4222037687 
24.45 1.546558925 0.4205074849 
24.5 1.567554514 0.4198059399 
24.55 1.588539115 0.4200359861 
24.6 1.609557687 0.421131003 
24.65 1.630651771 0.4230212288 
24.7 1.651859349 0.4256340953 
24.75 1.673214705 0.4288945672 
24.8 1.694748317 0.4327254905 
24.85 1.716486755 0.4370479522 
24.9 1.738452604 0.4417816543 
24.95 1.760664407 0.4468453034 
25 1.783136618 0.4521570167 
25.05 1.805879591 0.4576347465 
25.1 1.828899578 0.4631967197 
25.15 1.852198753 0.4687618945 
25.2 1.875775265 0.4742504294 
25.25 1.899623305 0.4795841625 
25.3 1.923733204 0.4846870969 
25.35 1.948091555 0.489485887 
25.4 1.972681353 0.4939103207 
25.45 1.997482171 0.4978937902 
25.5 2.022470342 0.5013737445 
25.55 2.047619184 0.5042921174 
25.6 2.072899225 0.5065957222 
25.65 2.098278461 0.5082366064 
25.7 2.123722626 0.5091723593 
25.75 2.149195474 0.5093663655 
25.8 2.174659077 0.5087879989 
25.85 2.200074128 0.507412753 
25.9 2.225400246 0.5052223019 
25.95 2.250596289 0.5022044919 
26 2.275620663 0.4983532619 
26.05 2.30043162 0.4936684926 
26.1 2.324987551 0.488155788 
26.15 2.349247269 0.4818261914 
26.2 2.37317027 0.4746958413 
26.25 2.396716978 0.4667855739 
26.3 2.419848974 0.458120478 
26.35 2.442529192 0.4487294111 
26.4 2.464722096 0.4386444853 
26.45 2.486393831 0.4279005303 
26.5 2.507512346 0.4165345448 
26.55 2.528047485 0.4045851421 
26.6 2.547971058 0.3920920009 
26.65 2.567256877 0.3790953272 
26.7 2.585880773 0.3656353351 
26.75 2.603820581 0.3517517534 
26.8 2.621056103 0.3374833618 
26.85 2.637569052 0.3228675628 
26.9 2.653342973 0.3079399924 
26.95 2.668363142 0.2927341707 
27 2.682616455 0.2772811968 
27.05 2.696091299 0.2616094864 
27.1 2.708777413 0.2457445534 
27.15 2.720665735 0.2297088347 
27.2 2.731748247 0.2135215576 
27.25 2.742017811 0.1971986469 
27.3 2.751468002 0.1807526718 
27.35 2.760092939 0.1641928285 
27.4 2.767887116 0.1475249574 
27.45 2.774845237 0.1307515927 
27.5 2.780962049 0.1138720408 
27.55 2.786232188 0.09688248683 
27.6 2.790650019 0.07977612574 
27.65 2.794209496 0.06254331698 
27.7 2.796904023 0.0451717606 
27.75 2.798726322 0.02764669328 
27.8 2.799668322 0.009951103004 
27.85 2.799721043 -0.00793403856 
27.9 2.798874511 -0.0260295268 
27.95 2.797117668 -0.04435765861 
28 2.794438309 -0.06294195078 
28.05 2.790823025 -0.08180684257 
28.1 2.786257167 -0.1009773824 
28.15 2.780724822 -0.1204788986 
28.2 2.774208807 -0.140336654 
28.25 2.766690683 -0.1605754845 
28.3 2.758150785 -0.181219421 
28.35 2.74856827 -0.2022912952 
28.4 2.737921189 -0.2238123298 
28.45 2.726186579 -0.2458017134 
28.5 2.713340571 -0.2682761611 
28.55 2.69935853 -0.2912494624 
28.6 2.68421521 -0.3147320198 
28.65 2.667884935 -0.3387303793 
28.7 2.650341804 -0.3632467578 
28.75 2.631559921 -0.3882785721 
28.8 2.611513642 -0.4138179753 
28.85 2.590177855 -0.4398514082 
28.9 2.567528274 -0.4663591722 
28.95 2.543541755 -0.493315036 
29 2.518196635 -0.5206858842 
29.05 2.491473083 -0.5484314218 
29.1 2.463353464 -0.5765039456 
29.15 2.433822716 -0.6048481985 
29.2 2.40286873 -0.6334013187 
29.25 2.37048273 -0.6620928997 
29.3 2.336659646 -0.6908451756 
29.35 2.301398478 -0.7195733431 
29.4 2.264702634 -0.7481860337 
29.45 2.226580251 -0.7765859444 
29.5 2.187044467 -0.8046706338 
29.55 2.146113659 -0.8323334845 
29.6 2.103811628 -0.8594648316 
29.65 2.060167716 -0.8859532473 
29.7 2.015216864 -0.9116869688 
29.75 1.96899959 -0.9365554499 
29.8 1.921561889 -0.9604510091 
29.85 1.872955047 -0.9832705417 
29.9 1.823235369 -1.004917259 
29.95 1.772463819 -1.02530241 
30 1.720705576 -1.044346944 
30.05 1.668029512 -1.061983059 
30.1 1.614507588 -1.078155598 
30.15 1.56021419 -1.092823247 
30.2 1.505225414 -1.105959482 
30.25 1.449618299 -1.11755325 
30.3 1.393470049 -1.12760935 
30.35 1.336857227 -1.136148487 
30.4 1.279854965 -1.143207012 
30.45 1.222536196 -1.148836338 
30.5 1.164970913 -1.153102049 
30.55 1.107225491 -1.156082733 
30.6 1.049362067 -1.157868555 
30.65 0.9914379997 -1.158559631 
30.7 0.9335054168 -1.158264225 
30.75 0.8756108518 -1.157096825 
30.8 0.8177949834 -1.155176144 
30.85 0.760092474 -1.152623092 
30.9 0.7025319112 -1.14955876 
30.95 0.6451358481 -1.146102448 
31 0.5879209413 -1.142369789 
31.05 0.5308981803 -1.138470977 
31.1 0.4740732011 -1.134509132 
31.15 0.4174466798 -1.130578829 
31.2 0.3610147944 -1.126764773 
31.25 0.3047697489 -1.123140672 
31.3 0.2487003495 -1.119768265 
31.35 0.192792625 -1.116696549 
31.4 0.137030481 -1.113961173 
31.45 0.08139638007 -1.111584021 
31.5 0.02587203855 -1.109572958 
31.55 -0.02956086859 -1.107921759 
31.6 -0.08492000351 -1.106610205 
31.65 -0.1402216704 -1.105604348 
31.7 -0.1954801376 -1.104856946 
31.75 -0.2507069859 -1.104308054 
31.8 -0.3059104904 -1.103885792 
31.85 -0.3610950446 -1.10350726 
31.9 -0.4162606348 -1.103079623 
31.95 -0.4714023718 -1.102501335 
32 -0.5265100883 -1.101663509 
32.05 -0.5815680073 -1.100451423 
32.1 -0.6365544898 -1.098746127 
32.15 -0.6914418648 -1.096426155 
32.2 -0.7461963471 -1.093369301 
32.25 -0.8007780452 -1.089454431 
32.3 -0.8551410608 -1.084563312 
32.35 -0.909233679 -1.078582404 
32.4 -0.9629986469 -1.071404586 
32.45 -1.016373537 -1.062930778 
32.5 -1.069291187 -1.053071415 
32.55 -1.121680211 -1.041747742 
32.6 -1.173465572 -1.02889289 
32.65 -1.224569194 -1.01445271 
32.7 -1.274910622 -0.9983863432 
32.75 -1.324407695 -0.9806665147 
32.8 -1.372977226 -0.9612795396 
32.85 -1.420535685 -0.9402250531 
32.9 -1.466999846 -0.9175154732 
32.95 -1.512287418 -0.8931752154 
33 -1.556317618 -0.8672396897 
33.05 -1.599011692 -0.8397541117 
33.1 -1.640293378 -0.8107721665 
33.15 -1.680089291 -0.7803545657 
33.2 -1.718329238 -0.7485675392 
33.25 -1.754946459 -0.7154813038 
33.3 -1.789877782 -0.6811685469 
33.35 -1.823063716 -0.6457029618 
33.4 -1.854448459 -0.6091578673 
33.45 -1.883979852 -0.5716049377 
33.5 -1.911609264 -0.5331130666 
33.55 -1.937291425 -0.4937473814 
33.6 -1.960984217 -0.4535684204 
33.65 -1.982648427 -0.4126314807 
33.7 -2.002247467 -0.3709861402 
33.75 -2.019747084 -0.3286759537 
33.8 -2.035115046 -0.2857383208 
33.85 -2.048320841 -0.2422045202 
33.9 -2.059335367 -0.1980999038 
33.95 -2.068130647 -0.1534442434 
34 -2.074679559 -0.1082522208 
34.05 -2.078955594 -0.06253405382 
34.1 -2.080932652 -0.01629624747 
34.15 -2.080584877 0.03045753595 
34.2 -2.077886535 0.07772549869 
34.25 -2.072811952 0.1255066294 
34.3 -2.065335494 0.1737995341 
34.35 -2.055431627 0.222601187 
34.4 -2.043075022 0.2719056117 
34.45 -2.028240741 0.3217025061 
34.5 -2.010904486 0.371975826 
34.55 -1.991042926 0.4227023459 
34.6 -1.968634084 0.4738502184 
34.65 -1.943657813 0.5253775591 
34.7 -1.916096325 0.5772310859 
34.75 -1.8859348 0.6293448516 
34.8 -1.853162045 0.6816391082 
34.85 -1.817771214 0.7340193512 
34.9 -1.779760561 0.7863755952 
34.95 -1.739134237 0.838581934 
35 -1.695903086 0.8904964443 
35.05 -1.650085447 0.9419614878 
35.1 -1.601707924 0.9928044658 
35.15 -1.550806113 1.042839074 
35.2 -1.497425244 1.091867089 
35.25 -1.441620731 1.139680718 
35.3 -1.383458579 1.186065495 
35.35 -1.323015644 1.230803718 
35.4 -1.260379699 1.273678366 
35.45 -1.195649296 1.314477423 
35.5 -1.128933407 1.352998494 
35.55 -1.060350824 1.389053577 
35.6 -0.990029319 1.422473842 
35.65 -0.9181045662 1.453114217 
35.7 -0.8447188465 1.480857624 
35.75 -0.7700195472 1.505618655 
35.8 -0.6941574946 1.527346541 
35.85 -0.617285159 1.546027257 
35.9 -0.5395547762 1.561684661 
35.95 -0.4611164383 1.574380597 
36 -0.3821162045 1.584213954 
36.05 -0.3026942856 1.591318696 
36.1 -0.2229833514 1.595860958 
36.15 -0.1431070053 1.598035324 
36.2 -0.06317846377 1.598060426 
36.25 0.01670052946 1.596174056 
36.3 0.0964405347 1.592627959 
36.35 0.175964982 1.587682509 
36.4 0.2552104693 1.581601416 
36.45 0.3341267992 1.57464664 
36.5 0.4126767683 1.56707364 
36.55 0.4908357282 1.55912704 
36.6 0.5685909417 1.551036822 
36.65 0.6459407626 1.543015058 
36.7 0.7228936652 1.535253228 
36.75 0.7994671553 1.527920115 
36.8 0.8756865895 1.521160268 
36.85 0.9515839319 1.515092997 
36.9 1.027196474 1.509811885 
36.95 1.102565541 1.505384757 
37 1.177735209 1.501854078 
37.05 1.252751052 1.499237748 
37.1 1.32765894 1.497530246 
37.15 1.402503896 1.496704096 
37.2 1.477329043 1.49671163 
37.25 1.552174639 1.497487016 
37.3 1.627077225 1.498948526 
37.35 1.702068889 1.501001024 
37.4 1.777176659 1.503538639 
37.45 1.852422036 1.506447597 
37.5 1.927820671 1.509609182 
37.55 2.003382195 1.512902778 
37.6 2.079110198 1.516208949 
37.65 2.155002366 1.519412512 
37.7 2.231050771 1.522405541 
37.75 2.307242306 1.525090235 
37.8 2.383559261 1.527381606 
37.85 2.459980029 1.529209906 
37.9 2.536479925 1.53052274 
37.95 2.613032097 1.531286815 
38 2.689608529 1.531489278 
38.05 2.766181082 1.531138592 
38.1 2.842722581 1.530264956 
38.15 2.919207907 1.528920225 
38.2 2.995615066 1.527177362 
38.25 3.07192623 1.525129422 
38.3 3.148128711 1.522888104 
38.35 3.224215847 1.520581901 
38.4 3.300187797 1.518353917 
38.45 3.376052209 1.516359365 
38.5 3.45182476 1.514762844 
38.55 3.527529558 1.513735405 
38.6 3.603199385 1.513451484 
38.65 3.678875791 1.514085732 
38.7 3.754609024 1.515809781 
38.75 3.830457795 1.518788969 
38.8 3.906488887 1.523179062 
38.85 3.982776589 1.529122959 
38.9 4.059401973 1.536747421 
38.95 4.136452003 1.546159805 
39 4.214018487 1.557444827 
39.05 4.292196861 1.570661349 
39.1 4.371084819 1.585839226 
39.15 4.450780781 1.60297622 
39.2 4.531382219 1.622035047 
39.25 4.612983825 1.6429406 
39.3 4.69567556 1.665577447 
39.35 4.779540577 1.689787706 
39.4 4.864653049 1.715369437 
39.45 4.95107594 1.742075696 
39.5 5.038858736 1.769614445 
39.55 5.128035201 1.797649498 
39.6 5.218621213 1.82580268 
39.65 5.310612728 1.853657402 
39.7 5.403983975 1.88076376 
39.75 5.498685935 1.906645275 
39.8 5.594645198 1.93080726 
39.85 5.691763288 1.952746754 
39.9 5.789916513 1.971963802 
39.95 5.888956409 1.987973782 
40 5.988710826 2.000320334 
40.05 6.088985665 2.008588357 
40.1 6.189567263 2.012416456 
40.15 6.290225375 2.011508204 
40.2 6.39071668 2.005641585 
40.25 6.490788714 1.994676071 
40.3 6.590184084 1.978556912 
40.35 6.688644827 1.957316362 
40.4 6.785916751 1.931071803 
40.45 6.881753608 1.900020885 
40.5 6.975920953 1.864434009 
40.55 7.06819956 1.824644636 
40.6 7.158388318 1.781038007 
40.65 7.246306519 1.734038906 
40.7 7.331795528 1.68409912 
40.75 7.414719818 1.631685169 
40.8 7.494967413 1.577266831 
40.85 7.572449774 1.521306832 
40.9 7.647101208 1.464252001 
40.95 7.718877872 1.406526015 
41 7.787756456 1.348523801 
41.05 7.853732621 1.290607527 
41.1 7.916819285 1.233104079 
41.15 7.977044809 1.176303858 
41.2 8.034451158 1.120460691 
41.25 8.089092084 1.065792662 
41.3 8.141031367 1.012483671 
41.35 8.19034115 0.960685502 
41.4 8.237100395 0.9105202747 
41.45 8.281393459 0.8620830952 
41.5 8.323308814 0.8154448115 
41.55 8.3629379 0.7706547658 
41.6 8.400374124 0.7277434711 
41.65 8.435711977 0.6867251583 
41.7 8.469046284 0.647600154 
41.75 8.500471569 0.6103570673 
41.8 8.530081516 0.5749747701 
41.85 8.557968533 0.54142417 
41.9 8.584223395 0.509669776 
41.95 8.608934957 0.4796710667 
42 8.63218994 0.4513836709 
42.05 8.654072763 0.4247603746 
42.1 8.674665423 0.3997519682 
42.15 8.694047415 0.3763079495 
42.2 8.712295687 0.3543770967 
42.25 8.72948461 0.3339079277 
42.3 8.745685983 0.3148490567 
42.35 8.760969039 0.2971494646 
42.4 8.775400472 0.2807586926 
42.45 8.78904447 0.265626972 
42.5 8.80196275 0.2517053005 
42.55 8.814214599 0.2389454729 
42.6 8.825856914 0.2273000774 
42.65 8.83694424 0.2167224623 
42.7 8.847528808 0.2071666828 
42.75 8.857660569 0.1985874326 
42.8 8.867387223 0.1909399661 
42.85 8.876754248 0.1841800164 
42.9 8.885804917 0.1782637143 
42.95 8.89458032 0.1731475099 
43 8.903119375 0.1687881031 
43.05 8.911458842 0.1651423828 
43.1 8.91963333 0.16216738 
43.15 8.927675301 0.1598202347 
43.2 8.935615076 0.1580581781 
43.25 8.943480844 0.1568385331 
43.3 8.951298658 0.1561187313 
43.35 8.959092447 0.1558563485 
43.4 8.966884024 0.1560091572 
43.45 8.974693096 0.1565351974 
43.5 8.98253728 0.1573928626 
43.55 8.990432122 0.1585410021 
43.6 8.998391123 0.1599390369 
43.65 9.006425773 0.1615470874 
43.7 9.014545584 0.1633261117 
43.75 9.022758142 0.1652380524 
43.8 9.031069154 0.1672459884 
43.85 9.039482514 0.1693142909 
43.9 9.048000366 0.1714087799 
43.95 9.056623184 0.1734968795 
44 9.065349857 0.1755477689 
44.05 9.074177777 0.1775325263 
44.1 9.083102938 0.1794242646 
44.15 9.092120046 0.1811982554 
44.2 9.101222621 0.1828320391 
44.25 9.110403122 0.1843055214 
44.3 9.119653062 0.1856010506 
44.35 9.128963132 0.186703479 
44.4 9.138323331 0.1876002037 
44.45 9.14772309 0.1882811878 
44.5 9.157151404 0.1887389621 
44.55 9.166596957 0.1889686053 
44.6 9.176048251 0.1889677058 
44.65 9.18549373 0.1887363026 
44.7 9.194921899 0.18827681 
44.75 9.204321443 0.1875939229 
44.8 9.213681336 0.186694509 
44.85 9.222990951 0.1855874854 
44.9 9.232240153 0.1842836847 
44.95 9.241419398 0.1827957102 
45 9.250519812 0.1811377848 
45.05 9.259533273 0.1793255931 
45.1 9.268452475 0.1773761216 
45.15 9.277270994 0.1753074966 
45.2 9.285983338 0.1731388247 
45.25 9.294584993 0.1708900346 
45.3 9.303072461 0.1685817256 
45.35 9.311443287 0.1662350212 
45.4 9.319696085 0.1638714313 
45.45 9.327830552 0.1615127244 
45.5 9.335847479 0.159180809 
45.55 9.343748753 0.1568976268 
45.6 9.35153736 0.154685058 
45.65 9.359217376 0.152564838 
45.7 9.366793959 0.1505584869 
45.75 9.374273337 0.1486872512 
45.8 9.381662795 0.1469720572 
45.85 9.388970652 0.145433476 
45.9 9.396206249 0.1440916997 
45.95 9.403379927 0.1429665271 
46 9.410503006 0.1420773589 
46.05 9.417587766 0.141443201 
46.1 9.424647429 0.141082675 
46.15 9.431696137 0.1410140342 
46.2 9.438748937 0.141255184 
46.25 9.445821761 0.1418237062 
46.3 9.452931416 0.142736884 
46.35 9.460095561 0.1440117286 
46.4 9.467332703 0.145665004 
46.45 9.47466218 0.1477132493 
46.5 9.482104152 0.150172798 
46.55 9.489679589 0.153059791 
46.6 9.497410266 0.1563901838 
46.65 9.505318749 0.1601797455 
46.7 9.513428388 0.1644440479 
46.75 9.521763308 0.1691984453 
46.8 9.530348394 0.1744580412 
46.85 9.539209281 0.1802376432 
46.9 9.548372334 0.186551703 
46.95 9.557864634 0.1934142421 
47 9.567713947 0.2008387609 
47.05 9.577948704 0.2088381321 
47.1 9.58859796 0.2174244763 
47.15 9.599691356 0.2266090196 
47.2 9.61125907 0.2364019337 
47.25 9.62333176 0.2468121579 
47.3 9.635940497 0.2578472034 
47.35 9.64911669 0.2695129397 
47.4 9.662891998 0.2818133653 
47.45 9.677298229 0.2947503632 
47.5 9.692367231 0.3083234416 
47.55 9.708130762 0.3225294651 
47.6 9.724620354 0.3373623753 
47.65 9.741867163 0.3528129071 
47.7 9.759901792 0.3688683023 
47.75 9.778754121 0.3855120263 
47.8 9.798453102 0.4027234925 
47.85 9.819026553 0.4204778002 
47.9 9.840500938 0.4387454922 
47.95 9.862901129 0.45749234 
48 9.886250166 0.4766791628 
48.05 9.910569006 0.4962616899 
48.1 9.935876261 0.5161904744 
48.15 9.962187941 0.5364108664 
48.2 9.989517197 0.5568630548 
48.25 10.01787406 0.5774821865 
48.3 10.04726519 0.5981985699 
48.35 10.07769365 0.6189379703 
48.4 10.10915868 0.6396220025 
48.45 10.14165552 0.6601686247 
48.5 10.17517518 0.6804927358 
48.55 10.2097044 0.7005068747 
48.6 10.24522545 0.7201220202 
48.65 10.28171617 0.7392484823 
48.7 10.31914986 0.7577968782 
48.75 10.35749541 0.775679178 
48.8 10.39671733 0.7928098041 
48.85 10.43677596 0.8091067656 
48.9 10.4776276 0.8244928046 
48.95 10.51922485 0.8388965306 
49 10.5615169 0.8522535163 
49.05 10.60444989 0.8645073286 
49.1 10.64796737 0.8756104684 
49.15 10.69201073 0.8855251937 
49.2 10.73651974 0.8942242024 
49.25 10.78143307 0.9016911559 
49.3 10.82668884 0.907921027 
49.35 10.87222523 0.9129202608 
49.4 10.91798099 0.9167067426 
49.45 10.96389609 0.9193095729 
49.5 11.00991221 0.9207686527 
49.55 11.05597328 0.9211340911 
49.6 11.102026 0.9204654483 
49.65 11.14802026 0.9188308331 
49.7 11.19390957 0.9163058771 
49.75 11.23965137 0.9129726092 
49.8 11.28520738 0.9089182556 
49.85 11.33054378 0.9042339913 
49.9 11.37563137 0.8990136666 
49.95 11.42044574 0.893352534 
50 11.46496722 0.8873459948 
