0.05 0.05 0.975 
0.1 0.09875 0.9481260415 
0.15 0.1461563021 0.9194934113 
0.2 0.1921309726 0.889224251 
0.25 0.2365921852 0.8574460903 
0.3 0.2794644897 0.8242903824 
0.35 0.3206790088 0.7898910751 
0.4 0.3601735626 0.7543832469 
0.45 0.3978927249 0.7179018325 
0.5 0.4337878166 0.6805804592 
0.55 0.4678168395 0.6425504077 
0.6 0.4999443599 0.603939709 
0.65 0.5301413453 0.5648723808 
0.7 0.5583849644 0.5254678068 
0.75 0.5846583547 0.4858402537 
0.8 0.6089503674 0.4460985215 
0.85 0.6312552935 0.4063457177 
0.9 0.6515725794 0.3666791445 
0.95 0.6699065366 0.3271902878 
1 0.686266051 0.2879648943 
1.05 0.7006642957 0.2490831241 
1.1 0.7131184519 0.2106197646 
1.15 0.7236494401 0.1726444949 
1.2 0.7322816649 0.1352221853 
1.25 0.7390427742 0.09841322384 
1.3 0.7439634353 0.06227385717 
1.35 0.7470771282 0.02685653673 
1.4 0.748419955 -0.007789737623 
1.45 0.7480304682 -0.0416190846 
1.5 0.7459495139 -0.0745884252 
1.55 0.7422200927 -0.1066571886 
1.6 0.7368872332 -0.1377870448 
1.65 0.729997881 -0.1679416671 
1.7 0.7216007976 -0.1970865282 
1.75 0.7117464712 -0.2251887307 
1.8 0.7004870347 -0.2522168742 
1.85 0.687876191 -0.2781409581 
1.9 0.6739691431 -0.3029323226 
1.95 0.658822527 -0.3265636239 
2 0.6424943458 -0.3490088449 
2.05 0.6250439035 -0.3702433381 
2.1 0.6065317366 -0.3902438984 
2.15 0.5870195417 -0.4089888642 
2.2 0.5665700985 -0.4264582412 
2.25 0.5452471864 -0.4426338473 
2.3 0.5231154941 -0.4574994737 
2.35 0.5002405204 -0.4710410572 
2.4 0.4766884675 -0.4832468608 
2.45 0.4525261245 -0.4941076561 
2.5 0.4278207417 -0.503616904 
2.55 0.4026398965 -0.5117709285 
2.6 0.37705135 -0.5185690797 
2.65 0.3511228961 -0.5240138804 
2.7 0.324922202 -0.5281111539 
2.75 0.2985166443 -0.530870128 
2.8 0.2719731379 -0.5323035137 
2.85 0.2453579623 -0.5324275543 
2.9 0.2187365845 -0.5312620446 
2.95 0.1921734823 -0.5288303177 
3 0.1657319664 -0.5251592006 
3.05 0.1394740064 -0.5202789362 
3.1 0.1134600596 -0.5142230752 
3.15 0.08774890583 -0.5070283375 
3.2 0.06239748896 -0.4987344461 
3.25 0.03746076665 -0.4893839352 
3.3 0.01299156989 -0.4790219371 
3.35 -0.01095952697 -0.4676959489 
3.4 -0.03434432441 -0.4554555848 
3.45 -0.05711710365 -0.4423523166 
3.5 -0.07923471948 -0.428439206 
3.55 -0.1006566798 -0.413770634 
3.6 -0.1213452115 -0.3984020284 
3.65 -0.1412653129 -0.3823895959 
3.7 -0.1603847927 -0.3657900592 
3.75 -0.1786742957 -0.3486604041 
3.8 -0.1961073159 -0.3310576375 
3.85 -0.2126601977 -0.3130385593 
3.9 -0.2283121257 -0.2946595495 
3.95 -0.2430451032 -0.2759763721 
4 -0.2568439218 -0.2570439956 
4.05 -0.2696961216 -0.237916432 
4.1 -0.2815919432 -0.2186465935 
4.15 -0.2925242728 -0.1992861665 
4.2 -0.3024885812 -0.1798855033 
4.25 -0.3114828563 -0.1604935296 
4.3 -0.3195075328 -0.1411576677 
4.35 -0.3265654162 -0.1219237732 
4.4 -0.3326616049 -0.1028360858 
4.45 -0.3378034091 -0.08393719022 
4.5 -0.3420002687 -0.06526798831 
4.55 -0.3452636681 -0.04686767929 
4.6 -0.347607052 -0.02877374745 
4.65 -0.3490457394 -0.01102195588 
4.7 -0.3495968372 0.006353655276 
4.75 -0.3492791544 0.02332076687 
4.8 -0.3481131161 0.03984877648 
4.85 -0.3461206773 0.05590879261 
4.9 -0.3433252376 0.07147362812 
4.95 -0.3397515562 0.08651779372 
5 -0.3354256665 0.1010174919 
5.05 -0.3303747919 0.1149506118 
5.1 -0.3246272614 0.1282967252 
5.15 -0.3182124251 0.141037084 
5.2 -0.3111605709 0.1531546184 
5.25 -0.30350284 0.164633937 
5.3 -0.2952711431 0.1754613274 
5.35 -0.2864980768 0.1856247577 
5.4 -0.2772168389 0.1951138779 
5.45 -0.267461145 0.2039200214 
5.5 -0.2572651439 0.2120362061 
5.55 -0.2466633336 0.2194571338 
5.6 -0.2356904769 0.226179188 
5.65 -0.2243815175 0.2322004297 
5.7 -0.212771496 0.2375205903 
5.75 -0.2008954665 0.2421410608 
5.8 -0.1887884135 0.2460648776 
5.85 -0.1764851696 0.2492967044 
5.9 -0.1640203344 0.2518428083 
5.95 -0.151428194 0.2537110327 
6 -0.1387426423 0.2549107637 
6.05 -0.1259971041 0.2554528921 
6.1 -0.1132244595 0.2553497696 
6.15 -0.1004569711 0.2546151601 
6.2 -0.08772621305 0.2532641858 
6.25 -0.07506300376 0.2513132679 
6.3 -0.06249734036 0.2487800629 
6.35 -0.05005833722 0.2456833945 
6.4 -0.0377741675 0.2420431813 
6.45 -0.02567200843 0.237880361 
6.5 -0.01377799038 0.2332168114 
6.55 -0.002117149809 0.2280752689 
6.6 0.009286613634 0.2224792445 
6.65 0.02041057586 0.2164529394 
6.7 0.03123322283 0.210021158 
6.75 0.04173428073 0.2032092218 
6.8 0.05189474182 0.1960428829 
6.85 0.06169688597 0.1885482382 
6.9 0.07112429788 0.1807516447 
6.95 0.08016188011 0.1726796362 
7 0.08879586192 0.1643588425 
7.05 0.09701380405 0.1558159105 
7.1 0.1048045996 0.1470774278 
7.15 0.112158471 0.13816985 
7.2 0.1190669635 0.1291194303 
7.25 0.125522935 0.1199521531 
7.3 0.1315205426 0.1106936707 
7.35 0.1370552262 0.1013692437 
7.4 0.1421236884 0.09200368505 
7.45 0.1467238726 0.08262130749 
7.5 0.150854938 0.07324587499 
7.55 0.1545172317 0.06390055733 
7.6 0.1577122596 0.05460788836 
7.65 0.160442654 0.04538972756 
7.7 0.1627121404 0.03626722481 
7.75 0.1645255016 0.02726078837 
7.8 0.1658885411 0.01839005573 
7.85 0.1668080438 0.009673867378 
7.9 0.1672917372 0.001130243235 
7.95 0.1673482494 -0.007223638312 
8 0.1669870675 -0.01537145897 
8.05 0.1662184945 -0.02329777676 
8.1 0.1650536057 -0.03098804004 
8.15 0.1635042037 -0.03842859946 
8.2 0.1615827737 -0.04560671781 
8.25 0.1593024378 -0.05251057806 
8.3 0.1566769089 -0.05912928938 
8.35 0.1537204444 -0.06545289148 
8.4 0.1504477999 -0.07147235708 
8.45 0.146874182 -0.0771795926 
8.5 0.1430152024 -0.08256743724 
8.55 0.1388868305 -0.08762966018 
8.6 0.1345053475 -0.09236095618 
8.65 0.1298872997 -0.09675693941 
8.7 0.1250494527 -0.1008141356 
8.75 0.1200087459 -0.1045299722 
8.8 0.1147822473 -0.1079027674 
8.85 0.109387109 -0.1109317168 
8.9 0.1038405231 -0.1136168785 
8.95 0.0981596792 -0.1159591569 
9 0.09236172136 -0.1179602841 
9.05 0.08646370715 -0.1196228 
9.1 0.08048256715 -0.1209500307 
9.15 0.07443506562 -0.1219460653 
9.2 0.06833776235 -0.1226157311 
9.25 0.0622069758 -0.1229645671 
9.3 0.05605874744 -0.1229987961 
9.35 0.04990880764 -0.1227252957 
9.4 0.04377254286 -0.1221515678 
9.45 0.03766496447 -0.1212857069 
9.5 0.03160067912 -0.1201363672 
9.55 0.02559386076 -0.118712729 
9.6 0.0196582243 -0.1170244642 
9.65 0.0138070011 -0.1150817005 
9.7 0.008052916074 -0.1128949861 
9.75 0.002408166771 -0.1104752529 
9.8 -0.003115595873 -0.1078337798 
9.85 -0.008507284861 -0.1049821557 
9.9 -0.01375639265 -0.1019322427 
9.95 -0.01885300478 -0.09869613872 
10 -0.02378781172 -0.09528614086 
10.05 -0.02855211876 -0.09171470892 
10.1 -0.03313785421 -0.08799442922 
10.15 -0.03753757567 -0.084137979 
10.2 -0.04174447462 -0.08015809149 
10.25 -0.04575237919 -0.07606752162 
10.3 -0.04955575528 -0.07187901264 
10.35 -0.05314970591 -0.06760526358 
10.4 -0.05652996909 -0.0632588977 
10.45 -0.05969291397 -0.05885243198 
10.5 -0.06263553557 -0.05439824767 
10.55 -0.06535544795 -0.04990856207 
10.6 -0.06785087606 -0.04539540141 
10.65 -0.07012064613 -0.04087057504 
10.7 -0.07216417488 -0.03634565079 
10.75 -0.07398145742 -0.03183193169 
10.8 -0.075573054 -0.02734043393 
10.85 -0.0769400757 -0.02288186618 
10.9 -0.07808416901 -0.01846661018 
10.95 -0.07900749952 -0.01410470269 
11 -0.07971273465 -0.009805818688 
11.05 -0.08020302559 -0.005579256017 
11.1 -0.08048198839 -0.001433921188 
11.15 -0.08055368445 0.002621683418 
11.2 -0.08042260028 0.006579471097 
11.25 -0.08009362672 0.01043178109 
11.3 -0.07957203767 0.01417138761 
11.35 -0.07886346829 0.01779150758 
11.4 -0.07797389291 0.02128580718 
11.45 -0.07690960255 0.02464840721 
11.5 -0.07567718219 0.02787388722 
11.55 -0.07428348783 0.03095728847 
11.6 -0.0727356234 0.03389411577 
11.65 -0.07104091761 0.03668033818 
11.7 -0.06920690071 0.03931238861 
11.75 -0.06724128127 0.04178716231 
11.8 -0.06515192316 0.04410201436 
11.85 -0.06294682244 0.04625475602 
11.9 -0.06063408464 0.0482436502 
11.95 -0.05822190213 0.05006740585 
12 -0.05571853184 0.05172517142 
12.05 -0.05313227327 0.05321652744 
12.1 -0.0504714469 0.05454147814 
12.15 -0.04774437299 0.05570044226 
12.2 -0.04495935088 0.056694243 
12.25 -0.04212463873 0.05752409722 
12.3 -0.03924843386 0.05819160387 
12.35 -0.03633885367 0.05869873167 
12.4 -0.03340391709 0.05904780621 
12.45 -0.03045152678 0.05924149632 
12.5 -0.02748945196 0.05928279995 
12.55 -0.02452531196 0.05917502945 
12.6 -0.02156656049 0.05892179638 
12.65 -0.01862047067 0.05852699591 
12.7 -0.01569412088 0.05799479074 
12.75 -0.01279438134 0.05732959481 
12.8 -0.009927901599 0.05653605655 
12.85 -0.007101098772 0.05561904206 
12.9 -0.004320146669 0.05458361796 
12.95 -0.00159096577 0.05343503418 
13 0.001080785938 0.05217870658 
13.05 0.003689721267 0.05082019963 
13.1 0.006230731249 0.04936520899 
13.15 0.008698991698 0.04781954422 
13.2 0.01108996891 0.04618911151 
13.25 0.01339942448 0.04447989665 
13.3 0.01562341932 0.04269794805 
13.35 0.01775831672 0.04084936017 
13.4 0.01980078473 0.03894025699 
13.45 0.02174779758 0.03697677603 
13.5 0.02359663638 0.03496505246 
13.55 0.025344889 0.03291120382 
13.6 0.02699044919 0.03082131494 
13.65 0.02853151494 0.02870142345 
13.7 0.02996658611 0.02655750566 
13.75 0.0312944614 0.02439546295 
13.8 0.03251423454 0.02222110869 
13.85 0.03362528998 0.02004015568 
13.9 0.03462729776 0.01785820409 
13.95 0.03552020797 0.01568073008 
14 0.03630424447 0.01351307487 
14.05 0.03697989821 0.01136043449 
14.1 0.03754791994 0.009227850107 
14.15 0.03800931244 0.007120198966 
14.2 0.03836532239 0.00504218594 
14.25 0.03861743169 0.002998335719 
14.3 0.03876734847 0.0009929856257 
14.35 0.03881699776 -0.0009697209441 
14.4 0.03876851171 -0.002885840446 
14.45 0.03862421969 -0.004751634482 
14.5 0.03838663796 -0.006563574467 
14.55 0.03805845924 -0.008318345671 
14.6 0.03764254196 -0.01001285064 
14.65 0.03714189942 -0.01164421202 
14.7 0.03655968882 -0.01320977474 
14.75 0.03589920009 -0.01470710762 
14.8 0.0351638447 -0.01613400442 
14.85 0.03435714448 -0.01748848423 
14.9 0.03348272027 -0.01876879141 
14.95 0.0325442807 -0.01997339484 
15 0.03154561096 -0.02110098678 
15.05 0.03049056162 -0.02215048108 
15.1 0.02938303757 -0.02312101092 
15.15 0.02822698702 -0.02401192613 
15.2 0.02702639071 -0.02482278992 
15.25 0.02578525122 -0.02555337521 
15.3 0.02450758246 -0.02620366053 
15.35 0.02319739943 -0.02677382548 
15.4 0.02185870816 -0.02726424579 
15.45 0.02049549587 -0.02767548802 
15.5 0.01911172147 -0.02800830387 
15.55 0.01771130627 -0.02826362417 
15.6 0.01629812506 -0.02844255258 
15.65 0.01487599743 -0.02854635895 
15.7 0.01344867949 -0.02857647241 
15.75 0.01201985587 -0.0285344743 
15.8 0.01059313215 -0.02842209077 
15.85 0.009172027613 -0.0282411852 
15.9 0.007759968353 -0.02799375052 
15.95 0.006360280827 -0.02768190128 
16 0.004976185763 -0.02730786565 
16.05 0.003610792481 -0.02687397727 
16.1 0.002267093617 -0.02638266707 
16.15 0.0009479602638 -0.02583645498 
16.2 -0.000343862485 -0.02523794161 
16.25 -0.001605759565 -0.02458979994 
16.3 -0.002835249562 -0.023894767 
16.35 -0.004029987912 -0.02315563554 
16.4 -0.005187769689 -0.0223752458 
16.45 -0.006306531979 -0.02155647733 
16.5 -0.007384355846 -0.02070224089 
16.55 -0.00841946789 -0.01981547043 
16.6 -0.009410241412 -0.01889911525 
16.65 -0.01035519717 -0.01795613224 
16.7 -0.01125300379 -0.01698947833 
16.75 -0.0121024777 -0.01600210306 
16.8 -0.01290258286 -0.01499694137 
16.85 -0.01365242992 -0.01397690659 
16.9 -0.01435127525 -0.01294488364 
16.95 -0.01499851944 -0.01190372241 
17 -0.01559370556 -0.0108562315 
17.05 -0.01613651713 -0.00980517203 
17.1 -0.01662677573 -0.008753251887 
17.15 -0.01706443833 -0.007703120106 
17.2 -0.01744959433 -0.006657361596 
17.25 -0.01778246241 -0.005618492115 
17.3 -0.01806338702 -0.00458895355 
17.35 -0.0182928347 -0.003571109475 
17.4 -0.01847139017 -0.002567241013 
17.45 -0.01859975222 -0.001579542997 
17.5 -0.01867872937 -0.0006101204323 
17.55 -0.01870923539 0.0003390147404 
17.6 -0.01869228465 0.001265946568 
17.65 -0.01862898733 0.002168857712 
17.7 -0.01852054444 0.003046031761 
17.75 -0.01836824285 0.003895855251 
17.8 -0.01817345009 0.004716819369 
17.85 -0.01793760912 0.005507521371 
17.9 -0.01766223305 0.006266665697 
17.95 -0.01734889977 0.006993064793 
18 -0.01699924653 0.007685639648 
18.05 -0.01661496455 0.008343420047 
18.1 -0.01619779354 0.008965544552 
18.15 -0.01574951632 0.009551260201 
18.2 -0.01527195331 0.01009992196 
18.25 -0.01476695721 0.01061099189 
18.3 -0.01423640761 0.01108403812 
18.35 -0.01368220571 0.0115187335 
18.4 -0.01310626903 0.01191485411 
18.45 -0.01251052633 0.01227227744 
18.5 -0.01189691245 0.01259098051 
18.55 -0.01126736343 0.01287103759 
18.6 -0.01062381155 0.0131126179 
18.65 -0.009968180655 0.01331598304 
18.7 -0.009302381503 0.01348148424 
18.75 -0.008628307291 0.0136095595 
18.8 -0.007947829317 0.01370073052 
18.85 -0.00726279279 0.01375559954 
18.9 -0.006575012813 0.013774846 
18.95 -0.005886270513 0.01375922312 
19 -0.005198309357 0.01370955437 
19.05 -0.004512831638 0.01362672981 
19.1 -0.003831495148 0.01351170238 
19.15 -0.003155910029 0.01336548411 
19.2 -0.002487635824 0.01318914225 
19.25 -0.001828178711 0.01298379535 
19.3 -0.001178988944 0.01275060935 
19.35 -0.000541458476 0.01249079355 
19.4 8.30812016e-05 0.01220559664 
19.45 0.0006933610334 0.01189630266 
19.5 0.001288176166 0.01156422705 
19.55 0.001866387519 0.01121071258 
19.6 0.002426923148 0.01083712544 
19.65 0.00296877942 0.01044485127 
19.7 0.003491021983 0.01003529123 
19.75 0.003992786545 0.009609858208 
19.8 0.004473279455 0.009169972956 
19.85 0.004931778103 0.008717060405 
19.9 0.005367631123 0.00825254599 
19.95 0.005780258423 0.007777852072 
20 0.006169151026 0.007294394459 
20.05 0.006533870749 0.006803579003 
20.1 0.006874049699 0.006306798315 
20.15 0.007189389615 0.005805428579 
20.2 0.007479661044 0.00530082648 
20.25 0.007744702368 0.004794326253 
20.3 0.007984418681 0.004287236849 
20.35 0.008198780523 0.003780839236 
20.4 0.008387822485 0.003276383821 
20.45 0.008551641676 0.002775088019 
20.5 0.008690396077 0.002278133947 
20.55 0.008804302774 0.001786666263 
20.6 0.008893636088 0.001301790155 
20.65 0.008958725595 0.0008245694592 
20.7 0.008999954068 0.0003560249347 
20.75 0.009017755315 -0.0001028673172 
20.8 0.009012611949 -0.000551177289 
20.85 0.008985053085 -0.0009880223537 
20.9 0.008935651967 -0.001412568404 
20.95 0.008865023547 -0.001824030847 
21 0.008773822004 -0.002221675447 
21.05 0.008662738232 -0.002604819033 
21.1 0.00853249728 -0.002972830052 
21.15 0.008383855778 -0.003325128988 
21.2 0.008217599328 -0.003661188641 
21.25 0.008034539896 -0.003980534267 
21.3 0.007835513183 -0.004282743583 
21.35 0.007621376004 -0.004567446644 
21.4 0.007393003672 -0.004834325589 
21.45 0.007151287392 -0.005083114265 
21.5 0.006897131679 -0.005313597731 
21.55 0.006631451792 -0.005525611637 
21.6 0.006355171211 -0.005719041506 
21.65 0.006069219135 -0.00589382189 
21.7 0.005774528041 -0.006049935436 
21.75 0.005472031269 -0.006187411848 
21.8 0.005162660677 -0.00630632675 
21.85 0.004847344339 -0.006406800468 
21.9 0.004527004316 -0.006488996724 
21.95 0.00420255448 -0.006553121249 
22 0.003874898417 -0.006599420323 
22.05 0.003544927401 -0.006628179251 
22.1 0.003213518438 -0.006639720768 
22.15 0.0028815324 -0.006634403395 
22.2 0.00254981223 -0.00661261973 
22.25 0.002219181244 -0.00657479471 
22.3 0.001890441508 -0.006521383814 
22.35 0.001564372318 -0.006452871238 
22.4 0.001241728756 -0.006369768041 
22.45 0.0009232403536 -0.006272610261 
22.5 0.0006096098406 -0.006161957016 
22.55 0.0003015119898 -0.006038388581 
22.6 -4.074392707e-07 -0.005902504465 
22.65 -0.0002955326625 -0.005754921482 
22.7 -0.0005832787366 -0.005596271812 
22.75 -0.0008630923272 -0.005427201081 
22.8 -0.001134452381 -0.005248366443 
22.85 -0.001396870703 -0.005060434675 
22.9 -0.001649892437 -0.004864080296 
22.95 -0.001893096452 -0.004659983704 
23 -0.002126095637 -0.004448829346 
23.05 -0.002348537105 -0.00423130391 
23.1 -0.0025601023 -0.004008094565 
23.15 -0.002760507028 -0.003779887226 
23.2 -0.00294950139 -0.003547364869 
23.25 -0.003126869633 -0.003311205892 
23.3 -0.003292429928 -0.003072082517 
23.35 -0.003446034053 -0.002830659256 
23.4 -0.003587567016 -0.002587591413 
23.45 -0.003716946587 -0.002343523661 
23.5 -0.00383412277 -0.002099088668 
23.55 -0.003939077203 -0.001854905783 
23.6 -0.004031822493 -0.001611579787 
23.65 -0.004112401482 -0.001369699714 
23.7 -0.004180886468 -0.001129837727 
23.75 -0.004237378354 -0.0008925480693 
23.8 -0.004282005757 -0.0006583660839 
23.85 -0.004314924062 -0.0004278072982 
23.9 -0.004336314426 -0.0002013665821 
23.95 -0.004346382756 2.048262426e-05 
24 -0.004345358624 0.0002372890122 
24.05 -0.004333494174 0.0004486240344 
24.1 -0.004311062972 0.000654082464 
24.15 -0.004278358849 0.0008532828834 
24.2 -0.004235694705 0.001045868101 
24.25 -0.0041834013 0.001231505501 
24.3 -0.004121826025 0.001409887318 
24.35 -0.004051331659 0.001580730853 
24.4 -0.003972295116 0.00174377861 
24.45 -0.003885106186 0.001898798378 
24.5 -0.003790166267 0.002045583239 
24.55 -0.003687887105 0.002183951518 
24.6 -0.003578689529 0.002313746667 
24.65 -0.003463002195 0.002434837095 
24.7 -0.003341260341 0.002547115932 
24.75 -0.003213904544 0.002650500739 
24.8 -0.003081379507 0.002744933171 
24.85 -0.002944132849 0.002830378574 
24.9 -0.00280261392 0.002906825539 
24.95 -0.002657272643 0.002974285413 
25 -0.002508558372 0.003032791754 
25.05 -0.002356918785 0.003082399747 
25.1 -0.002202798797 0.003123185583 
25.15 -0.002046639518 0.003155245795 
25.2 -0.001888877228 0.003178696554 
25.25 -0.001729942401 0.003193672946 
25.3 -0.001570258753 0.003200328199 
25.35 -0.001410242343 0.003198832899 
25.4 -0.001250300698 0.003189374171 
25.45 -0.00109083199 0.003172154835 
25.5 -0.0009322242481 0.003147392553 
25.55 -0.0007748546205 0.003115318945 
25.6 -0.0006190886733 0.003076178698 
25.65 -0.0004652797384 0.003030228662 
25.7 -0.0003137683052 0.002977736932 
25.75 -0.0001648814587 0.002918981924 
25.8 -1.893236248e-05 0.002854251448 
25.85 0.0001237802099 0.00278384178 
25.9 0.000262972299 0.002708056725 
25.95 0.0003983751352 0.002627206692 
26 0.0005297354698 0.002541607769 
26.05 0.0006568158583 0.002451580802 
26.1 0.0007793948984 0.002357450492 
26.15 0.000897267423 0.002259544488 
26.2 0.001010244647 0.002158192511 
26.25 0.001118154273 0.002053725475 
26.3 0.001220840547 0.001946474636 
26.35 0.001318164278 0.001836770758 
26.4 0.001410002816 0.001724943294 
26.45 0.001496249981 0.001611319594 
26.5 0.001576815961 0.001496224133 
26.55 0.001651627167 0.001379977764 
26.6 0.001720626056 0.001262896999 
26.65 0.001783770906 0.001145293314 
26.7 0.001841035571 0.001027472483 
26.75 0.001892409195 0.0009097339446 
26.8 0.001937895893 0.0007923701927 
26.85 0.001977514402 0.0006756662039 
26.9 0.002011297713 0.0005598988932 
26.95 0.002039292657 0.000445336603 
27 0.002061559487 0.0003322386257 
27.05 0.002078171419 0.0002208547587 
27.1 0.002089214157 0.0001114248936 
27.15 0.002094785401 4.178639456e-06 
27.2 0.002094994333 -0.00010066502 
27.25 0.002089961082 -0.0002028980345 
27.3 0.00207981618 -0.0003023235617 
27.35 0.002064700002 -0.0003987562067 
27.4 0.002044762192 -0.0004920222283 
27.45 0.002020161081 -0.000581959711 
27.5 0.001991063095 -0.0006684187035 
27.55 0.00195764216 -0.0007512613249 
27.6 0.001920079094 -0.0008303618373 
27.65 0.001878561002 -0.000905606687 
27.7 0.001833280667 -0.0009768945147 
27.75 0.001784435942 -0.001044136134 
27.8 0.001732229135 -0.00110725448 
27.85 0.001676866411 -0.001166184532 
27.9 0.001618557184 -0.0012208732 
27.95 0.001557513524 -0.001271279194 
28 0.001493949565 -0.001317372858 
28.05 0.001428080922 -0.001359135987 
28.1 0.001360124122 -0.00139656161 
28.15 0.001290296042 -0.001429653754 
28.2 0.001218813354 -0.001458427195 
28.25 0.001145891995 -0.001482907168 
28.3 0.001071746636 -0.001503129076 
28.35 0.0009965901824 -0.00151913817 
28.4 0.0009206332739 -0.001530989217 
28.45 0.000844083813 -0.001538746144 
28.5 0.0007671465059 -0.001542481676 
28.55 0.0006900224221 -0.001542276955 
28.6 0.0006129085743 -0.00153822115 
28.65 0.0005359975168 -0.001530411048 
28.7 0.0004594769644 -0.001518950646 
28.75 0.0003835294321 -0.001503950727 
28.8 0.0003083318957 -0.00148552843 
28.85 0.0002340554742 -0.001463806814 
28.9 0.0001608651335 -0.001438914417 
28.95 8.891941263e-05 -0.001410984814 
29 1.837017195e-05 -0.001380156164 
29.05 -5.063763625e-05 -0.001346570768 
29.1 -0.0001179661747 -0.001310374617 
29.15 -0.0001834849055 -0.001271716943 
29.2 -0.0002470707527 -0.001230749774 
29.25 -0.0003086082414 -0.001187627493 
29.3 -0.0003679896161 -0.001142506393 
29.35 -0.0004251149357 -0.001095544253 
29.4 -0.0004798921484 -0.001046899901 
29.45 -0.0005322371434 -0.0009967327967 
29.5 -0.0005820737833 -0.0009452026209 
29.55 -0.0006293339143 -0.0008924688678 
29.6 -0.0006739573577 -0.0008386904525 
29.65 -0.0007158918803 -0.0007840253259 
29.7 -0.0007550931466 -0.0007286301018 
29.75 -0.0007915246517 -0.0006726596955 
29.8 -0.0008251576365 -0.0006162669746 
29.85 -0.0008559709852 -0.0005596024231 
29.9 -0.0008839511064 -0.0005028138185 
29.95 -0.0009090917973 -0.0004460459235 
30 -0.0009313940935 -0.0003894401918 
30.05 -0.0009508661031 -0.0003331344891 
30.1 -0.0009675228275 -0.0002772628288 
30.15 -0.000981385969 -0.0002219551243 
30.2 -0.0009924837252 -0.0001673369556 
30.25 -0.001000850573 -0.0001135293536 
30.3 -0.001006527041 -6.064859949e-05 
30.35 -0.001009559471 -8.806040965e-06 
30.4 -0.001009999773 4.189207501e-05 
30.45 -0.001007905169 9.134475319e-05 
30.5 -0.001003337931 0.0001394563843 
30.55 -0.000996365112 0.0001861368628 
30.6 -0.0009870582689 0.0002313016886 
30.65 -0.0009754931845 0.0002748720518 
30.7 -0.0009617495819 0.000316774902 
30.75 -0.0009459108368 0.0003569430011 
30.8 -0.0009280636867 0.0003953149609 
30.85 -0.0009082979387 0.0004318352645 
30.9 -0.0008867061754 0.0004664542736 
30.95 -0.0008633834618 0.0004991282197 
31 -0.0008384270508 0.000529819182 
31.05 -0.0008119360917 0.00055849505 
31.1 -0.0007840113392 0.0005851294739 
31.15 -0.0007547548655 0.0006097018 
31.2 -0.0007242697755 0.0006321969947 
31.25 -0.0006926599257 0.0006526055554 
31.3 -0.000660029648 0.0006709234101 
31.35 -0.0006264834775 0.0006871518048 
31.4 -0.0005921258872 0.0007012971815 
31.45 -0.0005570610281 0.0007133710446 
31.5 -0.0005213924759 0.0007233898185 
31.55 -0.000485222985 0.0007313746956 
31.6 -0.0004486542502 0.0007373514765 
31.65 -0.0004117866764 0.0007413504014 
31.7 -0.0003747191563 0.0007434059746 
31.75 -0.0003375488576 0.0007435567826 
31.8 -0.0003003710185 0.0007418453056 
31.85 -0.0002632787532 0.0007383177236 
31.9 -0.000226362867 0.0007330237181 
31.95 -0.0001897116811 0.0007260162684 
32 -0.0001534108677 0.0007173514457 
32.05 -0.0001175432954 0.0007070882029 
32.1 -8.218888525e-05 0.0006952881625 
32.15 -4.742447712e-05 0.0006820154027 
32.2 -1.332370698e-05 0.0006673362415 
32.25 2.00431051e-05 0.0006513190208 
32.3 5.260905614e-05 0.0006340338901 
32.35 8.431075064e-05 0.00061555259 
32.4 0.0001150883801 0.0005959482377 
32.45 0.000144885792 0.0005752951128 
32.5 0.0001736505477 0.0005536684454 
32.55 0.0002013339699 0.0005311442069 
32.6 0.0002278911803 0.0005077989033 
32.65 0.0002532811254 0.0004837093718 
32.7 0.000277466594 0.0004589525814 
32.75 0.0003004142231 0.0004336054373 
32.8 0.000322094495 0.0004077445905 
32.85 0.0003424817245 0.0003814462512 
32.9 0.0003615540371 0.0003547860091 
32.95 0.0003792933375 0.0003278386574 
33 0.0003956852704 0.0003006780245 
33.05 0.0004107191716 0.0002733768109 
33.1 0.0004243880122 0.0002460064326 
33.15 0.0004366883338 0.0002186368718 
33.2 0.0004476201774 0.0001913365341 
33.25 0.0004571870041 0.0001641721126 
33.3 0.0004653956097 0.0001372084604 
33.35 0.0004722560327 0.0001105084692 
33.4 0.0004777814562 8.413295671e-05 
33.45 0.000481988104 5.81405609e-05 
33.5 0.0004848951321 3.258764261e-05 
33.55 0.0004865245142 7.528195888e-06 
33.6 0.000486900924 -1.698623376e-05 
33.65 0.0004860516123 -4.090662315e-05 
33.7 0.0004840062811 -6.418653723e-05 
33.75 0.0004807969543 -8.678218691e-05 
33.8 0.0004764578449 -0.000108652479 
33.85 0.000471025221 -0.0001297590584 
33.9 0.0004645372681 -0.0001500663421 
33.95 0.000457033951 -0.0001695415461 
34 0.0004485568737 -0.0001881547042 
34.05 0.0004391491384 -0.0002058786796 
34.1 0.0004288552045 -0.0002226891688 
34.15 0.000417720746 -0.0002385646991 
34.2 0.0004057925111 -0.0002534866183 
34.25 0.0003931181802 -0.0002674390779 
34.3 0.0003797462263 -0.0002804090094 
34.35 0.0003657257758 -0.0002923860951 
34.4 0.000351106471 -0.0003033627311 
34.45 0.0003359383345 -0.000313333986 
34.5 0.0003202716352 -0.0003222975527 
34.55 0.0003041567575 -0.0003302536954 
34.6 0.0002876440728 -0.0003372051907 
34.65 0.0002707838132 -0.0003431572643 
34.7 0.00025362595 -0.0003481175232 
34.75 0.0002362200739 -0.0003520958825 
34.8 0.0002186152797 -0.000355104489 
34.85 0.0002008600553 -0.0003571576407 
34.9 0.0001830021733 -0.0003582717024 
34.95 0.0001650885881 -0.0003584650184 
35 0.0001471653372 -0.0003577578223 
35.05 0.0001292774461 -0.0003561721436 
35.1 0.0001114688389 -0.0003537317123 
35.15 9.37822533e-05 -0.0003504618614 
35.2 7.625916022e-05 -0.0003463894276 
35.25 5.893968885e-05 -0.0003415426499 
35.3 4.186255635e-05 -0.0003359510681 
35.35 2.506500295e-05 -0.0003296454192 
35.4 8.582731989e-06 -0.0003226575339 
35.45 -7.550144704e-06 -0.0003150202321 
35.5 -2.330115631e-05 -0.0003067672191 
35.55 -3.863951726e-05 -0.0002979329808 
35.6 -5.35361663e-05 -0.0002885526804 
35.65 -6.796380032e-05 -0.0002786620551 
35.7 -8.189690308e-05 -0.0002682973137 
35.75 -9.531176876e-05 -0.0002574950357 
35.8 -0.0001081865205 -0.0002462920714 
35.85 -0.0001205011241 -0.0002347254436 
35.9 -0.0001322373963 -0.0002228322513 
35.95 -0.0001433790089 -0.0002106495752 
36 -0.0001539114876 -0.0001982143854 
36.05 -0.0001638222069 -0.0001855634514 
36.1 -0.0001731003795 -0.0001727332548 
36.15 -0.0001817370422 -0.0001597599045 
36.2 -0.0001897250374 -0.0001466790549 
36.25 -0.0001970589902 -0.0001335258267 
36.3 -0.0002037352815 -0.0001203347316 
36.35 -0.0002097520181 -0.0001071395993 
36.4 -0.000215108998 -9.397350846e-05 
36.45 -0.0002198076735 -8.086872093e-05 
36.5 -0.0002238511095 -6.785661932e-05 
36.55 -0.0002272439405 -5.496764846e-05 
36.6 -0.0002299923229 -4.223126032e-05 
36.65 -0.0002321038859 -2.967586277e-05 
36.7 -0.0002335876791 -1.7328772e-05 
36.75 -0.0002344541177 -5.216168858e-06 
36.8 -0.0002347149261 6.636941139e-06 
36.85 -0.000234383079 1.820676381e-05 
36.9 -0.0002334727409 2.947074856e-05 
36.95 -0.0002319992034 4.040761678e-05 
37 -0.0002299788226 5.099738643e-05 
37.05 -0.0002274289533 6.122139279e-05 
37.1 -0.0002243678836 7.106230554e-05 
37.15 -0.0002208147683 8.050414199e-05 
37.2 -0.0002167895612 8.953227677e-05 
37.25 -0.0002123129474 9.813344783e-05 
37.3 -0.000207406275 0.0001062957589 
37.35 -0.0002020914871 0.0001140086786 
37.4 -0.0001963910531 0.0001212630359 
37.45 -0.0001903279013 0.0001280510126 
37.5 -0.0001839253507 0.0001343661323 
37.55 -0.0001772070441 0.0001402032465 
37.6 -0.0001701968818 0.0001455585175 
37.65 -0.0001629189559 0.0001504293986 
37.7 -0.000155397486 0.0001548146114 
37.75 -0.0001476567554 0.0001587141204 
37.8 -0.0001397210494 0.0001621291051 
37.85 -0.0001316145941 0.0001650619299 
37.9 -0.0001233614976 0.0001675161114 
37.95 -0.0001149856921 0.0001694962835 
38 -0.0001065108779 0.000171008161 
38.05 -9.796046983e-05 0.0001720585008 
38.1 -8.935754479e-05 0.0001726550618 
38.15 -8.07247917e-05 0.0001728065625 
38.2 -7.208446358e-05 0.000172522638 
38.25 -6.345833168e-05 0.0001718137952 
38.3 -5.486764192e-05 0.0001706913669 
38.35 -4.633307357e-05 0.0001691674648 
38.4 -3.787470033e-05 0.0001672549319 
38.45 -2.951195373e-05 0.0001649672936 
38.5 -2.126358905e-05 0.000162318709 
38.55 -1.31476536e-05 0.0001593239207 
38.6 -5.18145757e-06 0.0001559982054 
38.65 2.618452697e-06 0.0001523573231 
38.7 1.023631885e-05 0.0001484174674 
38.75 1.765719222e-05 0.0001441952148 
38.8 2.486695296e-05 0.0001397074748 
38.85 3.18523267e-05 0.0001349714403 
38.9 3.860089871e-05 0.0001300045379 
38.95 4.510112561e-05 0.0001248243795 
39 5.134234458e-05 0.0001194487138 
39.05 5.731478027e-05 0.0001138953787 
39.1 6.300954921e-05 0.0001081822552 
39.15 6.841866197e-05 0.0001023272214 
39.2 7.353502304e-05 9.634810775e-05 
39.25 7.835242843e-05 9.026265391e-05 
39.3 8.286556112e-05 8.408846614e-05 
39.35 8.706998443e-05 7.784297644e-05 
39.4 9.096213325e-05 7.154340281e-05 
39.45 9.453930339e-05 6.520671108e-05 
39.5 9.779963894e-05 5.884957814e-05 
39.55 0.0001007421179 5.248835675e-05 
39.6 0.0001033665357 4.613904195e-05 
39.65 0.0001056734878 3.981723912e-05 
39.7 0.0001076643497 3.353813377e-05 
39.75 0.0001093412564 2.731646295e-05 
39.8 0.0001107070796 2.116648856e-05 
39.85 0.000111765404 1.510197238e-05 
39.9 0.0001125205026 9.136152882e-06 
39.95 0.0001129773103 3.28172394e-06 
40 0.0001131413965 -2.44918466e-06 
40.05 0.0001130189372 -8.045024855e-06 
40.1 0.000112616686 -1.349484608e-05 
40.15 0.0001119419437 -1.878830922e-05 
40.2 0.0001110025282 -2.391569866e-05 
40.25 0.0001098067433 -2.886793259e-05 
40.3 0.0001083633467 -3.363657143e-05 
40.35 0.0001066815181 -3.821382447e-05 
40.4 0.0001047708269 -4.259255475e-05 
40.45 0.0001026411991 -4.676628222e-05 
40.5 0.000100302885 -5.072918511e-05 
40.55 9.776642576e-05 -5.447609972e-05 
40.6 9.504262078e-05 -5.800251851e-05 
40.65 9.214249485e-05 -6.130458658e-05 
40.7 8.907726552e-05 -6.437909665e-05 
40.75 8.585831069e-05 -6.722348251e-05 
40.8 8.249713657e-05 -6.983581097e-05 
40.85 7.900534602e-05 -7.221477252e-05 
40.9 7.539460739e-05 -7.435967051e-05 
40.95 7.167662387e-05 -7.627040911e-05 
41 6.786310341e-05 -7.794748007e-05 
41.05 6.396572941e-05 -7.939194824e-05 
41.1 5.999613199e-05 -8.0605436e-05 
41.15 5.596586019e-05 -8.15901067e-05 
41.2 5.188635486e-05 -8.234864704e-05 
41.25 4.776892251e-05 -8.28842486e-05 
41.3 4.362471008e-05 -8.320058851e-05 
41.35 3.946468065e-05 -8.33018093e-05 
41.4 3.529959019e-05 -8.31924981e-05 
41.45 3.113996528e-05 -8.287766516e-05 
41.5 2.699608202e-05 -8.236272179e-05 
41.55 2.287794593e-05 -8.165345785e-05 
41.6 1.879527304e-05 -8.07560187e-05 
41.65 1.475747211e-05 -7.967688189e-05 
41.7 1.077362801e-05 -7.842283344e-05 
41.75 6.85248634e-06 -7.700094401e-05 
41.8 3.002439139e-06 -7.541854472e-05 
41.85 -7.68488097e-07 -7.368320306e-05 
41.9 -4.45264825e-06 -7.180269858e-05 
41.95 -8.042783179e-06 -6.978499871e-05 
42 -1.153203311e-05 -6.763823458e-05 
42.05 -1.491394484e-05 -6.537067706e-05 
42.1 -1.81824787e-05 -6.299071289e-05 
42.15 -2.133201434e-05 -6.050682113e-05 
42.2 -2.43573554e-05 -5.792754989e-05 
42.25 -2.725373289e-05 -5.526149337e-05 
42.3 -3.001680756e-05 -5.251726939e-05 
42.35 -3.264267103e-05 -4.970349728e-05 
42.4 -3.512784589e-05 -4.68287763e-05 
42.45 -3.746928471e-05 -4.390166459e-05 
42.5 -3.966436794e-05 -4.093065874e-05 
42.55 -4.171090088e-05 -3.792417388e-05 
42.6 -4.360710957e-05 -3.489052449e-05 
42.65 -4.535163579e-05 -3.18379059e-05 
42.7 -4.694353109e-05 -2.877437646e-05 
42.75 -4.838224991e-05 -2.57078405e-05 
42.8 -4.966764194e-05 -2.264603199e-05 
42.85 -5.079994354e-05 -1.95964991e-05 
42.9 -5.177976849e-05 -1.656658944e-05 
42.95 -5.260809796e-05 -1.356343628e-05 
43 -5.328626978e-05 -1.059394548e-05 
43.05 -5.381596705e-05 -7.664783354e-06 
43.1 -5.419920622e-05 -4.782365419e-06 
43.15 -5.443832449e-05 -1.952845974e-06 
43.2 -5.453596679e-05 8.178913989e-07 
43.25 -5.449507222e-05 3.524242452e-06 
43.3 -5.43188601e-05 6.16089e-06 
43.35 -5.40108156e-05 8.722810754e-06 
43.4 -5.357467506e-05 1.120528126e-05 
43.45 -5.3014411e-05 1.360388298e-05 
43.5 -5.233421685e-05 1.591450646e-05 
43.55 -5.153849152e-05 1.813335464e-05 
43.6 -5.063182379e-05 2.025694535e-05 
43.65 -4.961897652e-05 2.22821129e-05 
43.7 -4.850487088e-05 2.42060089e-05 
43.75 -4.729457043e-05 2.602610222e-05 
43.8 -4.599326532e-05 2.774017819e-05 
43.85 -4.460625641e-05 2.9346337e-05 
43.9 -4.313893956e-05 3.084299139e-05 
43.95 -4.159678999e-05 3.222886359e-05 
44 -3.998534681e-05 3.35029815e-05 
44.05 -3.831019774e-05 3.46646743e-05 
44.1 -3.657696402e-05 3.571356733e-05 
44.15 -3.479128566e-05 3.664957635e-05 
44.2 -3.295880684e-05 3.747290122e-05 
44.25 -3.108516178e-05 3.818401903e-05 
44.3 -2.917596083e-05 3.878367664e-05 
44.35 -2.7236777e-05 3.927288277e-05 
44.4 -2.527313286e-05 3.965289955e-05 
44.45 -2.329048788e-05 3.99252337e-05 
44.5 -2.129422619e-05 4.009162726e-05 
44.55 -1.928964483e-05 4.015404788e-05 
44.6 -1.728194244e-05 4.011467893e-05 
44.65 -1.527620849e-05 3.997590908e-05 
44.7 -1.327741304e-05 3.974032177e-05 
44.75 -1.129039695e-05 3.941068438e-05 
44.8 -9.31986273e-06 3.898993712e-05 
44.85 -7.370365874e-06 3.848118183e-05 
44.9 -5.446306782e-06 3.788767058e-05 
44.95 -3.551923254e-06 3.721279415e-05 
45 -1.691283546e-06 3.646007046e-05 
45.05 1.317199769e-07 3.563313288e-05 
45.1 1.913376621e-06 3.473571855e-05 
45.15 3.650162548e-06 3.377165676e-05 
45.2 5.338745386e-06 3.274485721e-05 
45.25 6.975988247e-06 3.165929851e-05 
45.3 8.558953173e-06 3.051901664e-05 
45.35 1.0084904e-05 2.932809356e-05 
45.4 1.155130868e-05 2.809064602e-05 
45.45 1.295584098e-05 2.681081444e-05 
45.5 1.429638171e-05 2.549275203e-05 
45.55 1.557101931e-05 2.414061414e-05 
45.6 1.677805001e-05 2.275854782e-05 
45.65 1.791597741e-05 2.135068163e-05 
45.7 1.898351149e-05 1.992111572e-05 
45.75 1.997956727e-05 1.847391225e-05 
45.8 2.090326289e-05 1.701308608e-05 
45.85 2.175391719e-05 1.554259578e-05 
45.9 2.253104698e-05 1.406633503e-05 
45.95 2.323436373e-05 1.258812431e-05 
46 2.386376995e-05 1.111170301e-05 
46.05 2.44193551e-05 9.640721939e-06 
46.1 2.490139119e-05 8.178736136e-06 
46.15 2.5310328e-05 6.729198173e-06 
46.2 2.564678791e-05 5.295451819e-06 
46.25 2.59115605e-05 3.880726128e-06 
46.3 2.610559681e-05 2.48812995e-06 
46.35 2.62300033e-05 1.120646861e-06 
46.4 2.628603565e-05 -2.188694756e-07 
46.45 2.627509217e-05 -1.527699521e-06 
46.5 2.61987072e-05 -2.803261641e-06 
46.55 2.605854411e-05 -4.04311546e-06 
46.6 2.585638834e-05 -5.244964779e-06 
46.65 2.55941401e-05 -6.406660077e-06 
46.7 2.52738071e-05 -7.52620058e-06 
46.75 2.489749707e-05 -8.60173592e-06 
46.8 2.446741027e-05 -9.631567375e-06 
46.85 2.398583191e-05 -1.06141487e-05 
46.9 2.345512447e-05 -1.154808658e-05 
46.95 2.287772014e-05 -1.243214064e-05 
47 2.225611311e-05 -1.326522313e-05 
47.05 2.159285195e-05 -1.404639821e-05 
47.1 2.089053204e-05 -1.477488085e-05 
47.15 2.0151788e-05 -1.545003543e-05 
47.2 1.937928623e-05 -1.607137395e-05 
47.25 1.857571753e-05 -1.663855391e-05 
47.3 1.774378983e-05 -1.715137594e-05 
47.35 1.688622104e-05 -1.760978103e-05 
47.4 1.600573199e-05 -1.801384756e-05 
47.45 1.510503961e-05 -1.836378797e-05 
47.5 1.418685021e-05 -1.865994525e-05 
47.55 1.325385295e-05 -1.890278913e-05 
47.6 1.230871349e-05 -1.909291205e-05 
47.65 1.135406789e-05 -1.923102492e-05 
47.7 1.039251664e-05 -1.931795269e-05 
47.75 9.426619009e-06 -1.935462971e-05 
47.8 8.458887523e-06 -1.934209491e-05 
47.85 7.491782778e-06 -1.928148692e-05 
47.9 6.527708432e-06 -1.917403888e-05 
47.95 5.569006487e-06 -1.902107333e-05 
48 4.617952821e-06 -1.882399682e-05 
48.05 3.67675298e-06 -1.858429454e-05 
48.1 2.747538252e-06 -1.830352483e-05 
48.15 1.832362011e-06 -1.798331362e-05 
48.2 9.331963298e-07 -1.762534888e-05 
48.25 5.19288857e-08 -1.723137498e-05 
48.3 -8.096398631e-07 -1.680318705e-05 
48.35 -1.649799215e-06 -1.634262538e-05 
48.4 -2.466930484e-06 -1.585156978e-05 
48.45 -3.259508973e-06 -1.533193401e-05 
48.5 -4.026105674e-06 -1.478566021e-05 
48.55 -4.765388685e-06 -1.421471342e-05 
48.6 -5.476124356e-06 -1.362107615e-05 
48.65 -6.157178164e-06 -1.300674303e-05 
48.7 -6.807515315e-06 -1.237371555e-05 
48.75 -7.426201093e-06 -1.172399689e-05 
48.8 -8.012400938e-06 -1.105958692e-05 
48.85 -8.565380283e-06 -1.03824772e-05 
48.9 -9.084504143e-06 -9.694646254e-06 
48.95 -9.569236456e-06 -8.99805489e-06 
49 -1.00191392e-05 -8.294641695e-06 
49.05 -1.043387129e-05 -7.586318693e-06 
49.1 -1.081318722e-05 -6.874967161e-06 
49.15 -1.115693558e-05 -6.162433621e-06 
49.2 -1.146505726e-05 -5.450526002e-06 
49.25 -1.173758356e-05 -4.741009989e-06 
49.3 -1.197463406e-05 -4.035605561e-06 
49.35 -1.217641434e-05 -3.335983719e-06 
49.4 -1.234321352e-05 -2.643763409e-06 
49.45 -1.247540169e-05 -1.960508648e-06 
49.5 -1.257342713e-05 -1.287725847e-06 
49.55 -1.263781342e-05 -6.268613448e-07 
49.6 -1.266915649e-05 2.070085966e-08 
49.65 -1.266812144e-05 6.536411624e-07 
49.7 -1.263543938e-05 1.270706205e-06 
49.75 -1.257190407e-05 1.870710519e-06 
49.8 -1.247836855e-05 2.45253796e-06 
49.85 -1.235574165e-05 3.015142939e-06 
49.9 -1.22049845e-05 3.557551448e-06 
49.95 -1.202710693e-05 4.078861886e-06 
50 -1.182316384e-05 4.578245686e-06 
50.05 -1.159425155e-05 5.054947735e-06 
50.1 -1.134150417e-05 5.50828662e-06 
50.15 -1.106608983e-05 5.937654662e-06 
50.2 -1.07692071e-05 6.342517788e-06 
50.25 -1.045208121e-05 6.722415198e-06 
50.3 -1.011596045e-05 7.076958879e-06 
50.35 -9.762112508e-06 7.405832929e-06 
50.4 -9.391820861e-06 7.708792731e-06 
50.45 -9.006381225e-06 7.985663956e-06 
50.5 -8.607098027e-06 8.236341418e-06 
50.55 -8.195280956e-06 8.460787784e-06 
50.6 -7.772241567e-06 8.659032137e-06 
50.65 -7.33928996e-06 8.831168412e-06 
50.7 -6.897731539e-06 8.9773537e-06 
50.75 -6.448863854e-06 9.097806435e-06 
50.8 -5.993973533e-06 9.192804466e-06 
50.85 -5.534333309e-06 9.262683031e-06 
50.9 -5.071199158e-06 9.307832621e-06 
50.95 -4.605807527e-06 9.328696763e-06 
51 -4.139372688e-06 9.325769721e-06 
51.05 -3.673084202e-06 9.299594112e-06 
51.1 -3.208104497e-06 9.250758469e-06 
51.15 -2.745566573e-06 9.179894732e-06 
51.2 -2.286571837e-06 9.087675693e-06 
51.25 -1.832188052e-06 8.974812392e-06 
51.3 -1.383447433e-06 8.842051485e-06 
51.35 -9.413448583e-07 8.69017257e-06 
51.4 -5.068362298e-07 8.519985498e-06 
51.45 -8.083695486e-08 8.332327672e-06 
51.5 3.357794288e-07 8.128061328e-06 
51.55 7.421824952e-07 7.908070824e-06 
51.6 1.137586036e-06 7.673259928e-06 
51.65 1.521249033e-06 7.424549128e-06 
51.7 1.892476489e-06 7.162872948e-06 
51.75 2.250620137e-06 6.8891773e-06 
51.8 2.595079002e-06 6.604416861e-06 
51.85 2.925299845e-06 6.309552489e-06 
51.9 3.240777469e-06 6.005548685e-06 
51.95 3.541054903e-06 5.693371094e-06 
52 3.825723458e-06 5.373984072e-06 
52.05 4.094422662e-06 5.048348297e-06 
52.1 4.346840077e-06 4.717418457e-06 
52.15 4.582710999e-06 4.382140991e-06 
52.2 4.801818049e-06 4.043451917e-06 
52.25 5.003990645e-06 3.702274716e-06 
52.3 5.189104381e-06 3.359518316e-06 
52.35 5.357080296e-06 3.016075139e-06 
52.4 5.507884053e-06 2.672819246e-06 
52.45 5.641525016e-06 2.330604562e-06 
52.5 5.758055244e-06 1.990263197e-06 
52.55 5.857568404e-06 1.652603855e-06 
52.6 5.940198596e-06 1.318410339e-06 
52.65 6.006119113e-06 9.884401502e-07 
52.7 6.055541121e-06 6.634231908e-07 
52.75 6.08871228e-06 3.44060555e-07 
52.8 6.105915308e-06 3.102342713e-08 
52.85 6.107466479e-06 -2.750479239e-07 
52.9 6.093714083e-06 -5.735450498e-07 
52.95 6.065036831e-06 -8.638921277e-07 
53 6.021842224e-06 -1.145546666e-06 
53.05 5.964564891e-06 -1.418000111e-06 
53.1 5.893664885e-06 -1.680778352e-06 
53.15 5.809625968e-06 -1.933442138e-06 
53.2 5.712953861e-06 -2.175587383e-06 
53.25 5.604174492e-06 -2.406845391e-06 
53.3 5.483832222e-06 -2.626882981e-06 
53.35 5.352488073e-06 -2.835402518e-06 
53.4 5.210717947e-06 -3.032141858e-06 
53.45 5.059110854e-06 -3.216874209e-06 
53.5 4.898267144e-06 -3.389407897e-06 
53.55 4.728796749e-06 -3.549586057e-06 
53.6 4.551317446e-06 -3.697286243e-06 
53.65 4.366453134e-06 -3.832419959e-06 
53.7 4.174832136e-06 -3.954932117e-06 
53.75 3.97708553e-06 -4.06480042e-06 
53.8 3.773845509e-06 -4.162034686e-06 
53.85 3.565743775e-06 -4.246676095e-06 
53.9 3.35340997e-06 -4.318796381e-06 
53.95 3.137470151e-06 -4.37849697e-06 
54 2.918545303e-06 -4.425908053e-06 
54.05 2.6972499e-06 -4.461187617e-06 
54.1 2.474190519e-06 -4.484520422e-06 
54.15 2.249964498e-06 -4.496116937e-06 
54.2 2.025158651e-06 -4.496212239e-06 
54.25 1.800348039e-06 -4.485064865e-06 
54.3 1.576094796e-06 -4.462955646e-06 
54.35 1.352947014e-06 -4.430186494e-06 
54.4 1.131437689e-06 -4.387079183e-06 
54.45 9.120837299e-07 -4.333974088e-06 
54.5 6.953850255e-07 -4.271228922e-06 
54.55 4.818235794e-07 -4.19921745e-06 
54.6 2.718627069e-07 -4.118328193e-06 
54.65 6.594629728e-08 -4.028963123e-06 
54.7 -1.355018589e-07 -3.93153636e-06 
54.75 -3.320786769e-07 -3.826472858e-06 
54.8 -5.234023198e-07 -3.714207103e-06 
54.85 -7.091126749e-07 -3.595181809e-06 
54.9 -8.888717654e-07 -3.46984663e-06 
54.95 -1.062364097e-06 -3.338656876e-06 
55 -1.229296941e-06 -3.20207225e-06 
55.05 -1.389400553e-06 -3.060555596e-06 
55.1 -1.542428333e-06 -2.914571679e-06 
55.15 -1.688156917e-06 -2.76458597e-06 
55.2 -1.826386215e-06 -2.611063475e-06 
55.25 -1.956939389e-06 -2.454467577e-06 
55.3 -2.079662768e-06 -2.295258918e-06 
55.35 -2.194425714e-06 -2.133894307e-06 
55.4 -2.301120429e-06 -1.970825664e-06 
55.45 -2.399661713e-06 -1.806499001e-06 
55.5 -2.489986663e-06 -1.64135344e-06 
55.55 -2.572054335e-06 -1.475820271e-06 
55.6 -2.645845348e-06 -1.310322047e-06 
55.65 -2.71136145e-06 -1.145271729e-06 
55.7 -2.768625037e-06 -9.81071863e-07 
55.75 -2.81767863e-06 -8.181138146e-07 
55.8 -2.858584321e-06 -6.567770377e-07 
55.85 -2.891423173e-06 -4.974283957e-07 
55.9 -2.916294592e-06 -3.404215272e-07 
55.95 -2.933315669e-06 -1.860962594e-07 
56 -2.942620482e-06 -3.477806949e-08 
56.05 -2.944359385e-06 1.132224063e-07 
56.1 -2.938698265e-06 2.576098154e-07 
56.15 -2.925817774e-06 3.981044833e-07 
56.2 -2.90591255e-06 5.344427599e-07 
56.25 -2.879190412e-06 6.663773184e-07 
56.3 -2.845871546e-06 7.936774061e-07 
56.35 -2.806187676e-06 9.161290482e-07 
56.4 -2.760381223e-06 1.033535206e-06 
56.45 -2.708704463e-06 1.145715887e-06 
56.5 -2.651418669e-06 1.252508213e-06 
56.55 -2.588793258e-06 1.353766441e-06 
56.6 -2.521104936e-06 1.449361943e-06 
56.65 -2.448636839e-06 1.539183141e-06 
56.7 -2.371677682e-06 1.623135404e-06 
56.75 -2.290520912e-06 1.701140903e-06 
56.8 -2.205463866e-06 1.773138426e-06 
56.85 -2.116806945e-06 1.839083159e-06 
56.9 -2.024852787e-06 1.898946427e-06 
56.95 -1.929905466e-06 1.952715406e-06 
57 -1.832269696e-06 2.000392794e-06 
57.05 -1.732250056e-06 2.041996459e-06 
57.1 -1.630150233e-06 2.07755905e-06 
57.15 -1.52627228e-06 2.107127586e-06 
57.2 -1.420915901e-06 2.13076301e-06 
57.25 -1.314377751e-06 2.14853973e-06 
57.3 -1.206950764e-06 2.160545124e-06 
57.35 -1.098923508e-06 2.166879034e-06 
57.4 -9.905795561e-07 2.167653234e-06 
57.45 -8.821968944e-07 2.162990881e-06 
57.5 -7.740473504e-07 2.153025954e-06 
57.55 -6.663960527e-07 2.137902672e-06 
57.6 -5.595009191e-07 2.117774908e-06 
57.65 -4.536121737e-07 2.092805581e-06 
57.7 -3.489718946e-07 2.06316605e-06 
57.75 -2.458135921e-07 2.029035494e-06 
57.8 -1.443618174e-07 1.990600286e-06 
57.85 -4.483180308e-08 1.94805337e-06 
57.9 5.257086541e-08 1.901593626e-06 
57.95 1.476505467e-07 1.851425242e-06 
58 2.402218088e-07 1.797757084e-06 
58.05 3.30109663e-07 1.740802066e-06 
58.1 4.171497663e-07 1.680776531e-06 
58.15 5.011885928e-07 1.61789963e-06 
58.2 5.820835743e-07 1.552392709e-06 
58.25 6.597032098e-07 1.484478713e-06 
58.3 7.339271454e-07 1.414381584e-06 
58.35 8.046462246e-07 1.342325688e-06 
58.4 8.71762509e-07 1.268535234e-06 
58.45 9.351892707e-07 1.193233728e-06 
58.5 9.948509571e-07 1.116643421e-06 
58.55 1.050683128e-06 1.038984788e-06 
58.6 1.102632368e-06 9.604760116e-07 
58.65 1.150656168e-06 8.81332493e-07 
58.7 1.194722793e-06 8.017663722e-07 
58.75 1.234811111e-06 7.219860733e-07 
58.8 1.270910415e-06 6.421958659e-07 
58.85 1.303020208e-06 5.625954485e-07 
58.9 1.331149981e-06 4.833795519e-07 
58.95 1.355318958e-06 4.04737564e-07 
59 1.375555837e-06 3.26853177e-07 
59.05 1.391898495e-06 2.499040557e-07 
59.1 1.404393698e-06 1.740615296e-07 
59.15 1.413096775e-06 9.949030643e-08 
59.2 1.41807129e-06 2.634821004e-08 
59.25 1.419388701e-06 -4.521405971e-08 
59.3 1.417127998e-06 -1.150531432e-07 
59.35 1.41137534e-06 -1.830332145e-07 
59.4 1.40222368e-06 -2.490261512e-07 
59.45 1.389772372e-06 -3.129116814e-07 
59.5 1.374126788e-06 -3.74577508e-07 
59.55 1.355397913e-06 -4.339194097e-07 
59.6 1.333701942e-06 -4.908413201e-07 
59.65 1.309159876e-06 -5.452553842e-07 
59.7 1.281897107e-06 -5.970819934e-07 
59.75 1.252043007e-06 -6.462497989e-07 
59.8 1.219730517e-06 -6.926957043e-07 
59.85 1.185095732e-06 -7.363648375e-07 
59.9 1.14827749e-06 -7.772105032e-07 
59.95 1.109416965e-06 -8.151941151e-07 
60 1.068657259e-06 -8.502851105e-07 
60.05 1.026143004e-06 -8.824608457e-07 
60.1 9.820199615e-07 -9.117064747e-07 
60.15 9.364346377e-07 -9.380148109e-07 
60.2 8.895338972e-07 -9.613861726e-07 
60.25 8.414645886e-07 -9.818282131e-07 
60.3 7.923731779e-07 -9.993557372e-07 
60.35 7.424053911e-07 -1.013990503e-06 
60.4 6.917058659e-07 -1.02576101e-06 
60.45 6.404178154e-07 -1.034702278e-06 
60.5 5.886827016e-07 -1.040855612e-06 
60.55 5.36639921e-07 -1.044268356e-06 
60.6 4.844265032e-07 -1.044993643e-06 
60.65 4.32176821e-07 -1.043090128e-06 
60.7 3.800223146e-07 -1.038621715e-06 
60.75 3.280912288e-07 -1.031657288e-06 
60.8 2.765083644e-07 -1.022270417e-06 
60.85 2.253948436e-07 -1.010539075e-06 
60.9 1.748678898e-07 -9.965453406e-07 
60.95 1.250406228e-07 -9.803751015e-07 
61 7.602186768e-08 -9.621177551e-07 
61.05 2.791597993e-08 -9.418659046e-07 
61.1 -1.917731531e-08 -9.19715056e-07 
61.15 -6.516306811e-08 -8.957633139e-07 
61.2 -1.099512338e-07 -8.701110776e-07 
61.25 -1.534567877e-07 -8.42860739e-07 
61.3 -1.955998246e-07 -8.141163811e-07 
61.35 -2.363056437e-07 -7.839834804e-07 
61.4 -2.755048177e-07 -7.525686112e-07 
61.45 -3.131332483e-07 -7.19979155e-07 
61.5 -3.49132206e-07 -6.863230137e-07 
61.55 -3.834483567e-07 -6.517083281e-07 
61.6 -4.160337731e-07 -6.16243202e-07 
61.65 -4.468459332e-07 -5.800354333e-07 
61.7 -4.758477049e-07 -5.431922508e-07 
61.75 -5.030073174e-07 -5.058200593e-07 
61.8 -5.282983204e-07 -4.68024192e-07 
61.85 -5.5169953e-07 -4.299086712e-07 
61.9 -5.731949635e-07 -3.915759779e-07 
61.95 -5.927737624e-07 -3.531268302e-07 
62 -6.104301039e-07 -3.146599714e-07 
62.05 -6.261631025e-07 -2.762719669e-07 
62.1 -6.399767009e-07 -2.380570126e-07 
62.15 -6.518795515e-07 -2.001067522e-07 
62.2 -6.618848891e-07 -1.625101059e-07 
62.25 -6.700103944e-07 -1.253531088e-07 
62.3 -6.762780498e-07 -8.871876132e-08 
62.35 -6.807139879e-07 -5.268688979e-08 
62.4 -6.833483324e-07 -1.733401815e-08 
62.45 -6.842150333e-07 1.726674892e-08 
62.5 -6.833516958e-07 5.104583186e-08 
62.55 -6.807994042e-07 8.393727086e-08 
62.6 -6.766025407e-07 1.158788093e-07 
62.65 -6.708086002e-07 1.468119661e-07 
62.7 -6.634680019e-07 1.76682097e-07 
62.75 -6.546338971e-07 2.054384446e-07 
62.8 -6.443619749e-07 2.330341784e-07 
62.85 -6.327102659e-07 2.594264227e-07 
62.9 -6.197389448e-07 2.845762754e-07 
62.95 -6.05510131e-07 3.084488157e-07 
63 -5.900876902e-07 3.310131019e-07 
63.05 -5.735370352e-07 3.522421589e-07 
63.1 -5.559249272e-07 3.721129567e-07 
63.15 -5.373192794e-07 3.906063791e-07 
63.2 -5.177889604e-07 4.077071836e-07 
63.25 -4.974036012e-07 4.23403952e-07 
63.3 -4.762334036e-07 4.376890333e-07 
63.35 -4.54348952e-07 4.505584776e-07 
63.4 -4.318210281e-07 4.620119633e-07 
63.45 -4.087204299e-07 4.720527156e-07 
63.5 -3.851177942e-07 4.806874192e-07 
63.55 -3.610834232e-07 4.879261234e-07 
63.6 -3.36687117e-07 4.937821415e-07 
63.65 -3.119980099e-07 4.982719438e-07 
63.7 -2.870844128e-07 5.014150457e-07 
63.75 -2.620136605e-07 5.032338902e-07 
63.8 -2.36851966e-07 5.03753726e-07 
63.85 -2.116642797e-07 5.030024811e-07 
63.9 -1.865141556e-07 5.010106331e-07 
63.95 -1.614636239e-07 4.97811075e-07 
64 -1.365730702e-07 4.934389794e-07 
64.05 -1.119011212e-07 4.879316584e-07 
64.1 -8.75045383e-08 4.81328423e-07 
64.15 -6.343811715e-08 4.736704393e-07 
64.2 -3.975459519e-08 4.650005842e-07 
64.25 -1.650456597e-08 4.553632994e-07 
64.3 6.263598994e-09 4.448044452e-07 
64.35 2.850382125e-08 4.333711541e-07 
64.4 5.017237896e-08 4.211116842e-07 
64.45 7.122796317e-08 4.080752731e-07 
64.5 9.163172682e-08 3.943119931e-07 
64.55 1.113473265e-07 3.79872607e-07 
64.6 1.303409568e-07 3.648084255e-07 
64.65 1.485813781e-07 3.49171167e-07 
64.7 1.660399365e-07 3.330128189e-07 
64.75 1.826905774e-07 3.163855016e-07 
64.8 1.985098525e-07 2.993413352e-07 
64.85 2.134769192e-07 2.819323092e-07 
64.9 2.275735347e-07 2.642101555e-07 
64.95 2.407840425e-07 2.462262249e-07 
65 2.530953537e-07 2.280313671e-07 
65.05 2.644969221e-07 2.096758153e-07 
65.1 2.749807128e-07 1.912090738e-07 
65.15 2.845411665e-07 1.726798113e-07 
65.2 2.931751571e-07 1.541357577e-07 
65.25 3.00881945e-07 1.356236059e-07 
65.3 3.076631253e-07 1.171889185e-07 
65.35 3.135225712e-07 9.887603928e-08 
65.4 3.184663732e-07 8.072800974e-08 
65.45 3.225027737e-07 6.278649083e-08 
65.5 3.256420982e-07 4.509168988e-08 
65.55 3.278966827e-07 2.768229272e-08 
65.6 3.292807973e-07 1.059540127e-08 
65.65 3.298105674e-07 -6.133523626e-09 
65.7 3.295038912e-07 -2.247071391e-08 
65.75 3.283803555e-07 -3.838414062e-08 
65.8 3.264611485e-07 -5.384355488e-08 
65.85 3.237689707e-07 -6.882052343e-08 
65.9 3.203279446e-07 -8.328845888e-08 
65.95 3.161635216e-07 -9.722264464e-08 
66 3.113023894e-07 -1.106002546e-07 
66.05 3.057723767e-07 -1.234003677e-07 
66.1 2.996023583e-07 -1.356039773e-07 
66.15 2.928221594e-07 -1.471939958e-07 
66.2 2.854624596e-07 -1.581552539e-07 
66.25 2.775546969e-07 -1.684744955e-07 
66.3 2.691309721e-07 -1.78140368e-07 
66.35 2.602239537e-07 -1.871434074e-07 
66.4 2.508667834e-07 -1.954760199e-07 
66.45 2.410929824e-07 -2.031324586e-07 
66.5 2.309363595e-07 -2.101087962e-07 
66.55 2.204309196e-07 -2.164028943e-07 
66.6 2.096107749e-07 -2.220143679e-07 
66.65 1.985100565e-07 -2.269445475e-07 
66.7 1.871628292e-07 -2.311964366e-07 
66.75 1.756030073e-07 -2.347746672e-07 
66.8 1.63864274e-07 -2.376854508e-07 
66.85 1.519800014e-07 -2.399365283e-07 
66.9 1.39983175e-07 -2.415371151e-07 
66.95 1.279063193e-07 -2.42497846e-07 
67 1.15781427e-07 -2.428307158e-07 
67.05 1.036398912e-07 -2.425490193e-07 
67.1 9.15124402e-08 -2.416672883e-07 
67.15 7.942907578e-08 -2.402012281e-07 
67.2 6.741901438e-08 -2.381676512e-07 
67.25 5.551063182e-08 -2.355844107e-07 
67.3 4.373141128e-08 -2.32470332e-07 
67.35 3.210789468e-08 -2.288451443e-07 
67.4 2.066563747e-08 -2.247294104e-07 
67.45 9.42916695e-09 -2.20144457e-07 
67.5 -1.5780559e-09 -2.151123039e-07 
67.55 -1.23336711e-08 -2.096555935e-07 
67.6 -2.281645077e-08 -2.037975201e-07 
67.65 -3.300632678e-08 -1.975617596e-07 
67.7 -4.288441476e-08 -1.909723993e-07 
67.75 -5.243303472e-08 -1.840538685e-07 
67.8 -6.163572815e-08 -1.768308701e-07 
67.85 -7.047727165e-08 -1.693283119e-07 
67.9 -7.894368725e-08 -1.615712406e-07 
67.95 -8.702224928e-08 -1.535847752e-07 
68 -9.470148804e-08 -1.453940433e-07 
68.05 -1.019711902e-07 -1.370241178e-07 
68.1 -1.088223961e-07 -1.284999554e-07 
68.15 -1.152473939e-07 -1.198463367e-07 
68.2 -1.212397107e-07 -1.110878086e-07 
68.25 -1.267941011e-07 -1.022486278e-07 
68.3 -1.319065325e-07 -9.335270709e-08 
68.35 -1.365741679e-07 -8.442356279e-08 
68.4 -1.40795346e-07 -7.548426532e-08 
68.45 -1.445695593e-07 -6.655739139e-08 
68.5 -1.478974289e-07 -5.766497864e-08 
68.55 -1.507806778e-07 -4.882848273e-08 
68.6 -1.532221019e-07 -4.006873677e-08 
68.65 -1.552255388e-07 -3.140591326e-08 
68.7 -1.567958344e-07 -2.285948849e-08 
68.75 -1.579388088e-07 -1.444820956e-08 
68.8 -1.586612193e-07 -6.190063874e-09 
68.85 -1.589707225e-07 1.897748689e-09 
68.9 -1.588758351e-07 9.798841097e-09 
68.95 -1.58385893e-07 1.749766182e-08 
69 -1.575110099e-07 2.497951493e-08 
69.05 -1.562620342e-07 3.223057755e-08 
69.1 -1.546505053e-07 3.923791482e-08 
69.15 -1.526886096e-07 4.598949222e-08 
69.2 -1.50389135e-07 5.247418539e-08 
69.25 -1.477654257e-07 5.868178751e-08 
69.3 -1.448313363e-07 6.46030141e-08 
69.35 -1.416011856e-07 7.022950557e-08 
69.4 -1.380897103e-07 7.555382721e-08 
69.45 -1.34312019e-07 8.056946704e-08 
69.5 -1.302835456e-07 8.527083132e-08 
69.55 -1.260200041e-07 8.965323782e-08 
69.6 -1.215373422e-07 9.371290707e-08 
69.65 -1.168516968e-07 9.74469515e-08 
69.7 -1.119793492e-07 1.008533626e-07 
69.75 -1.069366811e-07 1.03930996e-07 
69.8 -1.017401313e-07 1.066795551e-07 
69.85 -9.640615355e-08 1.090995728e-07 
69.9 -9.095117491e-08 1.111923912e-07 
69.95 -8.539155536e-08 1.129601401e-07 
70 -7.974354835e-08 1.144057144e-07 
70.05 -7.402326263e-08 1.155327489e-07 
70.1 -6.824662518e-08 1.163455934e-07 
70.15 -6.242934552e-08 1.168492848e-07 
70.2 -5.658688128e-08 1.170495199e-07 
70.25 -5.073440528e-08 1.16952626e-07 
70.3 -4.488677398e-08 1.165655306e-07 
70.35 -3.905849745e-08 1.15895731e-07 
70.4 -3.32637109e-08 1.149512626e-07 
70.45 -2.751614777e-08 1.137406666e-07 
70.5 -2.182911443e-08 1.122729573e-07 
70.55 -1.621546657e-08 1.105575891e-07 
70.6 -1.068758711e-08 1.086044227e-07 
70.65 -5.257365973e-09 1.064236915e-07 
70.7 6.381860303e-11 1.040259675e-07 
70.75 5.26511698e-09 1.014221274e-07 
70.8 1.033622335e-08 9.862331838e-08 
70.85 1.526738927e-08 9.564092425e-08 
70.9 2.004943548e-08 9.248653168e-08 
70.95 2.467376207e-08 8.917189662e-08 
71 2.91323569e-08 8.57089111e-08 
71.05 3.341780245e-08 8.210957048e-08 
71.1 3.752328098e-08 7.838594109e-08 
71.15 4.144257803e-08 7.455012851e-08 
71.2 4.517008446e-08 7.06142464e-08 
71.25 4.870079678e-08 6.659038602e-08 
71.3 5.203031608e-08 6.249058653e-08 
71.35 5.51548454e-08 5.832680606e-08 
71.4 5.807118571e-08 5.411089364e-08 
71.45 6.077673039e-08 4.985456201e-08 
71.5 6.326945849e-08 4.556936144e-08 
71.55 6.554792656e-08 4.126665448e-08 
71.6 6.761125929e-08 3.695759179e-08 
71.65 6.945913887e-08 3.265308903e-08 
71.7 7.109179333e-08 2.836380486e-08 
71.75 7.250998357e-08 2.410012008e-08 
71.8 7.371498957e-08 1.98721179e-08 
71.85 7.470859547e-08 1.568956547e-08 
71.9 7.549307374e-08 1.156189656e-08 
71.95 7.607116857e-08 7.498195459e-09 
72 7.644607834e-08 3.507182144e-09 
72.05 7.662143745e-08 -4.02801327e-10 
72.1 7.660129738e-08 -4.223803166e-09 
72.15 7.639010723e-08 -7.948272956e-09 
72.2 7.599269358e-08 -1.156907149e-08 
72.25 7.541424e-08 -1.507947939e-08 
72.3 7.466026603e-08 -1.84732044e-08 
72.35 7.373660581e-08 -2.174438759e-08 
72.4 7.264938643e-08 -2.488760819e-08 
72.45 7.140500602e-08 -2.789788731e-08 
72.5 7.001011166e-08 -3.077069043e-08 
72.55 6.847157714e-08 -3.350192875e-08 
72.6 6.67964807e-08 -3.608795939e-08 
72.65 6.499208273e-08 -3.852558444e-08 
72.7 6.306580351e-08 -4.081204896e-08 
72.75 6.102520106e-08 -4.294503792e-08 
72.8 5.887794916e-08 -4.492267202e-08 
72.85 5.663181556e-08 -4.674350268e-08 
72.9 5.429464043e-08 -4.840650589e-08 
72.95 5.187431513e-08 -4.991107526e-08 
73 4.937876137e-08 -5.125701414e-08 
73.05 4.681591066e-08 -5.244452685e-08 
73.1 4.419368432e-08 -5.347420922e-08 
73.15 4.151997386e-08 -5.43470382e-08 
73.2 3.880262195e-08 -5.506436094e-08 
73.25 3.60494039e-08 -5.562788301e-08 
73.3 3.326800975e-08 -5.603965613e-08 
73.35 3.046602695e-08 -5.630206522e-08 
73.4 2.765092369e-08 -5.641781494e-08 
73.45 2.483003294e-08 -5.638991575e-08 
73.5 2.201053715e-08 -5.62216695e-08 
73.55 1.919945368e-08 -5.591665462e-08 
73.6 1.640362095e-08 -5.547871094e-08 
73.65 1.36296854e-08 -5.491192421e-08 
73.7 1.088408919e-08 -5.422061038e-08 
73.75 8.173058669e-09 -5.340929958e-08 
73.8 5.502593691e-09 -5.248272002e-08 
73.85 2.87845769e-09 -5.14457817e-08 
73.9 3.061686044e-10 -5.030356005e-08 
73.95 -2.209009398e-09 -4.906127948e-08 
74 -4.662073372e-09 -4.772429702e-08 
74.05 -7.048288223e-09 -4.629808592e-08 
74.1 -9.363192519e-09 -4.478821937e-08 
74.15 -1.160260349e-08 -4.320035426e-08 
74.2 -1.37626212e-08 -4.154021522e-08 
74.25 -1.583963196e-08 -3.981357878e-08 
74.3 -1.78303109e-08 -3.802625772e-08 
74.35 -1.973162379e-08 -3.618408573e-08 
74.4 -2.154082807e-08 -3.42929024e-08 
74.45 -2.325547319e-08 -3.235853843e-08 
74.5 -2.487340011e-08 -3.038680131e-08 
74.55 -2.639274018e-08 -2.838346127e-08 
74.6 -2.781191324e-08 -2.635423773e-08 
74.65 -2.912962513e-08 -2.430478613e-08 
74.7 -3.034486444e-08 -2.224068522e-08 
74.75 -3.14568987e-08 -2.016742487e-08 
74.8 -3.246526994e-08 -1.809039431e-08 
74.85 -3.336978966e-08 -1.601487095e-08 
74.9 -3.41705332e-08 -1.39460097e-08 
74.95 -3.486783369e-08 -1.188883279e-08 
75 -3.546227533e-08 -9.84822029e-09 
75.05 -3.595468634e-08 -7.828901017e-09 
75.1 -3.634613139e-08 -5.835444174e-09 
75.15 -3.66379036e-08 -3.8722515e-09 
75.2 -3.683151618e-08 -1.943550033e-09 
75.25 -3.692869368e-08 -5.33854729e-11 
75.3 -3.693136295e-08 1.794383848e-09 
75.35 -3.684164376e-08 3.596092399e-09 
75.4 -3.666183914e-08 5.348272277e-09 
75.45 -3.639442553e-08 7.047657427e-09 
75.5 -3.604204265e-08 8.691187268e-09 
75.55 -3.560748329e-08 1.027600972e-08 
75.6 -3.509368281e-08 1.179948364e-08 
75.65 -3.450370862e-08 1.325918069e-08 
75.7 -3.384074959e-08 1.46528866e-08 
75.75 -3.310810526e-08 1.597860192e-08 
75.8 -3.230917516e-08 1.723454213e-08 
75.85 -3.144744806e-08 1.841913734e-08 
75.9 -3.052649119e-08 1.953103131e-08 
75.95 -2.954993962e-08 2.056908008e-08 
76 -2.852148562e-08 2.153235006e-08 
76.05 -2.744486812e-08 2.242011559e-08 
76.1 -2.632386234e-08 2.323185611e-08 
76.15 -2.516226953e-08 2.396725282e-08 
76.2 -2.396390689e-08 2.462618498e-08 
76.25 -2.273259764e-08 2.52087257e-08 
76.3 -2.147216136e-08 2.571513744e-08 
76.35 -2.018640448e-08 2.614586707e-08 
76.4 -1.887911113e-08 2.650154062e-08 
76.45 -1.75540341e-08 2.678295766e-08 
76.5 -1.621488622e-08 2.699108542e-08 
76.55 -1.486533195e-08 2.71270526e-08 
76.6 -1.350897932e-08 2.719214288e-08 
76.65 -1.214937217e-08 2.718778827e-08 
76.7 -1.078998276e-08 2.711556218e-08 
76.75 -9.43420465e-09 2.697717226e-08 
76.8 -8.085346037e-09 2.677445319e-08 
76.85 -6.746623378e-09 2.650935916e-08 
76.9 -5.42115542e-09 2.618395635e-08 
76.95 -4.111957602e-09 2.580041521e-08 
77 -2.821936842e-09 2.536100271e-08 
77.05 -1.553886706e-09 2.486807448e-08 
77.1 -3.104829821e-10 2.432406696e-08 
77.15 9.057203657e-10 2.373148943e-08 
77.2 2.092294837e-09 2.309291618e-08 
77.25 3.246940646e-09 2.241097853e-08 
77.3 4.367489573e-09 2.168835704e-08 
77.35 5.451907425e-09 2.092777363e-08 
77.4 6.498296106e-09 2.013198392e-08 
77.45 7.504895302e-09 1.930376952e-08 
77.5 8.470083778e-09 1.844593051e-08 
77.55 9.392380304e-09 1.756127806e-08 
77.6 1.027044421e-08 1.665262709e-08 
77.65 1.110307556e-08 1.572278921e-08 
77.7 1.188921502e-08 1.47745657e-08 
77.75 1.262794331e-08 1.381074081e-08 
77.8 1.331848035e-08 1.283407512e-08 
77.85 1.39601841e-08 1.184729922e-08 
77.9 1.455254906e-08 1.085310754e-08 
77.95 1.509520444e-08 9.854152397e-09 
78 1.558791206e-08 8.853038365e-09 
78.05 1.603056398e-08 7.852316803e-09 
78.1 1.642317982e-08 6.854480684e-09 
78.15 1.676590385e-08 5.861959676e-09 
78.2 1.705900184e-08 4.877115491e-09 
78.25 1.730285761e-08 3.902237512e-09 
78.3 1.749796949e-08 2.939538694e-09 
78.35 1.764494642e-08 1.991151752e-09 
78.4 1.774450401e-08 1.059125637e-09 
78.45 1.779746029e-08 1.454222956e-10 
78.5 1.780473141e-08 -7.480862764e-10 
78.55 1.776732709e-08 -1.61962069e-09 
78.6 1.768634606e-08 -2.467496527e-09 
78.65 1.756297123e-08 -3.290126417e-09 
78.7 1.739846491e-08 -4.086021818e-09 
78.75 1.719416382e-08 -4.853794518e-09 
78.8 1.695147409e-08 -5.592157846e-09 
78.85 1.66718662e-08 -6.299927605e-09 
78.9 1.635686982e-08 -6.976022725e-09 
78.95 1.600806869e-08 -7.619465648e-09 
79 1.56270954e-08 -8.229382441e-09 
79.05 1.521562628e-08 -8.80500265e-09 
79.1 1.477537615e-08 -9.345658898e-09 
79.15 1.43080932e-08 -9.850786233e-09 
79.2 1.381555389e-08 -1.031992124e-08 
79.25 1.329955783e-08 -1.07527009e-08 
79.3 1.276192279e-08 -1.114886127e-08 
79.35 1.220447972e-08 -1.150823588e-08 
79.4 1.162906793e-08 -1.183075397e-08 
79.45 1.103753023e-08 -1.211643851e-08 
79.5 1.04317083e-08 -1.236540406e-08 
79.55 9.813438101e-09 -1.257785438e-08 
79.6 9.184545382e-09 -1.275407992e-08 
79.65 8.546841386e-09 -1.289445519e-08 
79.7 7.902118626e-09 -1.299943588e-08 
79.75 7.252146832e-09 -1.306955592e-08 
79.8 6.598669036e-09 -1.310542436e-08 
79.85 5.943397818e-09 -1.31077222e-08 
79.9 5.288011708e-09 -1.307719904e-08 
79.95 4.634151756e-09 -1.301466965e-08 
80 3.983418274e-09 -1.292101049e-08 
80.05 3.337367749e-09 -1.279715615e-08 
80.1 2.697509942e-09 -1.264409563e-08 
80.15 2.06530516e-09 -1.246286874e-08 
80.2 1.442161723e-09 -1.225456228e-08 
80.25 8.294336096e-10 -1.202030631e-08 
80.3 2.284182943e-10 -1.176127033e-08 
80.35 -3.59645222e-10 -1.147865948e-08 
80.4 -9.335781963e-10 -1.117371074e-08 
80.45 -1.492263733e-09 -1.084768906e-08 
80.5 -2.034648186e-09 -1.050188364e-08 
80.55 -2.559742368e-09 -1.013760414e-08 
80.6 -3.066622575e-09 -9.756176922e-09 
80.65 -3.554431422e-09 -9.358941371e-09 
80.7 -4.02237849e-09 -8.947246265e-09 
80.75 -4.469740803e-09 -8.522446184e-09 
80.8 -4.895863113e-09 -8.085897989e-09 
80.85 -5.300158012e-09 -7.638957384e-09 
80.9 -5.682105881e-09 -7.182975549e-09 
80.95 -6.041254659e-09 -6.719295866e-09 
81 -6.377219452e-09 -6.249250736e-09 
81.05 -6.689681989e-09 -5.774158495e-09 
81.1 -6.978389914e-09 -5.295320434e-09 
81.15 -7.243155935e-09 -4.814017927e-09 
81.2 -7.483856832e-09 -4.331509682e-09 
81.25 -7.700432316e-09 -3.849029098e-09 
81.3 -7.892883771e-09 -3.367781755e-09 
81.35 -8.061272858e-09 -2.888943023e-09 
81.4 -8.20572001e-09 -2.413655804e-09 
81.45 -8.3264028e-09 -1.943028409e-09 
81.5 -8.42355422e-09 -1.478132559e-09 
81.55 -8.497460848e-09 -1.020001534e-09 
81.6 -8.548460925e-09 -5.696284528e-10 
81.65 -8.576942347e-09 -1.279646953e-10 
81.7 -8.583340582e-09 3.040815395e-10 
81.75 -8.568136505e-09 7.256465301e-10 
81.8 -8.531854179e-09 1.135912192e-09 
81.85 -8.475058569e-09 1.534107096e-09 
81.9 -8.398353214e-09 1.919507347e-09 
81.95 -8.302377847e-09 2.291437324e-09 
82 -8.187805981e-09 2.649270284e-09 
82.05 -8.055342467e-09 2.992428826e-09 
82.1 -7.905721025e-09 3.320385228e-09 
82.15 -7.739701764e-09 3.632661649e-09 
82.2 -7.558068681e-09 3.928830196e-09 
82.25 -7.361627172e-09 4.208512875e-09 
82.3 -7.151201528e-09 4.471381412e-09 
82.35 -6.927632457e-09 4.717156953e-09 
82.4 -6.69177461e-09 4.945609652e-09 
82.45 -6.444494127e-09 5.156558141e-09 
82.5 -6.18666622e-09 5.349868894e-09 
82.55 -5.919172775e-09 5.525455482e-09 
82.6 -5.642900001e-09 5.683277734e-09 
82.65 -5.358736115e-09 5.823340791e-09 
82.7 -5.067569075e-09 5.945694077e-09 
82.75 -4.770284371e-09 6.050430179e-09 
82.8 -4.467762862e-09 6.137683643e-09 
82.85 -4.16087868e-09 6.207629695e-09 
82.9 -3.850497195e-09 6.260482886e-09 
82.95 -3.537473051e-09 6.296495674e-09 
83 -3.222648267e-09 6.315956935e-09 
83.05 -2.906850421e-09 6.319190425e-09 
83.1 -2.590890899e-09 6.306553185e-09 
83.15 -2.27556324e-09 6.2784339e-09 
83.2 -1.961641545e-09 6.235251215e-09 
83.25 -1.649878984e-09 6.177452012e-09 
83.3 -1.341006384e-09 6.105509661e-09 
83.35 -1.035730901e-09 6.019922238e-09 
83.4 -7.347347888e-10 5.921210727e-09 
83.45 -4.386742524e-10 5.809917199e-09 
83.5 -1.481783924e-10 5.686602981e-09 
83.55 1.361517566e-10 5.551846826e-09 
83.6 4.13744098e-10 5.406243068e-09 
83.65 6.840562513e-10 5.250399786e-09 
83.7 9.465762407e-10 5.084936979e-09 
83.75 1.20082309e-09 4.910484743e-09 
83.8 1.446347327e-09 4.72768147e-09 
83.85 1.6827314e-09 4.537172067e-09 
83.9 1.909590004e-09 4.339606195e-09 
83.95 2.126570313e-09 4.13563654e-09 
84 2.33335214e-09 3.925917111e-09 
84.05 2.529647996e-09 3.711101576e-09 
84.1 2.715203075e-09 3.491841637e-09 
84.15 2.889795156e-09 3.268785442e-09 
84.2 3.053234429e-09 3.042576048e-09 
84.25 3.205363231e-09 2.813849926e-09 
84.3 3.346055727e-09 2.583235516e-09 
84.35 3.475217503e-09 2.351351842e-09 
84.4 3.592785095e-09 2.11880717e-09 
84.45 3.698725454e-09 1.886197736e-09 
84.5 3.79303534e-09 1.65410652e-09 
84.55 3.875740666e-09 1.42310209e-09 
84.6 3.946895771e-09 1.193737505e-09 
84.65 4.006582646e-09 9.665492785e-10 
84.7 4.05491011e-09 7.420564142e-10 
84.75 4.092012931e-09 5.207594984e-10 
84.8 4.118050906e-09 3.031398644e-10 
84.85 4.133207899e-09 8.965882247e-11 
84.9 4.13769084e-09 -1.19243043e-10 
84.95 4.131728688e-09 -3.23146509e-10 
85 4.115571362e-09 -5.216542806e-10 
85.05 4.089488648e-09 -7.143914918e-10 
85.1 4.053769074e-09 -9.010061369e-10 
85.15 4.008718767e-09 -1.081169437e-09 
85.2 3.954660295e-09 -1.25457614e-09 
85.25 3.891931488e-09 -1.420944751e-09 
85.3 3.820884251e-09 -1.580017706e-09 
85.35 3.741883365e-09 -1.731561476e-09 
85.4 3.655305292e-09 -1.875366608e-09 
85.45 3.561536961e-09 -2.011247707e-09 
85.5 3.460974576e-09 -2.139043362e-09 
85.55 3.354022408e-09 -2.258616007e-09 
85.6 3.241091607e-09 -2.369851727e-09 
85.65 3.122599021e-09 -2.472660015e-09 
85.7 2.99896602e-09 -2.566973465e-09 
85.75 2.870617347e-09 -2.65274743e-09 
85.8 2.737979975e-09 -2.729959611e-09 
85.85 2.601481995e-09 -2.79860962e-09 
85.9 2.461551514e-09 -2.858718479e-09 
85.95 2.31861559e-09 -2.910328093e-09 
86 2.173099185e-09 -2.95350067e-09 
86.05 2.025424152e-09 -2.988318112e-09 
86.1 1.876008246e-09 -3.014881367e-09 
86.15 1.725264178e-09 -3.033309745e-09 
86.2 1.573598691e-09 -3.043740211e-09 
86.25 1.42141168e-09 -3.04632664e-09 
86.3 1.269095348e-09 -3.041239058e-09 
86.35 1.117033395e-09 -3.028662849e-09 
86.4 9.656002527e-10 -3.008797947e-09 
86.45 8.151603553e-10 -2.981858011e-09 
86.5 6.660674548e-10 -2.948069579e-09 
86.55 5.186639758e-10 -2.907671212e-09 
86.6 3.732804152e-10 -2.860912631e-09 
86.65 2.302347837e-10 -2.808053836e-09 
86.7 8.983209194e-11 -2.749364229e-09 
86.75 -4.76361195e-11 -2.685121728e-09 
86.8 -1.818922059e-10 -2.615611879e-09 
86.85 -3.126727998e-10 -2.541126971e-09 
86.9 -4.397291484e-10 -2.461965157e-09 
86.95 -5.628274062e-10 -2.378429571e-09 
87 -6.817488848e-10 -2.290827461e-09 
87.05 -7.962902578e-10 -2.19946933e-09 
87.1 -9.062637243e-10 -2.104668084e-09 
87.15 -1.011497129e-09 -2.006738196e-09 
87.2 -1.111834038e-09 -1.905994885e-09 
87.25 -1.207133783e-09 -1.802753311e-09 
87.3 -1.297271448e-09 -1.697327789e-09 
87.35 -1.382137838e-09 -1.590031021e-09 
87.4 -1.461639389e-09 -1.481173354e-09 
87.45 -1.535698056e-09 -1.371062051e-09 
87.5 -1.604251159e-09 -1.260000597e-09 
87.55 -1.667251189e-09 -1.148288024e-09 
87.6 -1.72466559e-09 -1.036218264e-09 
87.65 -1.776476503e-09 -9.240795277e-10 
87.7 -1.822680479e-09 -8.121537144e-10 
87.75 -1.863288165e-09 -7.007158476e-10 
87.8 -1.898323958e-09 -5.900335431e-10 
87.85 -1.927825635e-09 -4.803665067e-10 
87.9 -1.95184396e-09 -3.719660623e-10 
87.95 -1.970442263e-09 -2.650747127e-10 
88 -1.983695999e-09 -1.599257317e-10 
88.05 -1.991692285e-09 -5.674278849e-11 
88.1 -1.994529425e-09 4.426039549e-11 
88.15 -1.992316405e-09 1.428803568e-10 
88.2 -1.985172387e-09 2.389241682e-10 
88.25 -1.973226179e-09 3.322096833e-10 
88.3 -1.956615695e-09 4.225657502e-10 
88.35 -1.935487407e-09 5.098323912e-10 
88.4 -1.909995788e-09 5.938609517e-10 
88.45 -1.88030274e-09 6.745142173e-10 
88.5 -1.846577029e-09 7.516664989e-10 
88.55 -1.808993704e-09 8.252036879e-10 
88.6 -1.76773352e-09 8.950232809e-10 
88.65 -1.722982356e-09 9.610343748e-10 
88.7 -1.674930637e-09 1.023157633e-09 
88.75 -1.623772755e-09 1.081325224e-09 
88.8 -1.569706494e-09 1.135480731e-09 
88.85 -1.512932458e-09 1.185579038e-09 
88.9 -1.453653506e-09 1.231586185e-09 
88.95 -1.392074196e-09 1.273479205e-09 
89 -1.328400236e-09 1.311245935e-09 
89.05 -1.262837939e-09 1.344884799e-09 
89.1 -1.195593699e-09 1.374404576e-09 
89.15 -1.126873471e-09 1.399824146e-09 
89.2 -1.056882263e-09 1.421172216e-09 
89.25 -9.858236525e-10 1.438487024e-09 
89.3 -9.138993013e-10 1.451816031e-09 
89.35 -8.413084998e-10 1.461215595e-09 
89.4 -7.682477201e-10 1.46675063e-09 
89.45 -6.949101885e-10 1.46849425e-09 
89.5 -6.21485476e-10 1.466527404e-09 
89.55 -5.481591058e-10 1.460938492e-09 
89.6 -4.751121812e-10 1.451822985e-09 
89.65 -4.02521032e-10 1.43928302e-09 
89.7 -3.30556881e-10 1.423426996e-09 
89.75 -2.593855312e-10 1.404369165e-09 
89.8 -1.891670729e-10 1.382229212e-09 
89.85 -1.200556123e-10 1.357131836e-09 
89.9 -5.219902051e-11 1.32920632e-09 
89.95 1.426129551e-11 1.298586114e-09 
90 7.919060119e-11 1.265408396e-09 
90.05 1.42461021e-10 1.229813656e-09 
90.1 2.039517038e-10 1.191945263e-09 
90.15 2.63548967e-10 1.151949047e-09 
90.2 3.211464193e-10 1.109972872e-09 
90.25 3.766450629e-10 1.066166229e-09 
90.3 4.299533744e-10 1.020679821e-09 
90.35 4.809873654e-10 9.736651563e-10 
90.4 5.296706232e-10 9.252741591e-10 
90.45 5.759343312e-10 8.75658774e-10 
90.5 6.197172699e-10 8.249705881e-10 
90.55 6.609657993e-10 7.733604599e-10 
90.6 6.996338223e-10 7.209781584e-10 
90.65 7.356827302e-10 6.679720134e-10 
90.7 7.690813309e-10 6.144885765e-10 
90.75 7.998057597e-10 5.606722956e-10 
90.8 8.278393745e-10 5.066652002e-10 
90.85 8.531726345e-10 4.526066015e-10 
90.9 8.758029645e-10 3.986328047e-10 
90.95 8.957346048e-10 3.448768364e-10 
91 9.129784466e-10 2.914681852e-10 
91.05 9.275518559e-10 2.385325582e-10 
91.1 9.394784838e-10 1.861916515e-10 
91.15 9.487880663e-10 1.34562936e-10 
91.2 9.555162131e-10 8.37594593e-11 
91.25 9.597041861e-10 3.388966216e-11 
91.3 9.613986692e-10 -1.49427887e-11 
91.35 9.606515298e-10 -6.263915244e-11 
91.4 9.575195722e-10 -1.091057501e-10 
91.45 9.520642847e-10 -1.54254085e-10 
91.5 9.443515804e-10 -1.980009471e-10 
91.55 9.344515331e-10 -2.402685024e-10 
91.6 9.224381079e-10 -2.809843665e-10 
91.65 9.083888896e-10 -3.200816628e-10 
91.7 8.923848065e-10 -3.574990657e-10 
91.75 8.745098532e-10 -3.931808293e-10 
91.8 8.548508117e-10 -4.270768013e-10 
91.85 8.334969717e-10 -4.591424218e-10 
91.9 8.105398506e-10 -4.893387099e-10 
91.95 7.860729151e-10 -5.176322346e-10 
92 7.601913033e-10 -5.439950745e-10 
92.05 7.329915496e-10 -5.684047628e-10 
92.1 7.045713115e-10 -5.908442212e-10 
92.15 6.750291004e-10 -6.113016813e-10 
92.2 6.444640163e-10 -6.297705943e-10 
92.25 6.129754866e-10 -6.462495302e-10 
92.3 5.806630101e-10 -6.607420663e-10 
92.35 5.476259068e-10 -6.732566652e-10 
92.4 5.139630735e-10 -6.838065439e-10 
92.45 4.797727464e-10 -6.92409534e-10 
92.5 4.451522697e-10 -6.990879329e-10 
92.55 4.10197873e-10 -7.038683481e-10 
92.6 3.750044556e-10 -7.06781533e-10 
92.65 3.39665379e-10 -7.078622175e-10 
92.7 3.042722681e-10 -7.07148931e-10 
92.75 2.689148215e-10 -7.046838211e-10 
92.8 2.336806305e-10 -7.005124667e-10 
92.85 1.986550071e-10 -6.946836865e-10 
92.9 1.639208228e-10 -6.872493447e-10 
92.95 1.295583556e-10 -6.782641522e-10 
93 9.564514796e-11 -6.677854662e-10 
93.05 6.225587465e-11 -6.55873087e-10 
93.1 2.946222031e-11 -6.425890535e-10 
93.15 -2.667232371e-12 -6.279974382e-10 
93.2 -3.406710428e-11 -6.121641406e-10 
93.25 -6.467531131e-11 -5.951566819e-10 
93.3 -9.443314541e-11 -5.770439993e-10 
93.35 -1.232853454e-10 -5.57896242e-10 
93.4 -1.511801575e-10 -5.377845687e-10 
93.45 -1.780693859e-10 -5.167809466e-10 
93.5 -2.039084332e-10 -4.949579537e-10 
93.55 -2.286563309e-10 -4.723885832e-10 
93.6 -2.522757601e-10 -4.49146052e-10 
93.65 -2.747330627e-10 -4.253036127e-10 
93.7 -2.959982433e-10 -4.009343693e-10 
93.75 -3.160449618e-10 -3.761110979e-10 
93.8 -3.348505167e-10 -3.509060723e-10 
93.85 -3.523958203e-10 -3.253908947e-10 
93.9 -3.68665365e-10 -2.996363313e-10 
93.95 -3.836471816e-10 -2.737121548e-10 
94 -3.973327893e-10 -2.476869918e-10 
94.05 -4.097171389e-10 -2.216281776e-10 
94.1 -4.207985478e-10 -1.956016162e-10 
94.15 -4.305786286e-10 -1.696716484e-10 
94.2 -4.39062211e-10 -1.439009257e-10 
94.25 -4.462572573e-10 -1.183502921e-10 
94.3 -4.521747719e-10 -9.307867189e-11 
94.35 -4.568287055e-10 -6.814296649e-11 
94.4 -4.602358538e-10 -4.359795706e-11 
94.45 -4.624157517e-10 -1.949621544e-11 
94.5 -4.633905625e-10 4.111977533e-12 
94.55 -4.631849636e-10 2.717870622e-11 
94.6 -4.618260283e-10 4.965848674e-11 
94.65 -4.593431039e-10 7.150832599e-11 
94.7 -4.557676876e-10 9.268777303e-11 
94.75 -4.51133299e-10 1.131589631e-10 
94.8 -4.454753508e-10 1.32886654e-10 
94.85 -4.388310181e-10 1.518382552e-10 
94.9 -4.312391054e-10 1.699838497e-10 
94.95 -4.227399129e-10 1.872962087e-10 
95 -4.133751025e-10 2.037507991e-10 
95.05 -4.031875625e-10 2.193257843e-10 
95.1 -3.922212733e-10 2.340020178e-10 
95.15 -3.805211724e-10 2.47763031e-10 
95.2 -3.681330208e-10 2.605950139e-10 
95.25 -3.551032702e-10 2.724867896e-10 
95.3 -3.414789307e-10 2.834297833e-10 
95.35 -3.273074415e-10 2.934179853e-10 
95.4 -3.126365422e-10 3.024479077e-10 
95.45 -2.975141469e-10 3.105185371e-10 
95.5 -2.8198822e-10 3.176312811e-10 
95.55 -2.661066559e-10 3.2378991e-10 
95.6 -2.499171604e-10 3.290004951e-10 
95.65 -2.334671357e-10 3.332713407e-10 
95.7 -2.168035687e-10 3.36612914e-10 
95.75 -1.99972923e-10 3.390377696e-10 
95.8 -1.830210345e-10 3.405604715e-10 
95.85 -1.659930109e-10 3.411975114e-10 
95.9 -1.489331353e-10 3.409672242e-10 
95.95 -1.318847741e-10 3.398897003e-10 
96 -1.148902891e-10 3.379866965e-10 
96.05 -9.799095428e-11 3.352815436e-10 
96.1 -8.12268771e-11 3.317990527e-10 
96.15 -6.463692447e-11 3.275654202e-10 
96.2 -4.825865346e-11 3.22608131e-10 
96.25 -3.212824691e-11 3.169558604e-10 
96.3 -1.628045389e-11 3.106383762e-10 
96.35 -7.485350805e-13 3.036864395e-10 
96.4 1.443578689e-11 2.961317052e-10 
96.45 2.924237216e-11 2.880066233e-10 
96.5 4.364270332e-11 2.793443391e-10 
96.55 5.760992027e-11 2.701785954e-10 
96.6 7.111885005e-11 2.605436345e-10 
96.65 8.414603177e-11 2.504741012e-10 
96.7 9.666973683e-11 2.400049471e-10 
96.75 1.086699842e-10 2.291713365e-10 
96.8 1.20128551e-10 2.180085539e-10 
96.85 1.310289787e-10 2.065519125e-10 
96.9 1.413565743e-10 1.948366658e-10 
96.95 1.510984076e-10 1.828979204e-10 
97 1.602433036e-10 1.70770552e-10 
97.05 1.687818312e-10 1.58489123e-10 
97.1 1.767062874e-10 1.460878034e-10 
97.15 1.840106776e-10 1.336002939e-10 
97.2 1.906906923e-10 1.210597527e-10 
97.25 1.967436799e-10 1.084987243e-10 
97.3 2.021686161e-10 9.594907218e-11 
97.35 2.069660697e-10 8.344191457e-11 
97.4 2.111381654e-10 7.100756322e-11 
97.45 2.146885436e-10 5.867546587e-11 
97.5 2.176223169e-10 4.647415204e-11 
97.55 2.199460245e-10 3.44311824e-11 
97.6 2.216675836e-10 2.257310161e-11 
97.65 2.227962387e-10 1.092539489e-11 
97.7 2.233425085e-10 -4.875519189e-13 
97.75 2.233181309e-10 -1.164248854e-11 
97.8 2.227360064e-10 -2.251733287e-11 
97.85 2.216101398e-10 -3.309119987e-11 
97.9 2.199555798e-10 -4.334442686e-11 
97.95 2.177883584e-10 -5.325859518e-11 
98 2.151254287e-10 -6.281654823e-11 
98.05 2.119846013e-10 -7.200240595e-11 
98.1 2.08384481e-10 -8.080157587e-11 
98.15 2.043444022e-10 -8.920076052e-11 
98.2 1.998843642e-10 -9.718796162e-11 
98.25 1.950249661e-10 -1.047524808e-10 
98.3 1.89787342e-10 -1.118849171e-10 
98.35 1.841930962e-10 -1.185771612e-10 
98.4 1.782642381e-10 -1.24822387e-10 
98.45 1.720231188e-10 -1.306150393e-10 
98.5 1.654923668e-10 -1.359508192e-10 
98.55 1.586948258e-10 -1.408266671e-10 
98.6 1.516534925e-10 -1.452407417e-10 
98.65 1.443914554e-10 -1.491923978e-10 
98.7 1.369318355e-10 -1.526821606e-10 
98.75 1.292977275e-10 -1.557116984e-10 
98.8 1.215121426e-10 -1.582837923e-10 
98.85 1.13597953e-10 -1.604023046e-10 
98.9 1.055778377e-10 -1.620721446e-10 
98.95 9.74742305e-11 -1.632992329e-10 
99 8.930926886e-11 -1.640904636e-10 
99.05 8.110474568e-11 -1.644536655e-10 
99.1 7.28820624e-11 -1.643975611e-10 
99.15 6.466218435e-11 -1.639317252e-10 
99.2 5.646559809e-11 -1.630665413e-10 
99.25 4.831227102e-11 -1.618131577e-10 
99.3 4.022161314e-11 -1.601834423e-10 
99.35 3.221244103e-11 -1.581899369e-10 
99.4 2.430294419e-11 -1.558458105e-10 
99.45 1.651065366e-11 -1.531648124e-10 
99.5 8.852413038e-12 -1.501612248e-10 
99.55 1.344351798e-12 -1.468498148e-10 
99.6 -5.998138945e-12 -1.432457871e-10 
99.65 -1.31604283e-11 -1.393647354e-10 
99.7 -2.012866507e-11 -1.352225956e-10 
99.75 -2.688979485e-11 -1.308355975e-10 
99.8 -3.343157473e-11 -1.262202178e-10 
99.85 -3.974258562e-11 -1.213931336e-10 
99.9 -4.58122423e-11 -1.16371176e-10 
99.95 -5.16308011e-11 -1.111712845e-10 
100 -5.718936532e-11 -1.058104623e-10 
