0.05 0.049375 0.9740626302 
0.1 0.09740764869 0.9463633162 
0.15 0.1440127703 0.9170221955 
0.2 0.1891113469 0.8861647061 
0.25 0.2326307465 0.8539201365 
0.3 0.2745048805 0.820420217 
0.35 0.3146742907 0.7857977833 
0.4 0.3530861728 0.7501855336 
0.45 0.3896943395 0.7137148974 
0.5 0.4244591305 0.6765150296 
0.55 0.4573472751 0.6387119378 
0.6 0.4883317151 0.6004277476 
0.65 0.5173913935 0.5617801036 
0.7 0.5445110178 0.5228817054 
0.75 0.5696808022 0.483839969 
0.8 0.5928961965 0.4447568069 
0.85 0.6141576073 0.4057285149 
0.9 0.6334701149 0.3668457551 
0.95 0.6508431926 0.3281936213 
1 0.6662904308 0.2898517758 
1.05 0.6798292697 0.2518946434 
1.1 0.6914807424 0.2143916522 
1.15 0.7012692321 0.1774075082 
1.2 0.7092222429 0.1410024946 
1.25 0.7153701864 0.1052327849 
1.3 0.719746184 0.07015076104 
1.35 0.7223858855 0.03580533012 
1.4 0.7233273031 0.002242230997 
1.45 0.7226106601 -0.0304956736 
1.5 0.7202782548 -0.06236812513 
1.55 0.7163743363 -0.09333722124 
1.6 0.7109449928 -0.123367195 
1.65 0.7040380499 -0.1524242237 
1.7 0.6957029777 -0.1804762691 
1.75 0.6859908054 -0.2074929499 
1.8 0.674954041 -0.233445447 
1.85 0.6626465953 -0.2583064411 
1.9 0.6491237079 -0.2820500822 
1.95 0.6344418744 -0.3046519887 
2 0.6186587723 -0.3260892762 
2.05 0.6018331855 -0.3463406114 
2.1 0.5840249247 -0.3653862898 
2.15 0.5652947439 -0.3832083345 
2.2 0.5457042515 -0.3997906107 
2.25 0.5253158148 -0.4151189554 
2.3 0.5041924586 -0.4291813149 
2.35 0.4823977555 -0.441967889 
2.4 0.4599957102 -0.4534712766 
2.45 0.4370506355 -0.4636866182 
2.5 0.4136270223 -0.4726117327 
2.55 0.3897894016 -0.4802472431 
2.6 0.3656022019 -0.4865966891 
2.65 0.3411296007 -0.4916666218 
2.7 0.3164353715 -0.4954666795 
2.75 0.2915827281 -0.4980096403 
2.8 0.2666341665 -0.4993114503 
2.85 0.241651306 -0.4993912271 
2.9 0.2166947314 -0.4982712357 
2.95 0.1918238356 -0.4959768382 
3 0.1670966672 -0.4925364169 
3.05 0.1425697814 -0.4879812715 
3.1 0.118298097 -0.4823454923 
3.15 0.09433476037 -0.47566581 
3.2 0.07073101736 -0.4679814262 
3.25 0.04753609437 -0.4593338249 
3.3 0.02479708903 -0.4497665692 
3.35 0.002558871489 -0.4393250859 
3.4 -0.01913600321 -0.4280564407 
3.45 -0.04024737143 -0.4160091073 
3.5 -0.06073752547 -0.4032327328 
3.55 -0.08057126642 -0.3897779042 
3.6 -0.09971594528 -0.3756959157 
3.65 -0.1181414927 -0.3610385425 
3.7 -0.1358204371 -0.3458578211 
3.75 -0.152727913 -0.3302058389 
3.8 -0.1688416577 -0.3141345349 
3.85 -0.1841419996 -0.297695513 
3.9 -0.1986118367 -0.2809398678 
3.95 -0.2122366069 -0.2639180253 
4 -0.2250042508 -0.2466795972 
4.05 -0.2369051678 -0.2292732505 
4.1 -0.2479321653 -0.211746591 
4.15 -0.2580804034 -0.1941460613 
4.2 -0.2673473339 -0.1765168519 
4.25 -0.2757326361 -0.1589028255 
4.3 -0.2832381481 -0.1413464533 
4.35 -0.2898677964 -0.1238887618 
4.4 -0.2956275221 -0.1065692904 
4.45 -0.3005252056 -0.08942605731 
4.5 -0.3045705898 -0.07249553399 
4.55 -0.3077752023 -0.05581262586 
4.6 -0.3101522768 -0.03941065922 
4.65 -0.3117166735 -0.02332137288 
4.7 -0.3124848 -0.007574913788 
4.75 -0.3124745313 0.007800164227 
4.8 -0.3117051304 0.02277689936 
4.85 -0.3101971684 0.03732991899 
4.9 -0.3079724457 0.05143543565 
4.95 -0.3050539122 0.06507124225 
5 -0.3014655888 0.078216707 
5.05 -0.2972324889 0.09085276802 
5.1 -0.2923805395 0.1029619282 
5.15 -0.2869365036 0.1145282498 
5.2 -0.2809279021 0.1255373495 
5.25 -0.2743829364 0.1359763933 
5.3 -0.2673304107 0.1458340905 
5.35 -0.2597996555 0.1551006888 
5.4 -0.2518204503 0.1637679673 
5.45 -0.2434229477 0.1718292289 
5.5 -0.2346375969 0.1792792919 
5.55 -0.2254950687 0.1861144797 
5.6 -0.2160261801 0.192332608 
5.65 -0.2062618202 0.1979329708 
5.7 -0.1962328768 0.2029163228 
5.75 -0.1859701635 0.2072848592 
5.8 -0.1755043485 0.2110421931 
5.85 -0.1648658843 0.2141933283 
5.9 -0.1540849386 0.2167446297 
5.95 -0.1431913276 0.2187037891 
6 -0.1322144499 0.2200797882 
6.05 -0.1211832234 0.2208828572 
6.1 -0.1101260238 0.2211244298 
6.15 -0.09907062559 0.2208170951 
6.2 -0.08804414572 0.2199745454 
6.25 -0.07707298949 0.218611521 
6.3 -0.06618279975 0.2167437522 
6.35 -0.05539840887 0.2143878977 
6.4 -0.04474379382 0.2115614818 
6.45 -0.03424203458 0.2082828283 
6.5 -0.02391527575 0.2045709931 
6.55 -0.01378469172 0.2004456957 
6.6 -0.003870455177 0.1959272493 
6.65 0.005808290814 0.19103649 
6.7 0.01523345719 0.1857947065 
6.75 0.02438802974 0.1802235695 
6.8 0.03325608646 0.1743450612 
6.85 0.04182281141 0.1681814065 
6.9 0.05007450509 0.1617550049 
6.95 0.05799859147 0.1550883633 
7 0.06558362181 0.1482040319 
7.05 0.07281927511 0.1411245405 
7.1 0.07969635563 0.1338723383 
7.15 0.08620678731 0.1264697349 
7.2 0.09234360541 0.118938845 
7.25 0.09810094536 0.1113015345 
7.3 0.103474029 0.1035793703 
7.35 0.1084591486 0.09579357221 
7.4 0.1130536479 0.08796496818 
7.45 0.117255902 0.08011395178 
7.5 0.1210652941 0.07226044292 
7.55 0.1244821913 0.06442385121 
7.6 0.1275079178 0.05662304197 
7.65 0.1301447271 0.04887630505 
7.7 0.1323957726 0.04120132609 
7.75 0.1342650764 0.0336151605 
7.8 0.1357574974 0.02613420969 
7.85 0.1368786979 0.01877419982 
7.9 0.1376351094 0.01155016273 
7.95 0.1380338975 0.004476419101 
8 0.1380829257 -0.00243343627 
8.05 0.1377907191 -0.009166547206 
8.1 0.137166427 -0.0157108069 
8.15 0.136219785 -0.02205486677 
8.2 0.1349610773 -0.02818814357 
8.25 0.1334010981 -0.03410082461 
8.3 0.1315511126 -0.03978387145 
8.35 0.129422819 -0.04522902174 
8.4 0.1270283087 -0.05042878959 
8.45 0.1243800286 -0.05537646433 
8.5 0.1214907412 -0.06006610764 
8.55 0.118373487 -0.06449254926 
8.6 0.1150415458 -0.06865138117 
8.65 0.1115083989 -0.0725389503 
8.7 0.1077876914 -0.07615234979 
8.75 0.1038931953 -0.07948940885 
8.8 0.09983877273 -0.08254868119 
8.85 0.09563834036 -0.08532943213 
8.9 0.09130583388 -0.08783162431 
8.95 0.08685517366 -0.09005590214 
9 0.08230023097 -0.09200357494 
9.05 0.07765479527 -0.09367659884 
9.1 0.07293254223 -0.09507755754 
9.15 0.06814700295 -0.09620964185 
9.2 0.06331153405 -0.09707662822 
9.25 0.05843928897 -0.09768285615 
9.3 0.05354319041 -0.09803320473 
9.35 0.04863590391 -0.0981330682 
9.4 0.04372981276 -0.09798833074 
9.45 0.03883699408 -0.09760534048 
9.5 0.03396919635 -0.09699088287 
9.55 0.02913781818 -0.09615215345 
9.6 0.02435388849 -0.0950967301 
9.65 0.01962804809 -0.09383254496 
9.7 0.01497053269 -0.09236785597 
9.75 0.01039115734 -0.0907112182 
9.8 0.005899302227 -0.08887145502 
9.85 0.00150390005 -0.08685762931 
9.9 -0.002786575271 -0.08467901462 
9.95 -0.006964118403 -0.0823450665 
10 -0.01102120098 -0.07986539408 
10.05 -0.01495077859 -0.07724973187 
10.1 -0.01874629633 -0.074507912 
10.15 -0.02240169299 -0.07164983691 
10.2 -0.02591140391 -0.0686854525 
10.25 -0.02927036249 -0.06562472193 
10.3 -0.03247400041 -0.06247760006 
10.35 -0.03551824655 -0.05925400853 
10.4 -0.03839952474 -0.05596381166 
10.45 -0.04111475033 -0.05261679314 
10.5 -0.04366132554 -0.04922263354 
10.55 -0.04603713375 -0.0457908887 
10.6 -0.04824053279 -0.04233096906 
10.65 -0.0502703471 -0.03885211989 
10.7 -0.05212585905 -0.03536340247 
10.75 -0.05380679923 -0.03187367634 
10.8 -0.05531333595 -0.02839158242 
10.85 -0.05664606391 -0.02492552722 
10.9 -0.0578059921 -0.02148366801 
10.95 -0.05879453095 -0.01807389907 
11 -0.05961347889 -0.01470383889 
11.05 -0.06026500821 -0.01138081846 
11.1 -0.06075165046 -0.008111870481 
11.15 -0.0610762812 -0.00490371967 
11.2 -0.06124210447 -0.00176277404 
11.25 -0.06125263665 0.001304882847 
11.3 -0.06111169013 0.004293498626 
11.35 -0.06082335656 0.007197657914 
11.4 -0.06039198988 0.01001228714 
11.45 -0.05982218909 0.01273265843 
11.5 -0.05911878094 0.01535439258 
11.55 -0.05828680237 0.01787346111 
11.6 -0.05733148297 0.02028618746 
11.65 -0.05625822736 0.02258924727 
11.7 -0.05507259758 0.02477966784 
11.75 -0.05378029553 0.0268548268 
11.8 -0.05238714549 0.02881244989 
11.85 -0.05089907679 0.03065060805 
11.9 -0.04932210664 0.0323677137 
11.95 -0.04766232314 0.03396251629 
12 -0.04592586855 0.03543409718 
12.05 -0.04411892284 0.03678186381 
12.1 -0.04224768755 0.03800554322 
12.15 -0.04031836995 0.03910517498 
12.2 -0.03833716763 0.04008110349 
12.25 -0.03631025342 0.04093396974 
12.3 -0.03424376082 0.04166470252 
12.35 -0.0321437698 0.04227450918 
12.4 -0.03001629311 0.04276486585 
12.45 -0.02786726313 0.04313750731 
12.5 -0.02570251914 0.04339441638 
12.55 -0.02352779522 0.04353781304 
12.6 -0.02134870867 0.0435701431 
12.65 -0.01917074899 0.04349406673 
12.7 -0.01699926748 0.04331244656 
12.75 -0.01483946737 0.04302833572 
12.8 -0.01269639464 0.04264496557 
12.85 -0.0105749294 0.04216573337 
12.9 -0.008479777898 0.04159418973 
12.95 -0.006415465185 0.0409340261 
13 -0.00438632837 0.04018906211 
13.05 -0.002396510535 0.03936323296 
13.1 -0.0004499552723 0.03846057679 
13.15 0.001449598151 0.03748522213 
13.2 0.003298618996 0.03644137538 
13.25 0.005093788639 0.03533330851 
13.3 0.006832003539 0.03416534677 
13.35 0.008510377598 0.03294185667 
13.4 0.01012624393 0.03166723408 
13.45 0.01167715602 0.03034589264 
13.5 0.01316088836 0.02898225233 
13.55 0.01457543643 0.02758072837 
13.6 0.01591901624 0.02614572037 
13.65 0.01719006326 0.02468160183 
13.7 0.01838723083 0.02319270994 
13.75 0.01950938814 0.02168333571 
13.8 0.02055561765 0.02015771456 
13.85 0.02152521209 0.01862001715 
13.9 0.022417671 0.01707434069 
13.95 0.02323269683 0.01552470064 
14 0.02397019067 0.01397502283 
14.05 0.02463024755 0.01242913594 
14.1 0.02521315144 0.01089076448 
14.15 0.02571936984 0.009363522188 
14.2 0.02614954808 0.00785090585 
14.25 0.02650450334 0.006356289565 
14.3 0.02678521839 0.004882919473 
14.35 0.02699283502 0.003433908925 
14.4 0.02712864733 0.002012234092 
14.45 0.02719409473 0.0006207300305 
14.5 0.02719075485 -0.0007379128082 
14.55 0.02712033615 -0.00206115163 
14.6 0.02698467052 -0.003346593909 
14.65 0.0267857057 -0.004591999562 
14.7 0.0265254976 -0.0057952827 
14.75 0.02620620253 -0.006954512954 
14.8 0.02583006945 -0.00806791639 
14.85 0.02539943208 -0.009133876012 
14.9 0.02491670108 -0.01015093187 
14.95 0.02438435616 -0.0111177808 
15 0.02380493831 -0.01203327572 
15.05 0.02318104196 -0.01289642466 
15.1 0.02251530728 -0.01370638936 
15.15 0.02181041255 -0.01446248353 
15.2 0.02106906657 -0.01516417084 
15.25 0.02029400125 -0.01581106249 
15.3 0.01948796428 -0.01640291458 
15.35 0.01865371196 -0.01693962513 
15.4 0.01779400218 -0.01742123082 
15.45 0.01691158758 -0.0178479035 
15.5 0.01600920887 -0.01821994645 
15.55 0.01508958836 -0.01853779035 
15.6 0.01415542369 -0.01880198912 
15.65 0.01320938179 -0.01901321551 
15.7 0.01225409303 -0.01917225649 
15.75 0.01129214563 -0.01928000852 
15.8 0.01032608033 -0.01933747261 
15.85 0.009358385247 -0.0193457493 
15.9 0.008391491065 -0.01930603346 
15.95 0.007427766422 -0.01921960902 
16 0.006469513604 -0.01908784363 
16.05 0.005518964489 -0.01891218316 
16.1 0.004578276775 -0.01869414622 
16.15 0.003649530479 -0.01843531865 
16.2 0.002734724718 -0.01813734788 
16.25 0.001835774765 -0.01780193735 
16.3 0.0009545093906 -0.01743084096 
16.35 9.266848157e-05 -0.01702585742 
16.4 -0.0007480990643 -0.01658882475 
16.45 -0.001566237163 -0.01612161473 
16.5 -0.002360284094 -0.01562612745 
16.55 -0.003128873785 -0.01510428592 
16.6 -0.003870736816 -0.01455803071 
16.65 -0.004584701174 -0.01398931479 
16.7 -0.005269692735 -0.01340009831 
16.75 -0.005924735504 -0.01279234363 
16.8 -0.006548951595 -0.01216801041 
16.85 -0.007141560978 -0.01152905081 
16.9 -0.007701880986 -0.01087740486 
16.95 -0.008229325595 -0.01021499597 
17 -0.00872340448 -0.009543726597 
17.05 -0.009183721864 -0.008865474022 
17.1 -0.009609975153 -0.008182086375 
17.15 -0.01000195338 -0.007495378772 
17.2 -0.01035953548 -0.006807129648 
17.25 -0.01068268832 -0.006119077272 
17.3 -0.01097146465 -0.005432916445 
17.35 -0.01122600084 -0.004750295389 
17.4 -0.01144651447 -0.004072812831 
17.45 -0.01163330177 -0.003402015274 
17.5 -0.01178673498 -0.002739394473 
17.55 -0.0119072595 -0.002086385104 
17.6 -0.01199539105 -0.001444362631 
17.65 -0.01205171257 -0.000814641376 
17.7 -0.01207687121 -0.0001984727857 
17.75 -0.01207157509 0.0004029561054 
17.8 -0.01203659003 0.000988524012 
17.85 -0.01197273628 0.001557176542 
17.9 -0.01188088512 0.002107927145 
17.95 -0.01176195546 0.002639857872 
18 -0.01161691038 0.003152119946 
18.05 -0.01144675364 0.003643934148 
18.1 -0.01125252626 0.004114591021 
18.15 -0.01103530297 0.004563450898 
18.2 -0.01079618873 0.00498994376 
18.25 -0.01053631529 0.005393568916 
18.3 -0.01025683767 0.005773894534 
18.35 -0.009958930807 0.006130556999 
18.4 -0.009643786097 0.006463260132 
18.45 -0.009312608083 0.006771774249 
18.5 -0.008966611137 0.007055935093 
18.55 -0.008607016228 0.007315642616 
18.6 -0.008235047737 0.007550859647 
18.65 -0.007851930348 0.007761610424 
18.7 -0.007458886021 0.007947979023 
18.75 -0.007057131036 0.008110107668 
18.8 -0.006647873129 0.008248194948 
18.85 -0.006232308724 0.008362493931 
18.9 -0.00581162025 0.008453310192 
18.95 -0.005386973575 0.008520999765 
19 -0.004959515527 0.008565967016 
19.05 -0.004530371537 0.008588662448 
19.1 -0.004100643384 0.008589580451 
19.15 -0.003671407059 0.008569256993 
19.2 -0.003243710746 0.008528267274 
19.25 -0.002818572918 0.008467223331 
19.3 -0.002396980555 0.008386771619 
19.35 -0.001979887483 0.008287590559 
19.4 -0.001568212842 0.008170388078 
19.45 -0.001162839665 0.008035899125 
19.5 -0.0007646135967 0.007884883193 
19.55 -0.0003743417222 0.00771812183 
19.6 7.208470326e-06 0.007536416167 
19.65 0.000379310008 0.007340584455 
19.7 0.000741277228 0.007131459615 
19.75 0.00109246645 0.006909886825 
19.8 0.001432276529 0.006676721121 
19.85 0.00176014929 0.006432825047 
19.9 0.002075569841 0.006179066335 
19.95 0.002378066781 0.005916315633 
20 0.002667212284 0.005645444281 
20.05 0.002942622084 0.005367322146 
20.1 0.003203955343 0.005082815503 
20.15 0.003450914421 0.004792784985 
20.2 0.003683244545 0.0044980836 
20.25 0.003900733378 0.004199554808 
20.3 0.004103210492 0.003898030674 
20.35 0.004290546758 0.003594330096 
20.4 0.004462653639 0.003289257105 
20.45 0.00461948241 0.002983599249 
20.5 0.004761023291 0.002678126051 
20.55 0.004887304508 0.002373587558 
20.6 0.004998391287 0.002070712967 
20.65 0.005094384777 0.00177020934 
20.7 0.00517542091 0.001472760404 
20.75 0.005241669207 0.001179025439 
20.8 0.005293331532 0.000889638255 
20.85 0.005330640787 0.0006052062545 
20.9 0.005353859577 0.0003263095857 
20.95 0.00536327882 5.350038297e-05 
21 0.005359216335 -0.0002126979044 
21.05 0.005342015388 -0.0004717910962 
21.1 0.005312043215 -0.0007233147783 
21.15 0.005269689525 -0.0009668347142 
21.2 0.005215364979 -0.001201947172 
21.25 0.005149499661 -0.001428279166 
21.3 0.005072541531 -0.00164548862 
21.35 0.004984954881 -0.00185326445 
21.4 0.004887218781 -0.002051326559 
21.45 0.004779825533 -0.002239425774 
21.5 0.004663279126 -0.002417343686 
21.55 0.004538093704 -0.002584892439 
21.6 0.004404792042 -0.002741914432 
21.65 0.004263904045 -0.002888281963 
21.7 0.004115965259 -0.003023896806 
21.75 0.003961515412 -0.003148689725 
21.8 0.003801096975 -0.003262619927 
21.85 0.003635253757 -0.003365674463 
21.9 0.003464529523 -0.003457867568 
21.95 0.003289466659 -0.003539239956 
22 0.00311060486 -0.003609858066 
22.05 0.002928479868 -0.003669813261 
22.1 0.002743622244 -0.003719220985 
22.15 0.002556556184 -0.003758219886 
22.2 0.002367798385 -0.003786970897 
22.25 0.002177856952 -0.003805656288 
22.3 0.001987230354 -0.003814478691 
22.35 0.001796406432 -0.003813660093 
22.4 0.001605861458 -0.003803440811 
22.45 0.001416059242 -0.003784078447 
22.5 0.001227450296 -0.003755846818 
22.55 0.001040471046 -0.003719034888 
22.6 0.0008555431102 -0.003673945671 
22.65 0.000673072614 -0.003620895143 
22.7 0.0004934495756 -0.003560211134 
22.75 0.0003170473389 -0.00349223223 
22.8 0.0001442220634 -0.003417306668 
22.85 -2.468773093e-05 -0.003335791241 
22.9 -0.0001893615638 -0.003248050199 
22.95 -0.0003494973404 -0.00315445417 
23 -0.0005048116434 -0.003055379084 
23.05 -0.0006550399712 -0.002951205116 
23.1 -0.0007999369239 -0.002842315638 
23.15 -0.0009392763375 -0.002729096196 
23.2 -0.001072851367 -0.002611933503 
23.25 -0.00120047452 -0.002491214453 
23.3 -0.00132197764 -0.002367325166 
23.35 -0.001437211849 -0.002240650045 
23.4 -0.001546047431 -0.002111570877 
23.45 -0.001648373684 -0.001980465949 
23.5 -0.001744098724 -0.001847709203 
23.55 -0.001833149244 -0.001713669418 
23.6 -0.001915470236 -0.001578709428 
23.65 -0.001991024678 -0.001443185371 
23.7 -0.002059793176 -0.001307445976 
23.75 -0.002121773582 -0.001171831883 
23.8 -0.002176980566 -0.001036675005 
23.85 -0.002225445171 -0.0009022979196 
23.9 -0.002267214326 -0.0007690133055 
23.95 -0.002302350343 -0.0006371234139 
24 -0.002330930376 -0.0005069195797 
24.05 -0.00235304587 -0.0003786817717 
24.1 -0.002368801978 -0.000252678182 
24.15 -0.002378316963 -0.0001291648543 
24.2 -0.002381721585 -8.385351942e-06 
24.25 -0.002379158462 0.0001094295352 
24.3 -0.002370781434 0.0002240620452 
24.35 -0.002356754896 0.0003353076604 
24.4 -0.00233725314 0.0004429752843 
24.45 -0.002312459671 0.0005468873831 
24.5 -0.002282566535 0.0006468800879 
24.55 -0.002247773625 0.0007428032625 
24.6 -0.002208287999 0.0008345205345 
24.65 -0.00216432319 0.000921909292 
24.7 -0.002116098517 0.001004860646 
24.75 -0.002063838401 0.001083279362 
24.8 -0.002007771686 0.001157083756 
24.85 -0.001948130963 0.001226205559 
24.9 -0.001885151901 0.001290589761 
24.95 -0.001819072593 0.001350194411 
25 -0.001750132905 0.001404990406 
25.05 -0.001678573838 0.001454961238 
25.1 -0.001604636911 0.001500102728 
25.15 -0.001528563544 0.00154042273 
25.2 -0.001450594468 0.001575940813 
25.25 -0.001370969147 0.001606687927 
25.3 -0.00128992522 0.001632706041 
25.35 -0.001207697953 0.00165404777 
25.4 -0.001124519723 0.001670775979 
25.45 -0.001040619509 0.001682963378 
25.5 -0.0009562224184 0.001690692095 
25.55 -0.0008715492183 0.001694053245 
25.6 -0.000786815903 0.001693146477 
25.65 -0.0007022332759 0.001688079522 
25.7 -0.000618006558 0.001678967725 
25.75 -0.0005343350185 0.001665933572 
25.8 -0.0004514116296 0.00164910621 
25.85 -0.000369422746 0.001628620967 
25.9 -0.0002885478073 0.001604618858 
25.95 -0.0002089590664 0.001577246104 
26 -0.0001308213412 0.001546653637 
26.05 -5.42917912e-05 0.001512996612 
26.1 2.048028128e-05 0.00147643392 
26.15 9.335360572e-05 0.001437127701 
26.2 0.000164195094 0.001395242867 
26.25 0.0002328799667 0.001350946623 
26.3 0.0002992918562 0.001304407996 
26.35 0.0003633228862 0.001255797379 
26.4 0.0004248737282 0.001205286067 
26.45 0.0004838536356 0.00115304582 
26.5 0.000540180456 0.001099248422 
26.55 0.0005937806213 0.001044065258 
26.6 0.0006445891177 0.000987666899 
26.65 0.0006925494345 0.0009302227036 
26.7 0.0007376134937 0.0008719004269 
26.75 0.0007797415605 0.000812865847 
26.8 0.0008189021349 0.0007532824037 
26.85 0.000855071826 0.0006933108533 
26.9 0.0008882352097 0.0006331089371 
26.95 0.0009183846696 0.0005728310667 
27 0.0009455202229 0.0005126280245 
27.05 0.0009696493315 0.0004526466814 
27.1 0.0009907866999 0.0003930297301 
27.15 0.00100895406 0.0003339154364 
27.2 0.001024179942 0.0002754374067 
27.25 0.001036499439 0.0002177243734 
27.3 0.001045953956 0.000160899997 
27.35 0.001052590951 0.0001050826862 
27.4 0.00105646367 5.03854355e-05 
27.45 0.001057630872 -3.084320718e-06 
27.5 0.001056156545 -5.522483572e-05 
27.55 0.001052109624 -0.0001059401613 
27.6 0.001045563691 -0.0001551402415 
27.65 0.001036596688 -0.0002027409895 
27.7 0.001025290606 -0.0002486643475 
27.75 0.00101173119 -0.0002928383309 
27.8 0.000996007634 -0.0003351970559 
27.85 0.00097821227 -0.0003756807513 
27.9 0.0009584402678 -0.0004142357551 
27.95 0.0009367893272 -0.0004508144964 
28 0.000913359375 -0.0004853754619 
28.05 0.0008882522625 -0.000517883149 
28.1 0.0008615714668 -0.0005483080048 
28.15 0.0008334217949 -0.0005766263521 
28.2 0.0008039090916 -0.0006028203027 
28.25 0.0007731399529 -0.0006268776584 
28.3 0.0007412214437 -0.0006487918008 
28.35 0.0007082608218 -0.0006685615691 
28.4 0.0006743652684 -0.0006861911287 
28.45 0.0006396416249 -0.0007016898291 
28.5 0.0006041961376 -0.0007150720524 
28.55 0.0005681342099 -0.0007263570537 
28.6 0.0005315601626 -0.0007355687929 
28.65 0.0004945770033 -0.0007427357592 
28.7 0.000457286204 -0.0007478907891 
28.75 0.0004197874885 -0.0007510708774 
28.8 0.0003821786296 -0.0007523169833 
28.85 0.0003445552553 -0.0007516738309 
28.9 0.0003070106658 -0.0007491897064 
28.95 0.0002696356607 -0.0007449162498 
29 0.0002325183763 -0.0007389082452 
29.05 0.0001957441338 -0.0007312234073 
29.1 0.0001593952979 -0.0007219221668 
29.15 0.0001235511467 -0.0007110674534 
29.2 8.82877523e-05 -0.0006987244792 
29.25 5.367787145e-05 -0.0006849605208 
29.3 1.97908484e-05 -0.0006698447022 
29.35 -1.330747233e-05 -0.0006534477783 
29.4 -4.555482205e-05 -0.0006358419201 
29.45 -7.689257332e-05 -0.000617100501 
29.5 -0.0001072657948 -0.000597297886 
29.55 -0.0001366232957 -0.0005765092234 
29.6 -0.0001649176595 -0.0005548102403 
29.65 -0.000192105268 -0.0005322770403 
29.7 -0.0002181463153 -0.000508985907 
29.75 -0.0002430048116 -0.0004850131108 
29.8 -0.0002666485779 -0.0004604347208 
29.85 -0.0002890492315 -0.0004353264219 
29.9 -0.0003101821621 -0.0004097633372 
29.95 -0.0003300264992 -0.0003838198567 
30 -0.0003485650715 -0.0003575694711 
30.05 -0.0003657843578 -0.0003310846129 
30.1 -0.0003816744301 -0.0003044365035 
30.15 -0.0003962288894 -0.0002776950072 
30.2 -0.0004094447943 -0.0002509284921 
30.25 -0.0004213225826 -0.0002242036982 
30.3 -0.000431865987 -0.0001975856129 
30.35 -0.0004410819442 -0.0001711373536 
30.4 -0.0004489804986 -0.0001449200582 
30.45 -0.0004555747009 -0.0001189927829 
30.5 -0.0004608805012 -9.341240751e-05 
30.55 -0.0004649166382 -6.823354927e-05 
30.6 -0.0004677045239 -4.350848341e-05 
30.65 -0.0004692681247 -1.92870721e-05 
30.7 -0.0004696338387 4.383299137e-06 
30.75 -0.000468830371 2.745777725e-05 
30.8 -0.0004668886053 4.989408988e-05 
30.85 -0.0004638414739 7.165258598e-05 
30.9 -0.0004597238257 9.269626899e-05 
30.95 -0.0004545722926 0.0001129908226 
31 -0.0004484251554 0.0001325046294 
31.05 -0.0004413222079 0.0001512087818 
31.1 -0.0004333046216 0.0001690770874 
31.15 -0.0004244148096 0.0001860860655 
31.2 -0.0004146962916 0.0002022149388 
31.25 -0.0004041935587 0.0002174456176 
31.3 -0.0003929519394 0.0002317626784 
31.35 -0.0003810174672 0.0002451533354 
31.4 -0.0003684367495 0.0002576074078 
31.45 -0.0003552568378 0.0002691172798 
31.5 -0.000341525101 0.0002796778563 
31.55 -0.0003272891005 0.0002892865135 
31.6 -0.0003125964675 0.0002979430436 
31.65 -0.0002974947842 0.0003056495963 
31.7 -0.0002820314669 0.0003124106147 
31.75 -0.0002662536535 0.0003182327678 
31.8 -0.0002502080935 0.0003231248794 
31.85 -0.0002339410425 0.0003270978524 
31.9 -0.0002174981597 0.0003301645907 
31.95 -0.0002009244103 0.0003323399182 
32 -0.0001842639714 0.0003336404943 
32.05 -0.000167560142 0.0003340847275 
32.1 -0.0001508552584 0.0003336926868 
32.15 -0.0001341906129 0.0003324860111 
32.2 -0.0001176063779 0.0003304878167 
32.25 -0.0001011415339 0.0003277226039 
32.3 -8.483380345e-05 0.0003242161621 
32.35 -6.871958819e-05 0.0003199954744 
32.4 -5.283391216e-05 0.0003150886214 
32.45 -3.721036909e-05 0.0003095246847 
32.5 -2.188107482e-05 0.0003033336502 
32.55 -6.876624493e-06 0.0002965463117 
32.6 7.773945428e-06 0.0002891941751 
32.65 2.204319039e-05 0.0002813093626 
32.7 3.590528618e-05 0.0002729245185 
32.75 4.933605268e-05 0.0002640727153 
32.8 6.231297293e-05 0.0002547873616 
32.85 7.481520769e-05 0.0002451021114 
32.9 8.682360544e-05 0.0002350507745 
32.95 9.832070792e-05 0.0002246672296 
33 0.0001092907515 0.0002139853383 
33.05 0.0001197196641 0.0002030388628 
33.1 0.0001295950584 0.0001918613839 
33.15 0.0001389062204 0.0001804862232 
33.2 0.0001476440949 0.0001689463672 
33.25 0.0001558012667 0.0001572743937 
33.3 0.0001633719383 0.0001455024016 
33.35 0.0001703519044 0.0001336619436 
33.4 0.000176738523 0.0001217839617 
33.45 0.000182530683 0.0001098987257 
33.5 0.0001877287692 9.803577507e-05 
33.55 0.0001923346246 8.622386423e-05 
33.6 0.0001963515097 7.449091072e-05 
33.65 0.000199784059 6.2863947e-05 
33.7 0.0002026382363 5.136907552e-05 
33.75 0.0002049212866 4.003142728e-05 
33.8 0.0002066416867 2.887512368e-05 
33.85 0.0002078090939 1.792324195e-05 
33.9 0.0002084342926 7.197783929e-06 
33.95 0.0002085291403 -3.280351712e-06 
34 0.0002081065115 -1.349139382e-05 
34.05 0.0002071802408 -2.341671972e-05 
34.1 0.0002057650649 -3.303887287e-05 
34.15 0.0002038765643 -4.234157711e-05 
34.2 0.0002015311032 -5.130974775e-05 
34.25 0.0001987457705 -5.992949932e-05 
34.3 0.0001955383193 -6.818815029e-05 
34.35 0.0001919271065 -7.60742246e-05 
34.4 0.0001879310327 -8.357745022e-05 
34.45 0.0001835694823 -9.068875479e-05 
34.5 0.0001788622632 -9.740025836e-05 
34.55 0.0001738295476 -0.0001037052634 
34.6 0.0001684918133 -0.000109598242 
34.65 0.0001628697854 -0.0001150748208 
34.7 0.0001569843789 -0.0001201317633 
34.75 0.0001508566426 -0.0001247669493 
34.8 0.0001445077037 -0.0001289793533 
34.85 0.0001379587135 -0.0001327690192 
34.9 0.0001312307947 -0.0001361370342 
34.95 0.0001243449902 -0.0001390855003 
35 0.0001173222124 -0.000141617504 
35.05 0.0001101831953 -0.0001437370842 
35.1 0.0001029484478 -0.0001454491989 
35.15 9.563820806e-05 -0.0001467596899 
35.2 8.827240061e-05 -0.000147675247 
35.25 8.087059479e-05 -0.00014820337 
35.3 7.345196516e-05 -0.0001483523307 
35.35 6.603525387e-05 -0.0001481311329 
35.4 5.863873512e-05 -0.0001475494723 
35.45 5.12801815e-05 -0.0001466176954 
35.5 4.397683256e-05 -0.0001453467579 
35.55 3.674536535e-05 -0.0001437481825 
35.6 2.960186714e-05 -0.0001418340164 
35.65 2.256181024e-05 -0.0001396167888 
35.7 1.564002903e-05 -0.0001371094677 
35.75 8.850699027e-06 -0.0001343254173 
35.8 2.207318172e-06 -0.0001312783551 
35.85 -4.277309758e-06 -0.0001279823091 
35.9 -1.059108963e-05 -0.0001244515758 
35.95 -1.672264732e-05 -0.000120700678 
36 -2.266133999e-05 -0.0001167443234 
36.05 -2.839726428e-05 -0.0001125973639 
36.1 -3.392126255e-05 -0.0001082747548 
36.15 -3.922492699e-05 -0.000103791516 
36.2 -4.430060193e-05 -9.916269282e-05 
36.25 -4.914138414e-05 -9.440331826e-05 
36.3 -5.374112125e-05 -8.952837635e-05 
36.35 -5.809440843e-05 -8.455276623e-05 
36.4 -6.219658325e-05 -7.949126744e-05 
36.45 -6.604371885e-05 -7.435850639e-05 
36.5 -6.963261546e-05 -6.916892402e-05 
36.55 -7.296079031e-05 -6.393674467e-05 
36.6 -7.602646609e-05 -5.867594633e-05 
36.65 -7.882855786e-05 -5.340023222e-05 
36.7 -8.136665863e-05 -4.812300365e-05 
36.75 -8.364102361e-05 -4.285733448e-05 
36.8 -8.565255322e-05 -3.761594683e-05 
36.85 -8.74027749e-05 -3.24111884e-05 
36.9 -8.889382386e-05 -2.72550112e-05 
36.95 -9.012842276e-05 -2.21589518e-05 
37 -9.110986048e-05 -1.713411312e-05 
37.05 -9.184196999e-05 -1.21911477e-05 
37.1 -9.232910544e-05 -7.340242549e-06 
37.15 -9.257611854e-05 -2.591105433e-06 
37.2 -9.258833422e-05 2.04704721e-06 
37.25 -9.237152584e-05 6.565500919e-06 
37.3 -9.193188983e-05 1.095605232e-05 
37.35 -9.127601988e-05 1.521101677e-05 
37.4 -9.041088091e-05 1.93232345e-05 
37.45 -8.93437826e-05 2.328607534e-05 
37.5 -8.80823529e-05 2.709344202e-05 
37.55 -8.663451126e-05 3.073977204e-05 
37.6 -8.500844188e-05 3.422003819e-05 
37.65 -8.321256694e-05 3.752974776e-05 
37.7 -8.125551994e-05 4.066494042e-05 
37.75 -7.914611911e-05 4.362218482e-05 
37.8 -7.689334108e-05 4.639857403e-05 
37.85 -7.450629481e-05 4.899171972e-05 
37.9 -7.199419578e-05 5.13997453e-05 
37.95 -6.936634061e-05 5.362127782e-05 
38 -6.66320821e-05 5.565543899e-05 
38.05 -6.380080469e-05 5.750183509e-05 
38.1 -6.088190058e-05 5.916054597e-05 
38.15 -5.788474625e-05 6.063211315e-05 
38.2 -5.481867973e-05 6.191752706e-05 
38.25 -5.169297848e-05 6.301821351e-05 
38.3 -4.851683796e-05 6.393601941e-05 
38.35 -4.529935096e-05 6.467319778e-05 
38.4 -4.204948763e-05 6.523239217e-05 
38.45 -3.877607641e-05 6.561662045e-05 
38.5 -3.548778568e-05 6.582925813e-05 
38.55 -3.219310632e-05 6.587402116e-05 
38.6 -2.890033515e-05 6.575494836e-05 
38.65 -2.561755915e-05 6.547638344e-05 
38.7 -2.235264077e-05 6.504295672e-05 
38.75 -1.911320398e-05 6.445956667e-05 
38.8 -1.590662137e-05 6.373136111e-05 
38.85 -1.274000214e-05 6.286371836e-05 
38.9 -9.620181044e-06 6.186222827e-05 
38.95 -6.553708297e-06 6.073267316e-05 
39 -3.546840424e-06 5.94810088e-05 
39.05 -6.05532064e-07 5.811334538e-05 
39.1 2.264571279e-06 5.663592863e-05 
39.15 5.058139541e-06 5.505512102e-05 
39.2 7.770163467e-06 5.337738318e-05 
39.25 1.039595906e-05 5.160925549e-05 
39.3 1.29311711e-05 4.975733994e-05 
39.35 1.537177579e-05 4.782828236e-05 
39.4 1.771408252e-05 4.582875486e-05 
39.45 1.995473468e-05 4.376543871e-05 
39.5 2.20907098e-05 4.164500762e-05 
39.55 2.411931867e-05 3.947411144e-05 
39.6 2.603820377e-05 3.725936031e-05 
39.65 2.784533693e-05 3.500730934e-05 
39.7 2.953901616e-05 3.272444374e-05 
39.75 3.11178618e-05 3.041716456e-05 
39.8 3.258081197e-05 2.809177493e-05 
39.85 3.392711734e-05 2.575446693e-05 
39.9 3.515633525e-05 2.341130902e-05 
39.95 3.626832321e-05 2.106823414e-05 
40 3.726323187e-05 1.873102836e-05 
40.05 3.814149736e-05 1.640532024e-05 
40.1 3.890383317e-05 1.409657081e-05 
40.15 3.955122156e-05 1.181006425e-05 
40.2 4.008490446e-05 9.550899141e-06 
40.25 4.050637397e-05 7.323980538e-06 
40.3 4.081736255e-05 5.134012578e-06 
40.35 4.101983271e-05 2.985491852e-06 
40.4 4.111596658e-05 8.82701417e-07 
40.45 4.110815501e-05 -1.1702945e-06 
40.5 4.099898652e-05 -3.16965514e-06 
40.55 4.079123607e-05 -5.111767169e-06 
40.6 4.048785352e-05 -6.993247988e-06 
40.65 4.009195208e-05 -8.810948385e-06 
40.7 3.960679657e-05 -1.056195454e-05 
40.75 3.903579156e-05 -1.224358943e-05 
40.8 3.83824696e-05 -1.385341354e-05 
40.85 3.765047922e-05 -1.538922506e-05 
40.9 3.684357313e-05 -1.684905944e-05 
40.95 3.596559635e-05 -1.823118839e-05 
41 3.502047443e-05 -1.953411826e-05 
41.05 3.401220175e-05 -2.075658799e-05 
41.1 3.294482997e-05 -2.189756645e-05 
41.15 3.182245658e-05 -2.29562493e-05 
41.2 3.06492137e-05 -2.393205538e-05 
41.25 2.942925695e-05 -2.482462262e-05 
41.3 2.816675464e-05 -2.563380353e-05 
41.35 2.686587715e-05 -2.635966026e-05 
41.4 2.553078658e-05 -2.700245926e-05 
41.45 2.416562667e-05 -2.756266556e-05 
41.5 2.277451302e-05 -2.804093674e-05 
41.55 2.136152363e-05 -2.843811652e-05 
41.6 1.993068972e-05 -2.87552281e-05 
41.65 1.848598697e-05 -2.899346718e-05 
41.7 1.703132705e-05 -2.915419473e-05 
41.75 1.557054952e-05 -2.923892958e-05 
41.8 1.410741419e-05 -2.924934072e-05 
41.85 1.264559372e-05 -2.918723952e-05 
41.9 1.118866678e-05 -2.905457169e-05 
41.95 9.740111467e-06 -2.885340916e-05 
42 8.30329925e-06 -2.858594186e-05 
42.05 6.881489247e-06 -2.825446939e-05 
42.1 5.477822959e-06 -2.786139263e-05 
42.15 4.095319419e-06 -2.740920526e-05 
42.2 2.73687076e-06 -2.69004854e-05 
42.25 1.405238205e-06 -2.633788705e-05 
42.3 1.030484843e-07 -2.572413174e-05 
42.35 -1.167209331e-06 -2.50620001e-05 
42.4 -2.403186574e-06 -2.435432351e-05 
42.45 -3.602677314e-06 -2.36039759e-05 
42.5 -4.763620278e-06 -2.281386559e-05 
42.55 -5.884100366e-06 -2.19869272e-05 
42.6 -6.962349771e-06 -2.112611382e-05 
42.65 -7.996748703e-06 -2.023438922e-05 
42.7 -8.985825735e-06 -1.931472028e-05 
42.75 -9.928257767e-06 -1.837006958e-05 
42.8 -1.082286963e-05 -1.740338817e-05 
42.85 -1.166863333e-05 -1.64176086e-05 
42.9 -1.246466697e-05 -1.541563811e-05 
42.95 -1.321023327e-05 -1.440035206e-05 
43 -1.390473786e-05 -1.337458767e-05 
43.05 -1.45477272e-05 -1.234113787e-05 
43.1 -1.513888622e-05 -1.130274557e-05 
43.15 -1.567803568e-05 -1.02620981e-05 
43.2 -1.616512923e-05 -9.221821921e-06 
43.25 -1.660025027e-05 -8.184477659e-06 
43.3 -1.698360854e-05 -7.152555413e-06 
43.35 -1.731553646e-05 -6.128470335e-06 
43.4 -1.759648526e-05 -5.114558523e-06 
43.45 -1.782702098e-05 -4.113073202e-06 
43.5 -1.800782019e-05 -3.126181205e-06 
43.55 -1.813966562e-05 -2.155959758e-06 
43.6 -1.822344155e-05 -1.204393562e-06 
43.65 -1.826012918e-05 -2.733721774e-07 
43.7 -1.825080177e-05 6.353122915e-07 
43.75 -1.819661972e-05 1.519967216e-06 
43.8 -1.809882556e-05 2.379001165e-06 
43.85 -1.795873885e-05 3.210925335e-06 
43.9 -1.777775099e-05 4.014354689e-06 
43.95 -1.755732004e-05 4.788008819e-06 
44 -1.729896545e-05 5.530712517e-06 
44.05 -1.700426281e-05 6.241396081e-06 
44.1 -1.667483855e-05 6.919095346e-06 
44.15 -1.631236467e-05 7.562951464e-06 
44.2 -1.591855349e-05 8.172210416e-06 
44.25 -1.549515241e-05 8.746222287e-06 
44.3 -1.504393874e-05 9.284440296e-06 
44.35 -1.456671458e-05 9.786419601e-06 
44.4 -1.406530172e-05 1.025181588e-05 
44.45 -1.354153668e-05 1.068038367e-05 
44.5 -1.299726582e-05 1.10719746e-05 
44.55 -1.243434049e-05 1.142653525e-05 
44.6 -1.185461238e-05 1.174410506e-05 
44.65 -1.125992893e-05 1.202481382e-05 
44.7 -1.065212884e-05 1.22688792e-05 
44.75 -1.003303777e-05 1.247660401e-05 
44.8 -9.404464146e-06 1.264837333e-05 
44.85 -8.768195133e-06 1.278465157e-05 
44.9 -8.125992718e-06 1.28859793e-05 
44.95 -7.479589999e-06 1.29529701e-05 
45 -6.830687613e-06 1.29863072e-05 
45.05 -6.180950335e-06 1.298674005e-05 
45.1 -5.532003857e-06 1.295508091e-05 
45.15 -4.885431733e-06 1.289220119e-05 
45.2 -4.242772509e-06 1.279902791e-05 
45.25 -3.605517041e-06 1.267654002e-05 
45.3 -2.975105981e-06 1.252576466e-05 
45.35 -2.352927468e-06 1.23477735e-05 
45.4 -1.740314992e-06 1.214367892e-05 
45.45 -1.138545452e-06 1.19146303e-05 
45.5 -5.48837399e-07 1.166181026e-05 
45.55 2.765052924e-08 1.13864309e-05 
45.6 5.898209918e-07 1.10897301e-05 
45.65 1.13663914e-06 1.077296782e-05 
45.7 1.667133627e-06 1.043742241e-05 
45.75 2.180397441e-06 1.008438704e-05 
45.8 2.675588554e-06 9.715166129e-06 
45.85 3.151930396e-06 9.331071823e-06 
45.9 3.608712155e-06 8.933420584e-06 
45.95 4.045288906e-06 8.523529825e-06 
46 4.46108158e-06 8.102714631e-06 
46.05 4.855576763e-06 7.672284567e-06 
46.1 5.228326342e-06 7.233540583e-06 
46.15 5.578947001e-06 6.787772011e-06 
46.2 5.90711956e-06 6.336253667e-06 
46.25 6.212588185e-06 5.880243059e-06 
46.3 6.495159451e-06 5.420977713e-06 
46.35 6.754701276e-06 4.959672606e-06 
46.4 6.991141735e-06 4.497517722e-06 
46.45 7.204467745e-06 4.035675733e-06 
46.5 7.39472365e-06 3.575279799e-06 
46.55 7.562009685e-06 3.117431499e-06 
46.6 7.706480353e-06 2.663198891e-06 
46.65 7.828342698e-06 2.213614702e-06 
46.7 7.927854496e-06 1.76967465e-06 
46.75 8.005322363e-06 1.332335898e-06 
46.8 8.061099795e-06 9.025156442e-07 
46.85 8.09558513e-06 4.810898423e-07 
46.9 8.10921946e-06 6.889205868e-08 
46.95 8.102484481e-06 -3.332875399e-07 
47 8.075900303e-06 -7.247030656e-07 
47.05 8.030023214e-06 -1.104653657e-06 
47.1 7.965443411e-06 -1.472484099e-06 
47.15 7.882782704e-06 -1.827585311e-06 
47.2 7.782692201e-06 -2.169394713e-06 
47.25 7.665849972e-06 -2.497396465e-06 
47.3 7.532958709e-06 -2.811121587e-06 
47.35 7.384743382e-06 -3.110147957e-06 
47.4 7.221948897e-06 -3.394100199e-06 
47.45 7.045337764e-06 -3.662649452e-06 
47.5 6.855687775e-06 -3.915513034e-06 
47.55 6.653789709e-06 -4.152453998e-06 
47.6 6.440445056e-06 -4.37328059e-06 
47.65 6.216463771e-06 -4.577845599e-06 
47.7 5.982662064e-06 -4.766045627e-06 
47.75 5.739860234e-06 -4.937820258e-06 
47.8 5.488880533e-06 -5.093151144e-06 
47.85 5.230545095e-06 -5.232061013e-06 
47.9 4.965673901e-06 -5.354612594e-06 
47.95 4.695082812e-06 -5.460907479e-06 
48 4.419581652e-06 -5.551084905e-06 
48.05 4.139972357e-06 -5.625320485e-06 
48.1 3.857047193e-06 -5.68382487e-06 
48.15 3.571587031e-06 -5.726842367e-06 
48.2 3.284359705e-06 -5.754649503e-06 
48.25 2.996118436e-06 -5.767553542e-06 
48.3 2.707600332e-06 -5.76589097e-06 
48.35 2.419524965e-06 -5.750025939e-06 
48.4 2.132593028e-06 -5.720348687e-06 
48.45 1.847485071e-06 -5.677273923e-06 
48.5 1.564860314e-06 -5.621239206e-06 
48.55 1.285355553e-06 -5.552703292e-06 
48.6 1.009584134e-06 -5.472144481e-06 
48.65 7.381350197e-07 -5.38005895e-06 
48.7 4.715719403e-07 -5.276959088e-06 
48.75 2.104326204e-07 -5.163371826e-06 
48.8 -4.47719043e-08 -5.03983698e-06 
48.85 -2.935578903e-07 -4.906905595e-06 
48.9 -5.354694067e-07 -4.765138311e-06 
48.95 -7.70078774e-07 -4.615103734e-06 
49 -9.969869224e-07 -4.457376841e-06 
49.05 -1.21582367e-06 -4.2925374e-06 
49.1 -1.426247925e-06 -4.121168418e-06 
49.15 -1.627947806e-06 -3.943854621e-06 
49.2 -1.820640693e-06 -3.761180968e-06 
49.25 -2.004073202e-06 -3.573731203e-06 
49.3 -2.178021089e-06 -3.382086435e-06 
49.35 -2.34228908e-06 -3.186823777e-06 
49.4 -2.496710643e-06 -2.988515012e-06 
49.45 -2.641147683e-06 -2.787725316e-06 
49.5 -2.775490186e-06 -2.585012024e-06 
49.55 -2.899655792e-06 -2.380923446e-06 
49.6 -3.013589318e-06 -2.17599774e-06 
49.65 -3.117262219e-06 -1.970761826e-06 
49.7 -3.210672007e-06 -1.765730369e-06 
49.75 -3.293841604e-06 -1.561404807e-06 
49.8 -3.366818664e-06 -1.358272441e-06 
49.85 -3.429674842e-06 -1.156805578e-06 
49.9 -3.482505024e-06 -9.574607379e-07 
49.95 -3.525426517e-06 -7.606779144e-07 
50 -3.558578206e-06 -5.668798967e-07 
50.05 -3.582119678e-06 -3.764716505e-07 
50.1 -3.596230316e-06 -1.89839758e-07 
50.15 -3.601108366e-06 -7.35191739e-09 
50.2 -3.596969982e-06 1.706434985e-07 
50.25 -3.584048246e-06 3.438178257e-07 
50.3 -3.562592181e-06 5.11862433e-07 
50.35 -3.532865733e-06 6.744889901e-07 
50.4 -3.495146757e-06 8.314296774e-07 
50.45 -3.449725983e-06 9.824373413e-07 
50.5 -3.396905982e-06 1.127285593e-06 
50.55 -3.337000124e-06 1.265768856e-06 
50.6 -3.270331536e-06 1.397702357e-06 
50.65 -3.197232068e-06 1.522922072e-06 
50.7 -3.11804125e-06 1.641284614e-06 
50.75 -3.033105271e-06 1.752667081e-06 
50.8 -2.942775952e-06 1.856966852e-06 
50.85 -2.847409744e-06 1.954101337e-06 
50.9 -2.747366728e-06 2.044007689e-06 
50.95 -2.64300964e-06 2.126642472e-06 
51 -2.534702906e-06 2.201981284e-06 
51.05 -2.422811702e-06 2.27001835e-06 
51.1 -2.307701031e-06 2.330766077e-06 
51.15 -2.18973483e-06 2.38425457e-06 
51.2 -2.069275092e-06 2.430531125e-06 
51.25 -1.946681024e-06 2.469659681e-06 
51.3 -1.822308225e-06 2.501720259e-06 
51.35 -1.696507902e-06 2.526808358e-06 
51.4 -1.569626105e-06 2.545034344e-06 
51.45 -1.442003001e-06 2.556522805e-06 
51.5 -1.313972184e-06 2.561411893e-06 
51.55 -1.185860007e-06 2.559852648e-06 
51.6 -1.057984957e-06 2.552008308e-06 
51.65 -9.306570659e-07 2.5380536e-06 
51.7 -8.041773481e-07 2.518174027e-06 
51.75 -6.788372838e-07 2.492565145e-06 
51.8 -5.549183331e-07 2.461431827e-06 
51.85 -4.326914887e-07 2.424987532e-06 
51.9 -3.12416865e-07 2.38345356e-06 
51.95 -1.943433244e-07 2.337058316e-06 
52 -7.870814085e-08 2.286036568e-06 
52.05 3.426329987e-08 2.230628709e-06 
52.1 1.443577632e-07 2.171080026e-06 
52.15 2.513743923e-07 2.107639973e-06 
52.2 3.55124898e-07 2.040561451e-06 
52.25 4.554337136e-07 1.970100097e-06 
52.3 5.521381137e-07 1.896513586e-06 
52.35 6.450882993e-07 1.820060945e-06 
52.4 7.341474481e-07 1.74100188e-06 
52.45 8.191917316e-07 1.659596113e-06 
52.5 9.001103e-07 1.576102747e-06 
52.55 9.768052353e-07 1.490779636e-06 
52.6 1.049191473e-06 1.403882781e-06 
52.65 1.117196696e-06 1.315665742e-06 
52.7 1.180761196e-06 1.226379075e-06 
52.75 1.239837712e-06 1.136269784e-06 
52.8 1.294391235e-06 1.045580799e-06 
52.85 1.344398798e-06 9.545504801e-07 
52.9 1.38984923e-06 8.634121363e-07 
52.95 1.430742892e-06 7.723935783e-07 
53 1.467091397e-06 6.817166896e-07 
53.05 1.498917294e-06 5.915970253e-07 
53.1 1.52625375e-06 5.02243436e-07 
53.15 1.549144203e-06 4.13857718e-07 
53.2 1.567641997e-06 3.266342884e-07 
53.25 1.581810013e-06 2.407598879e-07 
53.3 1.59172027e-06 1.564133089e-07 
53.35 1.597453527e-06 7.376515042e-08 
53.4 1.599098864e-06 -7.022401051e-09 
53.45 1.596753259e-06 -8.579576394e-08 
53.5 1.590521152e-06 -1.624101285e-07 
53.55 1.580514e-06 -2.367295977e-07 
53.6 1.566849834e-06 -3.086273025e-07 
53.65 1.549652799e-06 -3.779854924e-07 
53.7 1.529052699e-06 -4.446956006e-07 
53.75 1.505184538e-06 -5.086582855e-07 
53.8 1.478188054e-06 -5.697834478e-07 
53.85 1.448207262e-06 -6.279902248e-07 
53.9 1.415389985e-06 -6.832069619e-07 
53.95 1.379887404e-06 -7.353711618e-07 
54 1.341853594e-06 -7.844294129e-07 
54.05 1.301445074e-06 -8.303372962e-07 
54.1 1.258820364e-06 -8.730592731e-07 
54.15 1.214139537e-06 -9.125685537e-07 
54.2 1.16756379e-06 -9.488469464e-07 
54.25 1.119255017e-06 -9.818846909e-07 
54.3 1.069375392e-06 -1.011680273e-06 
54.35 1.018086959e-06 -1.038240226e-06 
54.4 9.655512394e-07 -1.061578914e-06 
54.45 9.119288415e-07 -1.081718303e-06 
54.5 8.573790893e-07 -1.098687721e-06 
54.55 8.020596592e-07 -1.112523601e-06 
54.6 7.461262318e-07 -1.123269216e-06 
54.65 6.897321565e-07 -1.130974403e-06 
54.7 6.330281301e-07 -1.13569528e-06 
54.75 5.761618905e-07 -1.137493947e-06 
54.8 5.192779245e-07 -1.136438192e-06 
54.85 4.625171914e-07 -1.132601173e-06 
54.9 4.060168619e-07 -1.126061117e-06 
54.95 3.499100732e-07 -1.116900989e-06 
55 2.943256993e-07 -1.10520818e-06 
55.05 2.393881383e-07 -1.091074174e-06 
55.1 1.852171158e-07 -1.074594227e-06 
55.15 1.319275044e-07 -1.055867034e-06 
55.2 7.962916023e-08 -1.034994404e-06 
55.25 2.842677511e-08 -1.012080926e-06 
55.3 -2.158025408e-08 -9.87233649e-07 
55.35 -7.029794018e-08 -9.605617511e-07 
55.4 -1.176378042e-07 -9.321762199e-07 
55.45 -1.635169578e-07 -9.021895326e-07 
55.5 -2.078581698e-07 -8.707153418e-07 
55.55 -2.505899171e-07 -8.378681655e-07 
55.6 -2.916464204e-07 -8.037630828e-07 
55.65 -3.309676646e-07 -7.685154359e-07 
55.7 -3.684994046e-07 -7.322405383e-07 
55.75 -4.041931569e-07 -6.950533912e-07 
55.8 -4.380061767e-07 -6.570684068e-07 
55.85 -4.699014216e-07 -6.1839914e-07 
55.9 -4.998475023e-07 -5.791580296e-07 
55.95 -5.278186207e-07 -5.394561478e-07 
56 -5.537944947e-07 -4.994029596e-07 
56.05 -5.777602727e-07 -4.591060921e-07 
56.1 -5.997064356e-07 -4.186711144e-07 
56.15 -6.196286889e-07 -3.782013271e-07 
56.2 -6.375278435e-07 -3.377975637e-07 
56.25 -6.534096884e-07 -2.975580021e-07 
56.3 -6.672848527e-07 -2.575779881e-07 
56.35 -6.791686598e-07 -2.179498694e-07 
56.4 -6.890809738e-07 -1.787628421e-07 
56.45 -6.970460379e-07 -1.401028078e-07 
56.5 -7.030923065e-07 -1.020522431e-07 
56.55 -7.072522706e-07 -6.46900804e-08 
56.6 -7.09562278e-07 -2.809160058e-08 
56.65 -7.100623479e-07 7.671662786e-09 
56.7 -7.087959816e-07 4.253200746e-08 
56.75 -7.058099688e-07 7.642563511e-08 
56.8 -7.011541906e-07 1.092927124e-07 
56.85 -6.948814201e-07 1.410774208e-07 
56.9 -6.870471207e-07 1.717279954e-07 
56.95 -6.77709242e-07 2.011967521e-07 
57 -6.669280159e-07 2.294401051e-07 
57.05 -6.547657507e-07 2.564185732e-07 
57.1 -6.412866264e-07 2.820967754e-07 
57.15 -6.265564898e-07 3.064434174e-07 
57.2 -6.106426505e-07 3.29431268e-07 
57.25 -5.936136783e-07 3.510371253e-07 
57.3 -5.755392032e-07 3.712417753e-07 
57.35 -5.564897165e-07 3.900299399e-07 
57.4 -5.365363761e-07 4.073902181e-07 
57.45 -5.157508136e-07 4.233150179e-07 
57.5 -4.942049461e-07 4.37800481e-07 
57.55 -4.719707911e-07 4.508464002e-07 
57.6 -4.491202866e-07 4.624561295e-07 
57.65 -4.257251149e-07 4.726364878e-07 
57.7 -4.018565319e-07 4.813976565e-07 
57.75 -3.775852019e-07 4.88753071e-07 
57.8 -3.529810376e-07 4.947193076e-07 
57.85 -3.281130454e-07 4.993159643e-07 
57.9 -3.030491784e-07 5.025655381e-07 
57.95 -2.778561935e-07 5.044932976e-07 
58 -2.525995167e-07 5.051271523e-07 
58.05 -2.273431141e-07 5.044975179e-07 
58.1 -2.021493703e-07 5.026371798e-07 
58.15 -1.770789728e-07 4.995811531e-07 
58.2 -1.521908047e-07 4.953665412e-07 
58.25 -1.275418432e-07 4.900323925e-07 
58.3 -1.031870665e-07 4.836195559e-07 
58.35 -7.917936712e-08 4.76170535e-07 
58.4 -5.556947274e-08 4.67729343e-07 
58.45 -3.240587459e-08 4.583413559e-07 
58.5 -9.734762797e-09 4.480531671e-07 
58.55 1.240003078e-08 4.36912442e-07 
58.6 3.395708256e-08 4.24967774e-07 
58.65 5.489742005e-08 4.122685414e-07 
58.7 7.518455751e-08 3.98864766e-07 
58.75 9.478452463e-08 3.848069736e-07 
58.8 1.136658883e-07 3.701460568e-07 
58.85 1.317997675e-07 3.549331402e-07 
58.9 1.491598416e-07 3.392194484e-07 
58.95 1.65722352e-07 3.230561768e-07 
59 1.814660978e-07 3.06494366e-07 
59.05 1.963724245e-07 2.895847798e-07 
59.1 2.104252075e-07 2.723777861e-07 
59.15 2.236108292e-07 2.549232427e-07 
59.2 2.359181508e-07 2.372703864e-07 
59.25 2.473384784e-07 2.194677271e-07 
59.3 2.578655243e-07 2.015629455e-07 
59.35 2.674953628e-07 1.836027964e-07 
59.4 2.762263817e-07 1.656330153e-07 
59.45 2.840592289e-07 1.476982314e-07 
59.5 2.90996755e-07 1.298418841e-07 
59.55 2.970439521e-07 1.121061454e-07 
59.6 3.022078881e-07 9.453184713e-08 
59.65 3.064976382e-07 7.715841287e-08 
59.7 3.099242128e-07 6.002379565e-08 
59.75 3.125004824e-07 4.316442045e-08 
59.8 3.142411001e-07 2.661513197e-08 
59.85 3.151624208e-07 1.040914767e-08 
59.9 3.152824195e-07 -5.421984125e-09 
59.95 3.14620606e-07 -2.084842087e-08 
60 3.131979394e-07 -3.584205738e-08 
60.05 3.110367404e-07 -5.037655227e-08 
60.1 3.081606022e-07 -6.442734951e-08 
60.15 3.045943011e-07 -7.797169486e-08 
60.2 3.003637058e-07 -9.098864764e-08 
60.25 2.954956867e-07 -1.034590876e-07 
60.3 2.900180246e-07 -1.15365717e-07 
60.35 2.839593198e-07 -1.266930587e-07 
60.4 2.773489009e-07 -1.374274489e-07 
60.45 2.702167345e-07 -1.475570264e-07 
60.5 2.625933354e-07 -1.570717173e-07 
60.55 2.545096777e-07 -1.659632156e-07 
60.6 2.459971068e-07 -1.7422496e-07 
60.65 2.37087253e-07 -1.818521073e-07 
60.7 2.278119462e-07 -1.888415013e-07 
60.75 2.182031321e-07 -1.951916397e-07 
60.8 2.08292791e-07 -2.009026362e-07 
60.85 1.981128573e-07 -2.059761807e-07 
60.9 1.876951423e-07 -2.104154958e-07 
60.95 1.770712583e-07 -2.142252915e-07 
61 1.662725454e-07 -2.174117164e-07 
61.05 1.553300013e-07 -2.19982307e-07 
61.1 1.442742124e-07 -2.219459347e-07 
61.15 1.331352891e-07 -2.233127512e-07 
61.2 1.219428029e-07 -2.240941316e-07 
61.25 1.107257266e-07 -2.24302616e-07 
61.3 9.951237778e-08 -2.239518496e-07 
61.35 8.833036473e-08 -2.230565222e-07 
61.4 7.720653599e-08 -2.216323054e-07 
61.45 6.616693274e-08 -2.196957902e-07 
61.5 5.523674444e-08 -2.17264423e-07 
61.55 4.444026762e-08 -2.143564412e-07 
61.6 3.3800868e-08 -2.109908093e-07 
61.65 2.334094571e-08 -2.07187153e-07 
61.7 1.308190385e-08 -2.029656954e-07 
61.75 3.044120258e-09 -1.983471917e-07 
61.8 -6.753077482e-09 -1.933528648e-07 
61.85 -1.629143384e-08 -1.880043417e-07 
61.9 -2.555378392e-08 -1.823235896e-07 
61.95 -3.452406892e-08 -1.763328534e-07 
62 -4.318734847e-08 -1.700545941e-07 
62.05 -5.152980987e-08 -1.635114277e-07 
62.1 -5.953877435e-08 -1.567260657e-07 
62.15 -6.720270037e-08 -1.497212564e-07 
62.2 -7.451118403e-08 -1.42519728e-07 
62.25 -8.145495662e-08 -1.351441328e-07 
62.3 -8.802587948e-08 -1.276169934e-07 
62.35 -9.421693618e-08 -1.199606498e-07 
62.4 -1.000222221e-07 -1.121972092e-07 
62.45 -1.054369315e-07 -1.043484969e-07 
62.5 -1.104573424e-07 -9.643600928e-08 
62.55 -1.150807987e-07 -8.8480869e-08 
62.6 -1.193056906e-07 -8.050378203e-08 
62.65 -1.231314327e-07 -7.252499671e-08 
62.7 -1.265584401e-07 -6.456426512e-08 
62.75 -1.295881027e-07 -5.664080651e-08 
62.8 -1.322227574e-07 -4.877327302e-08 
62.85 -1.344656593e-07 -4.097971761e-08 
62.9 -1.363209508e-07 -3.327756426e-08 
62.95 -1.377936293e-07 -2.568358049e-08 
63 -1.388895141e-07 -1.821385217e-08 
63.05 -1.396152111e-07 -1.088376063e-08 
63.1 -1.399780778e-07 -3.707962038e-09 
63.15 -1.399861858e-07 3.299630818e-09 
63.2 -1.396482838e-07 1.012586457e-08 
63.25 -1.389737589e-07 1.675835897e-08 
63.3 -1.379725977e-07 2.318551838e-08 
63.35 -1.36655347e-07 2.939654101e-08 
63.4 -1.350330736e-07 3.538142598e-08 
63.45 -1.331173243e-07 4.113097825e-08 
63.5 -1.309200856e-07 4.66368114e-08 
63.55 -1.28453743e-07 5.189134833e-08 
63.6 -1.257310405e-07 5.688782004e-08 
63.65 -1.227650406e-07 6.162026233e-08 
63.7 -1.195690838e-07 6.608351065e-08 
63.75 -1.161567491e-07 7.027319311e-08 
63.8 -1.125418143e-07 7.418572165e-08 
63.85 -1.08738217e-07 7.781828157e-08 
63.9 -1.047600166e-07 8.116881936e-08 
63.95 -1.006213561e-07 8.423602893e-08 
64 -9.633642546e-08 8.701933638e-08 
64.05 -9.19194252e-08 8.951888335e-08 
64.1 -8.738453105e-08 9.173550893e-08 
64.15 -8.274585963e-08 9.367073039e-08 
64.2 -7.8017435e-08 9.532672264e-08 
64.25 -7.321315627e-08 9.670629663e-08 
64.3 -6.834676643e-08 9.781287665e-08 
64.35 -6.343182219e-08 9.865047675e-08 
64.4 -5.848166512e-08 9.922367623e-08 
64.45 -5.350939403e-08 9.953759435e-08 
64.5 -4.852783856e-08 9.959786432e-08 
64.55 -4.354953421e-08 9.941060675e-08 
64.6 -3.858669859e-08 9.898240238e-08 
64.65 -3.36512091e-08 9.832026457e-08 
64.7 -2.875458202e-08 9.743161115e-08 
64.75 -2.390795299e-08 9.632423623e-08 
64.8 -1.912205889e-08 9.500628153e-08 
64.85 -1.440722116e-08 9.348620776e-08 
64.9 -9.77333063e-09 9.177276579e-08 
64.95 -5.229833656e-09 8.987496788e-08 
65 -7.857198249e-10 8.780205893e-08 
65.05 3.550488985e-09 8.556348795e-08 
65.1 7.770748091e-09 8.316887958e-08 
65.15 1.186749809e-08 8.062800608e-08 
65.2 1.583367151e-08 7.795075946e-08 
65.25 1.966269817e-08 7.51471241e-08 
65.3 2.334850905e-08 7.222714985e-08 
65.35 2.688553894e-08 6.920092552e-08 
65.4 3.026872771e-08 6.607855303e-08 
65.45 3.349352036e-08 6.287012213e-08 
65.5 3.655586574e-08 5.958568576e-08 
65.55 3.945221414e-08 5.623523617e-08 
65.6 4.217951366e-08 5.282868166e-08 
65.65 4.473520542e-08 4.937582424e-08 
65.7 4.711721774e-08 4.588633803e-08 
65.75 4.932395916e-08 4.236974851e-08 
65.8 5.135431054e-08 3.883541268e-08 
65.85 5.320761615e-08 3.529250008e-08 
65.9 5.488367382e-08 3.174997481e-08 
65.95 5.638272424e-08 2.821657844e-08 
66 5.770543939e-08 2.470081393e-08 
66.05 5.885291028e-08 2.12109305e-08 
66.1 5.982663384e-08 1.775490954e-08 
66.15 6.06284992e-08 1.434045153e-08 
66.2 6.126077338e-08 1.097496392e-08 
66.25 6.172608625e-08 7.66555011e-09 
66.3 6.202741518e-08 4.418999395e-09 
66.35 6.216806901e-08 1.241777974e-09 
66.4 6.215167171e-08 -1.859979049e-09 
66.45 6.198214565e-08 -4.880474633e-09 
66.5 6.166369454e-08 -7.814255764e-09 
66.55 6.120078604e-08 -1.065621842e-08 
66.6 6.059813427e-08 -1.340161157e-08 
66.65 5.986068203e-08 -1.604604015e-08 
66.7 5.899358295e-08 -1.858546716e-08 
66.75 5.800218353e-08 -2.101621476e-08 
66.8 5.68920052e-08 -2.33349645e-08 
66.85 5.566872632e-08 -2.553875662e-08 
66.9 5.43381643e-08 -2.762498848e-08 
66.95 5.290625779e-08 -2.95914122e-08 
67 5.137904899e-08 -3.143613143e-08 
67.05 4.976266619e-08 -3.315759731e-08 
67.1 4.806330649e-08 -3.475460377e-08 
67.15 4.628721879e-08 -3.6226282e-08 
67.2 4.44406871e-08 -3.757209424e-08 
67.25 4.253001409e-08 -3.879182697e-08 
67.3 4.056150511e-08 -3.98855834e-08 
67.35 3.854145255e-08 -4.08537754e-08 
67.4 3.647612057e-08 -4.169711482e-08 
67.45 3.437173038e-08 -4.241660435e-08 
67.5 3.223444588e-08 -4.301352787e-08 
67.55 3.007035988e-08 -4.348944025e-08 
67.6 2.788548082e-08 -4.384615692e-08 
67.65 2.568571997e-08 -4.408574284e-08 
67.7 2.347687927e-08 -4.42105013e-08 
67.75 2.126463967e-08 -4.422296234e-08 
67.8 1.90545501e-08 -4.412587084e-08 
67.85 1.685201704e-08 -4.392217447e-08 
67.9 1.466229465e-08 -4.361501142e-08 
67.95 1.24904756e-08 -4.320769786e-08 
68 1.034148242e-08 -4.270371543e-08 
68.05 8.22005962e-09 -4.21066985e-08 
68.1 6.130766307e-09 -4.142042145e-08 
68.15 4.077969539e-09 -4.064878586e-08 
68.2 2.065838276e-09 -3.979580772e-08 
68.25 9.833797183e-11 -3.886560472e-08 
68.3 -1.820774184e-09 -3.786238354e-08 
68.35 -3.687953403e-09 -3.679042724e-08 
68.4 -5.499870806e-09 -3.565408283e-08 
68.45 -7.253416308e-09 -3.445774894e-08 
68.5 -8.945700891e-09 -3.320586365e-08 
68.55 -1.057405828e-08 -3.190289258e-08 
68.6 -1.213604603e-08 -3.055331717e-08 
68.65 -1.362944601e-08 -2.916162323e-08 
68.7 -1.505226435e-08 -2.773228974e-08 
68.75 -1.640273082e-08 -2.626977792e-08 
68.8 -1.767929769e-08 -2.477852072e-08 
68.85 -1.888063803e-08 -2.326291251e-08 
68.9 -2.000564354e-08 -2.172729922e-08 
68.95 -2.105342189e-08 -2.017596874e-08 
69 -2.202329356e-08 -1.861314185e-08 
69.05 -2.291478833e-08 -1.704296336e-08 
69.1 -2.372764116e-08 -1.546949383e-08 
69.15 -2.446178786e-08 -1.389670155e-08 
69.2 -2.511736027e-08 -1.232845508e-08 
69.25 -2.569468104e-08 -1.076851611e-08 
69.3 -2.619425817e-08 -9.220532847e-09 
69.35 -2.661677915e-08 -7.68803378e-09 
69.4 -2.696310485e-08 -6.174421933e-09 
69.45 -2.723426305e-08 -4.682969562e-09 
69.5 -2.743144184e-08 -3.216813301e-09 
69.55 -2.75559827e-08 -1.778949765e-09 
69.6 -2.760937336e-08 -3.722316094e-10 
69.65 -2.759324058e-08 1.000635958e-09 
69.7 -2.750934263e-08 2.337098216e-09 
69.75 -2.735956173e-08 3.634753524e-09 
69.8 -2.714589632e-08 4.891355465e-09 
69.85 -2.687045328e-08 6.104814563e-09 
69.9 -2.653543999e-08 7.273199566e-09 
69.95 -2.614315646e-08 8.394738302e-09 
70 -2.569598731e-08 9.467818128e-09 
70.05 -2.519639381e-08 1.049098597e-08 
70.1 -2.464690588e-08 1.146294796e-08 
70.15 -2.40501142e-08 1.238256873e-08 
70.2 -2.340866222e-08 1.324887024e-08 
70.25 -2.272523843e-08 1.406103037e-08 
70.3 -2.20025685e-08 1.481838104e-08 
70.35 -2.124340773e-08 1.55204061e-08 
70.4 -2.045053342e-08 1.616673882e-08 
70.45 -1.962673752e-08 1.675715912e-08 
70.5 -1.877481937e-08 1.729159047e-08 
70.55 -1.789757856e-08 1.777009655e-08 
70.6 -1.699780807e-08 1.819287761e-08 
70.65 -1.607828748e-08 1.856026662e-08 
70.7 -1.514177646e-08 1.887272515e-08 
70.75 -1.419100843e-08 1.913083906e-08 
70.8 -1.322868449e-08 1.933531396e-08 
70.85 -1.225746751e-08 1.948697055e-08 
70.9 -1.127997651e-08 1.958673971e-08 
70.95 -1.029878126e-08 1.963565749e-08 
71 -9.316397197e-09 1.963485995e-08 
71.05 -8.335280491e-09 1.958557788e-08 
71.1 -7.357823482e-09 1.948913143e-08 
71.15 -6.386350338e-09 1.934692462e-08 
71.2 -5.423112998e-09 1.916043981e-08 
71.25 -4.470287391e-09 1.89312321e-08 
71.3 -3.529969946e-09 1.866092371e-08 
71.35 -2.604174376e-09 1.835119827e-08 
71.4 -1.694828743e-09 1.800379517e-08 
71.45 -8.037728207e-10 1.762050391e-08 
71.5 6.724427566e-11 1.720315837e-08 
71.55 9.165661648e-10 1.675363126e-08 
71.6 1.742631001e-09 1.62738285e-08 
71.65 2.543972994e-09 1.576568366e-08 
71.7 3.319223659e-09 1.523115258e-08 
71.75 4.067112788e-09 1.467220789e-08 
71.8 4.786469161e-09 1.40908338e-08 
71.85 5.476220994e-09 1.348902089e-08 
71.9 6.135396124e-09 1.2868761e-08 
71.95 6.763121953e-09 1.223204232e-08 
72 7.35862514e-09 1.158084458e-08 
72.05 7.92123106e-09 1.091713431e-08 
72.1 8.450363027e-09 1.024286035e-08 
72.15 8.945541304e-09 9.559949488e-09 
72.2 9.406381883e-09 8.870302196e-09 
72.25 9.832595076e-09 8.175788628e-09 
72.3 1.02239839e-08 7.478244728e-09 
72.35 1.058044225e-08 6.779468551e-09 
72.4 1.090195296e-08 6.081216749e-09 
72.45 1.118858559e-08 5.385201262e-09 
72.5 1.144049417e-08 4.693086191e-09 
72.55 1.165791469e-08 4.006484868e-09 
72.6 1.184116248e-08 3.326957129e-09 
72.65 1.199062954e-08 2.656006781e-09 
72.7 1.210678159e-08 1.995079272e-09 
72.75 1.219015515e-08 1.345559562e-09 
72.8 1.224135446e-08 7.087702008e-10 
72.85 1.226104829e-08 8.596959741e-11 
72.9 1.224996673e-08 -5.216494985e-10 
72.95 1.220889783e-08 -1.112961322e-09 
73 1.213868424e-08 -1.686908218e-09 
73.05 1.204021979e-08 -2.24250157e-09 
73.1 1.1914446e-08 -2.778822538e-09 
73.15 1.176234858e-08 -3.2950226e-09 
73.2 1.158495391e-08 -3.790323913e-09 
73.25 1.138332547e-08 -4.264019485e-09 
73.3 1.115856035e-08 -4.715473175e-09 
73.35 1.091178566e-08 -5.144119507e-09 
73.4 1.064415503e-08 -5.549463324e-09 
73.45 1.035684508e-08 -5.931079274e-09 
73.5 1.005105199e-08 -6.288611131e-09 
73.55 9.727988e-09 -6.621770972e-09 
73.6 9.388878073e-09 -6.930338195e-09 
73.65 9.034956527e-09 -7.214158403e-09 
73.7 8.66746376e-09 -7.473142148e-09 
73.75 8.287643037e-09 -7.707263547e-09 
73.8 7.896737346e-09 -7.916558773e-09 
73.85 7.495986335e-09 -8.101124437e-09 
73.9 7.086623333e-09 -8.261115847e-09 
73.95 6.669872458e-09 -8.396745182e-09 
74 6.246945825e-09 -8.508279556e-09 
74.05 5.819040839e-09 -8.596039005e-09 
74.1 5.387337612e-09 -8.660394385e-09 
74.15 4.952996468e-09 -8.7017652e-09 
74.2 4.517155565e-09 -8.720617366e-09 
74.25 4.080928638e-09 -8.717460909e-09 
74.3 3.645402845e-09 -8.692847618e-09 
74.35 3.21163674e-09 -8.647368648e-09 
74.4 2.780658367e-09 -8.581652088e-09 
74.45 2.353463473e-09 -8.496360494e-09 
74.5 1.931013844e-09 -8.392188403e-09 
74.55 1.514235774e-09 -8.269859825e-09 
74.6 1.104018651e-09 -8.130125727e-09 
74.65 7.012136696e-10 -7.973761512e-09 
74.7 3.066326779e-10 -7.801564497e-09 
74.75 -7.895286003e-11 -7.614351407e-09 
74.8 -4.548127697e-10 -7.41295587e-09 
74.85 -8.202589498e-10 -7.198225946e-09 
74.9 -1.174646032e-09 -6.971021675e-09 
74.95 -1.51737192e-09 -6.732212653e-09 
75 -1.847878205e-09 -6.482675648e-09 
75.05 -2.165650467e-09 -6.223292262e-09 
75.1 -2.470218459e-09 -5.954946627e-09 
75.15 -2.761156176e-09 -5.678523163e-09 
75.2 -3.038081812e-09 -5.394904382e-09 
75.25 -3.300657614e-09 -5.10496876e-09 
75.3 -3.548589624e-09 -4.809588663e-09 
75.35 -3.781627327e-09 -4.509628345e-09 
75.4 -3.999563193e-09 -4.20594201e-09 
75.45 -4.202232125e-09 -3.899371957e-09 
75.5 -4.389510826e-09 -3.590746785e-09 
75.55 -4.56131706e-09 -3.280879694e-09 
75.6 -4.717608848e-09 -2.970566847e-09 
75.65 -4.858383575e-09 -2.660585832e-09 
75.7 -4.983677021e-09 -2.351694198e-09 
75.75 -5.093562326e-09 -2.044628077e-09 
75.8 -5.188148884e-09 -1.740100896e-09 
75.85 -5.26758118e-09 -1.438802178e-09 
75.9 -5.332037561e-09 -1.141396426e-09 
75.95 -5.381728963e-09 -8.485221016e-10 
76 -5.41689758e-09 -5.607906921e-10 
76.05 -5.437815499e-09 -2.787858655e-10 
76.1 -5.444783281e-09 -3.062716859e-12 
76.15 -5.438128524e-09 2.658528969e-10 
76.2 -5.418204377e-09 5.274649332e-10 
76.25 -5.38538804e-09 7.813076526e-10 
76.3 -5.34007924e-09 1.02694602e-09 
76.35 -5.282698681e-09 1.26397602e-09 
76.4 -5.213686491e-09 1.492024889e-09 
76.45 -5.133500654e-09 1.710751264e-09 
76.5 -5.042615435e-09 1.919845248e-09 
76.55 -4.941519807e-09 2.119028399e-09 
76.6 -4.83071588e-09 2.30805364e-09 
76.65 -4.710717336e-09 2.486705096e-09 
76.7 -4.582047875e-09 2.654797851e-09 
76.75 -4.445239672e-09 2.812177645e-09 
76.8 -4.300831851e-09 2.958720496e-09 
76.85 -4.149368987e-09 3.094332256e-09 
76.9 -3.99139962e-09 3.218948107e-09 
76.95 -3.827474808e-09 3.332531997e-09 
77 -3.658146697e-09 3.435076017e-09 
77.05 -3.483967135e-09 3.526599726e-09 
77.1 -3.305486315e-09 3.607149423e-09 
77.15 -3.123251454e-09 3.676797371e-09 
77.2 -2.93780552e-09 3.73564098e-09 
77.25 -2.74968599e-09 3.78380194e-09 
77.3 -2.559423661e-09 3.821425323e-09 
77.35 -2.367541506e-09 3.848678647e-09 
77.4 -2.174553571e-09 3.865750906e-09 
77.45 -1.980963928e-09 3.872851575e-09 
77.5 -1.787265677e-09 3.870209581e-09 
77.55 -1.593939997e-09 3.858072263e-09 
77.6 -1.401455254e-09 3.836704301e-09 
77.65 -1.21026616e-09 3.806386636e-09 
77.7 -1.020812987e-09 3.767415374e-09 
77.75 -8.335208368e-10 3.720100679e-09 
77.8 -6.487989647e-10 3.664765659e-09 
77.85 -4.670401616e-10 3.601745249e-09 
77.9 -2.886201897e-10 3.531385089e-09 
77.95 -1.138972757e-10 3.45404041e-09 
78 5.678834118e-11 3.370074915e-09 
78.05 2.231148047e-10 3.279859673e-09 
78.1 3.847789825e-10 3.183772019e-09 
78.15 5.414967522e-10 3.08219447e-09 
78.2 6.930032333e-10 2.975513649e-09 
78.25 8.390529656e-10 2.864119229e-09 
78.3 9.794200364e-10 2.748402896e-09 
78.35 1.113898154e-09 2.628757332e-09 
78.4 1.242300675e-09 2.505575217e-09 
78.45 1.364460575e-09 2.379248264e-09 
78.5 1.480230383e-09 2.250166271e-09 
78.55 1.589482054e-09 2.118716209e-09 
78.6 1.692106815e-09 1.985281331e-09 
78.65 1.788014947e-09 1.850240322e-09 
78.7 1.877135544e-09 1.713966476e-09 
78.75 1.959416219e-09 1.576826903e-09 
78.8 2.034822777e-09 1.439181779e-09 
78.85 2.103338849e-09 1.301383627e-09 
78.9 2.164965492e-09 1.163776634e-09 
78.95 2.219720757e-09 1.026696006e-09 
79 2.267639221e-09 8.904673659e-10 
79.05 2.308771498e-09 7.554061821e-10 
79.1 2.343183714e-09 6.218172415e-10 
79.15 2.370956961e-09 4.899941609e-10 
79.2 2.392186726e-09 3.602189375e-10 
79.25 2.406982303e-09 2.327615392e-10 
79.3 2.415466176e-09 1.078795355e-10 
79.35 2.417773395e-09 -1.418223236e-11 
79.4 2.414050931e-09 -1.331919421e-10 
79.45 2.404457015e-09 -2.489310408e-10 
79.5 2.389160474e-09 -3.611944571e-10 
79.55 2.368340047e-09 -4.697907742e-10 
79.6 2.342183702e-09 -5.745423658e-10 
79.65 2.310887943e-09 -6.752854935e-10 
79.7 2.274657112e-09 -7.718703682e-10 
79.75 2.233702691e-09 -8.641611754e-10 
79.8 2.188242605e-09 -9.520360653e-10 
79.85 2.138500521e-09 -1.035387109e-09 
79.9 2.084705157e-09 -1.114120219e-09 
79.95 2.027089589e-09 -1.188155043e-09 
80 1.965890572e-09 -1.25742482e-09 
80.05 1.901347859e-09 -1.32187621e-09 
80.1 1.833703536e-09 -1.381469097e-09 
80.15 1.76320137e-09 -1.436176354e-09 
80.2 1.690086161e-09 -1.485983598e-09 
80.25 1.614603113e-09 -1.530888902e-09 
80.3 1.536997219e-09 -1.5709025e-09 
80.35 1.457512662e-09 -1.606046454e-09 
80.4 1.376392227e-09 -1.636354312e-09 
80.45 1.293876743e-09 -1.661870738e-09 
80.5 1.210204529e-09 -1.68265113e-09 
80.55 1.125610874e-09 -1.698761215e-09 
80.6 1.040327526e-09 -1.710276633e-09 
80.65 9.545822074e-10 -1.717282504e-09 
80.7 8.68598156e-10 -1.719872986e-09 
80.75 7.825936797e-10 -1.718150814e-09 
80.8 6.967817411e-10 -1.71222684e-09 
80.85 6.113695637e-10 -1.702219555e-09 
80.9 5.265582612e-10 -1.688254608e-09 
80.95 4.425424921e-10 -1.670464318e-09 
81 3.595101383e-10 -1.648987185e-09 
81.05 2.776420084e-10 -1.623967393e-09 
81.1 1.971115658e-10 -1.595554313e-09 
81.15 1.180846821e-10 -1.563902007e-09 
81.2 4.071941471e-11 -1.52916873e-09 
81.25 -3.483419058e-11 -1.491516437e-09 
81.3 -1.084342719e-10 -1.451110291e-09 
81.35 -1.799472997e-10 -1.408118176e-09 
81.4 -2.492482005e-10 -1.362710213e-09 
81.45 -3.16220457e-10 -1.315058286e-09 
81.5 -3.807561843e-10 -1.265335577e-09 
81.55 -4.427561832e-10 -1.213716099e-09 
81.6 -5.021299703e-10 -1.160374251e-09 
81.65 -5.587957865e-10 -1.105484377e-09 
81.7 -6.126805829e-10 -1.049220334e-09 
81.75 -6.637199861e-10 -9.917550775e-10 
81.8 -7.118582431e-10 -9.332602559e-10 
81.85 -7.570481455e-10 -8.739058173e-10 
81.9 -7.99250935e-10 -8.138596329e-10 
81.95 -8.384361907e-10 -7.532871338e-10 
82 -8.745816977e-10 -6.923509618e-10 
82.05 -9.076732993e-10 -6.312106374e-10 
82.1 -9.377047329e-10 -5.700222424e-10 
82.15 -9.646774502e-10 -5.089381193e-10 
82.2 -9.88600423e-10 -4.481065877e-10 
82.25 -1.009489935e-09 -3.876716772e-10 
82.3 -1.027369362e-09 -3.277728775e-10 
82.35 -1.042268936e-09 -2.685449063e-10 
82.4 -1.054225505e-09 -2.10117494e-10 
82.45 -1.063282274e-09 -1.526151873e-10 
82.5 -1.069488546e-09 -9.615716855e-11 
82.55 -1.072899446e-09 -4.085709503e-11 
82.6 -1.07357564e-09 1.317704599e-11 
82.65 -1.071583054e-09 6.58430636e-11 
82.7 -1.066992574e-09 1.170446724e-10 
82.75 -1.059879753e-09 1.666915846e-10 
82.8 -1.050324506e-09 2.146995844e-10 
82.85 -1.038410808e-09 2.609905864e-10 
82.9 -1.024226385e-09 3.054926767e-10 
82.95 -1.007862401e-09 3.481401382e-10 
83 -9.894131534e-10 3.888734594e-10 
83.05 -9.689757599e-10 4.276393285e-10 
83.1 -9.466498484e-10 4.643906115e-10 
83.15 -9.225372496e-10 4.990863163e-10 
83.2 -8.967416912e-10 5.316915417e-10 
83.25 -8.693684942e-10 5.621774133e-10 
83.3 -8.405242738e-10 5.905210061e-10 
83.35 -8.103166438e-10 6.167052535e-10 
83.4 -7.788539261e-10 6.407188453e-10 
83.45 -7.462448657e-10 6.625561128e-10 
83.5 -7.125983515e-10 6.822169039e-10 
83.55 -6.78023144e-10 6.997064465e-10 
83.6 -6.426276092e-10 7.150352033e-10 
83.65 -6.065194616e-10 7.282187159e-10 
83.7 -5.698055131e-10 7.392774414e-10 
83.75 -5.325914326e-10 7.4823658e-10 
83.8 -4.949815121e-10 7.551258957e-10 
83.85 -4.570784442e-10 7.599795299e-10 
83.9 -4.189831068e-10 7.62835809e-10 
83.95 -3.807943599e-10 7.637370461e-10 
84 -3.426088503e-10 7.62729338e-10 
84.05 -3.045208281e-10 7.598623578e-10 
84.1 -2.666219732e-10 7.551891438e-10 
84.15 -2.290012317e-10 7.487658853e-10 
84.2 -1.917446646e-10 7.40651706e-10 
84.25 -1.549353058e-10 7.309084451e-10 
84.3 -1.186530322e-10 7.196004381e-10 
84.35 -8.297444426e-11 7.067942952e-10 
84.4 -4.797275788e-11 6.925586813e-10 
84.45 -1.371770704e-11 6.769640955e-10 
84.5 1.97245423e-11 6.60082651e-10 
84.55 5.229146752e-11 6.41987858e-10 
84.6 8.392425367e-11 6.227544067e-10 
84.65 1.145678472e-10 6.024579543e-10 
84.7 1.441709989e-10 5.811749136e-10 
84.75 1.726862965e-10 5.589822462e-10 
84.8 2.00070187e-10 5.359572583e-10 
84.85 2.262829889e-10 5.121774014e-10 
84.9 2.512888944e-10 4.877200775e-10 
84.95 2.750559621e-10 4.626624488e-10 
85 2.975561005e-10 4.370812535e-10 
85.05 3.187650423e-10 4.11052626e-10 
85.1 3.386623094e-10 3.846519245e-10 
85.15 3.572311703e-10 3.579535637e-10 
85.2 3.744585885e-10 3.310308541e-10 
85.25 3.903351637e-10 3.039558485e-10 
85.3 4.048550648e-10 2.76799195e-10 
85.35 4.180159562e-10 2.496299971e-10 
85.4 4.298189174e-10 2.225156812e-10 
85.45 4.402683555e-10 1.955218716e-10 
85.5 4.493719125e-10 1.68712273e-10 
85.55 4.57140366e-10 1.421485603e-10 
85.6 4.635875258e-10 1.158902764e-10 
85.65 4.687301237e-10 8.99947383e-11 
85.7 4.725877013e-10 6.451694992e-11 
85.75 4.751824911e-10 3.950952378e-11 
85.8 4.765392957e-10 1.502261001e-11 
85.85 4.766853629e-10 -8.896166665e-12 
85.9 4.75650258e-10 -3.220176214e-11 
85.95 4.734657332e-10 -5.485176042e-11 
86 4.701655953e-10 -7.680641346e-11 
86.05 4.657855717e-10 -9.802867338e-11 
86.1 4.60363174e-10 -1.184842173e-10 
86.15 4.539375618e-10 -1.381414646e-10 
86.2 4.46549405e-10 -1.569715875e-10 
86.25 4.382407461e-10 -1.749485138e-10 
86.3 4.290548623e-10 -1.920489236e-10 
86.35 4.190361281e-10 -2.082522384e-10 
86.4 4.082298787e-10 -2.235406048e-10 
86.45 3.96682274e-10 -2.378988706e-10 
86.5 3.844401644e-10 -2.51314556e-10 
86.55 3.71550958e-10 -2.637778178e-10 
86.6 3.580624896e-10 -2.752814092e-10 
86.65 3.440228919e-10 -2.858206331e-10 
86.7 3.294804695e-10 -2.953932907e-10 
86.75 3.144835752e-10 -3.039996254e-10 
86.8 2.990804892e-10 -3.116422616e-10 
86.85 2.833193019e-10 -3.183261396e-10 
86.9 2.672477997e-10 -3.240584459e-10 
86.95 2.509133541e-10 -3.288485401e-10 
87 2.343628158e-10 -3.327078779e-10 
87.05 2.176424108e-10 -3.356499314e-10 
87.1 2.007976424e-10 -3.376901053e-10 
87.15 1.838731964e-10 -3.388456518e-10 
87.2 1.669128509e-10 -3.391355818e-10 
87.25 1.499593904e-10 -3.385805746e-10 
87.3 1.330545253e-10 -3.372028859e-10 
87.35 1.162388147e-10 -3.350262532e-10 
87.4 9.955159492e-11 -3.320758013e-10 
87.45 8.303091274e-11 -3.283779452e-10 
87.5 6.671346305e-11 -3.239602935e-10 
87.55 5.063453173e-11 -3.188515506e-10 
87.6 3.482794326e-11 -3.130814186e-10 
87.65 1.932601329e-11 -3.06680499e-10 
87.7 4.159506133e-12 -2.996801954e-10 
87.75 -1.06424029e-11 -2.92112616e-10 
87.8 -2.505216031e-11 -2.840104764e-10 
87.85 -3.904386238e-11 -2.754070042e-10 
87.9 -5.259327838e-11 -2.663358443e-10 
87.95 -6.56778691e-11 -2.568309652e-10 
88 -7.827680067e-11 -2.469265673e-10 
88.05 -9.037095393e-11 -2.366569924e-10 
88.1 -1.019429292e-10 -2.260566358e-10 
88.15 -1.12977047e-10 -2.151598597e-10 
88.2 -1.234593437e-10 -2.040009092e-10 
88.25 -1.333775644e-10 -1.926138305e-10 
88.3 -1.427211504e-10 -1.81032392e-10 
88.35 -1.514812233e-10 -1.692900075e-10 
88.4 -1.596505659e-10 -1.574196626e-10 
88.45 -1.672235985e-10 -1.454538434e-10 
88.5 -1.741963525e-10 -1.334244691e-10 
88.55 -1.805664403e-10 -1.213628271e-10 
88.6 -1.863330218e-10 -1.092995108e-10 
88.65 -1.914967689e-10 -9.726436174e-11 
88.7 -1.960598258e-10 -8.528641439e-11 
88.75 -2.000257677e-10 -7.339384412e-11 
88.8 -2.033995565e-10 -6.161391901e-11 
88.85 -2.061874943e-10 -4.997295489e-11 
88.9 -2.083971746e-10 -3.849627383e-11 
88.95 -2.100374317e-10 -2.720816624e-11 
89 -2.111182881e-10 -1.613185624e-11 
89.05 -2.116509006e-10 -5.28947074e-12 
89.1 -2.116475046e-10 5.297988126e-12 
89.15 -2.111213571e-10 1.56106671e-11 
89.2 -2.100866787e-10 2.562988243e-11 
89.25 -2.085585949e-10 3.533813711e-11 
89.3 -2.065530761e-10 4.47191348e-11 
89.35 -2.040868775e-10 5.375779038e-11 
89.4 -2.01177478e-10 6.244023727e-11 
89.45 -1.978430194e-10 7.075383159e-11 
89.5 -1.941022452e-10 7.868715317e-11 
89.55 -1.899744392e-10 8.623000349e-11 
89.6 -1.854793648e-10 9.337340071e-11 
89.65 -1.806372039e-10 1.001095718e-10 
89.7 -1.754684973e-10 1.064319417e-10 
89.75 -1.699940846e-10 1.123351203e-10 
89.8 -1.642350454e-10 1.17814886e-10 
89.85 -1.582126416e-10 1.228681678e-10 
89.9 -1.5194826e-10 1.274930238e-10 
89.95 -1.454633566e-10 1.316886189e-10 
90 -1.387794019e-10 1.354551986e-10 
90.05 -1.319178272e-10 1.387940623e-10 
90.1 -1.248999731e-10 1.41707534e-10 
90.15 -1.177470386e-10 1.44198931e-10 
90.2 -1.104800326e-10 1.462725313e-10 
90.25 -1.031197263e-10 1.479335391e-10 
90.3 -9.568660817e-11 1.491880494e-10 
90.35 -8.820083997e-11 1.500430107e-10 
90.4 -8.068221527e-11 1.505061866e-10 
90.45 -7.315011954e-11 1.505861167e-10 
90.5 -6.562349237e-11 1.502920765e-10 
90.55 -5.812079173e-11 1.496340357e-10 
90.6 -5.065996023e-11 1.48622617e-10 
90.65 -4.325839357e-11 1.472690534e-10 
90.7 -3.593291106e-11 1.455851455e-10 
90.75 -2.869972836e-11 1.435832183e-10 
90.8 -2.15744323e-11 1.412760776e-10 
90.85 -1.457195793e-11 1.38676967e-10 
90.9 -7.706567737e-12 1.357995236e-10 
90.95 -9.91833052e-13 1.326577352e-10 
91 5.559382415e-12 1.292658969e-10 
91.05 1.193493685e-11 1.256385682e-10 
91.1 1.812342248e-11 1.217905304e-10 
91.15 2.411417564e-11 1.177367445e-10 
91.2 2.989728468e-11 1.134923103e-10 
91.25 3.54635959e-11 1.09072425e-10 
91.3 4.080471739e-11 1.04492344e-10 
91.35 4.591302098e-11 9.976734088e-11 
91.4 5.078164215e-11 9.491267006e-11 
91.45 5.540447819e-11 8.99435291e-11 
91.5 5.977618434e-11 8.48750227e-11 
91.55 6.389216835e-11 7.97221277e-11 
91.6 6.77485832e-11 7.44996592e-11 
91.65 7.134231814e-11 6.922223799e-11 
91.7 7.467098825e-11 6.390425924e-11 
91.75 7.773292231e-11 5.855986247e-11 
91.8 8.052714937e-11 5.3202903e-11 
91.85 8.305338377e-11 4.78469247e-11 
91.9 8.531200894e-11 4.250513427e-11 
91.95 8.730405994e-11 3.719037691e-11 
92 8.903120472e-11 3.191511355e-11 
92.05 9.049572445e-11 2.669139956e-11 
92.1 9.170049264e-11 2.153086499e-11 
92.15 9.264895349e-11 1.644469635e-11 
92.2 9.334509918e-11 1.144361996e-11 
92.25 9.379344654e-11 6.537886796e-12 
92.3 9.399901289e-11 1.737258934e-12 
92.35 9.396729129e-11 -2.949002481e-12 
92.4 9.370422517e-11 -7.512147736e-12 
92.45 9.32161826e-11 -1.194394752e-11 
92.5 9.250992996e-11 -1.62367004e-11 
92.55 9.159260547e-11 -2.038323877e-11 
92.6 9.047169229e-11 -2.437693341e-11 
92.65 8.915499159e-11 -2.821169651e-11 
92.7 8.765059534e-11 -3.188198334e-11 
92.75 8.596685917e-11 -3.538279254e-11 
92.8 8.411237521e-11 -3.870966503e-11 
92.85 8.209594503e-11 -4.185868162e-11 
92.9 7.992655269e-11 -4.482645935e-11 
92.95 7.761333807e-11 -4.76101466e-11 
93 7.516557041e-11 -5.020741699e-11 
93.05 7.259262223e-11 -5.261646215e-11 
93.1 6.990394364e-11 -5.483598339e-11 
93.15 6.710903703e-11 -5.686518229e-11 
93.2 6.421743236e-11 -5.870375033e-11 
93.25 6.123866289e-11 -6.035185752e-11 
93.3 5.81822416e-11 -6.18101402e-11 
93.35 5.505763812e-11 -6.307968787e-11 
93.4 5.187425649e-11 -6.416202935e-11 
93.45 4.864141347e-11 -6.505911812e-11 
93.5 4.536831774e-11 -6.577331704e-11 
93.55 4.206404982e-11 -6.630738232e-11 
93.6 3.873754276e-11 -6.666444705e-11 
93.65 3.539756375e-11 -6.684800412e-11 
93.7 3.20526966e-11 -6.686188873e-11 
93.75 2.871132497e-11 -6.671026038e-11 
93.8 2.538161671e-11 -6.639758467e-11 
93.85 2.207150894e-11 -6.592861465e-11 
93.9 1.878869421e-11 -6.530837196e-11 
93.95 1.554060747e-11 -6.454212784e-11 
94 1.233441415e-11 -6.363538389e-11 
94.05 9.176999056e-12 -6.259385282e-11 
94.1 6.074956324e-12 -6.142343909e-11 
94.15 3.034580323e-12 -6.013021961e-11 
94.2 6.185750471e-14 -5.872042444e-11 
94.25 -2.837540774e-12 -5.720041765e-11 
94.3 -5.658264469e-12 -5.557667824e-11 
94.35 -8.395290127e-12 -5.385578134e-11 
94.4 -1.104392522e-11 -5.204437956e-11 
94.45 -1.359981155e-11 -5.014918466e-11 
94.5 -1.605892778e-11 -4.817694948e-11 
94.55 -1.8417591e-11 -4.61344503e-11 
94.6 -2.06724575e-11 -4.402846944e-11 
94.65 -2.28205226e-11 -4.186577842e-11 
94.7 -2.485911976e-11 -3.965312149e-11 
94.75 -2.678591873e-11 -3.739719961e-11 
94.8 -2.859892306e-11 -3.510465501e-11 
94.85 -3.029646675e-11 -3.27820562e-11 
94.9 -3.187721019e-11 -3.043588357e-11 
94.95 -3.334013543e-11 -2.807251558e-11 
95 -3.468454072e-11 -2.569821552e-11 
95.05 -3.591003444e-11 -2.331911886e-11 
95.1 -3.701652839e-11 -2.094122127e-11 
95.15 -3.800423053e-11 -1.857036725e-11 
95.2 -3.887363712e-11 -1.621223947e-11 
95.25 -3.96255244e-11 -1.387234867e-11 
95.3 -4.026093971e-11 -1.155602436e-11 
95.35 -4.078119224e-11 -9.268406083e-12 
95.4 -4.11878433e-11 -7.014435433e-12 
95.45 -4.148269624e-11 -4.798848751e-12 
95.5 -4.166778603e-11 -2.626170485e-12 
95.55 -4.174536846e-11 -5.007072528e-13 
95.6 -4.171790917e-11 1.573457409e-12 
95.65 -4.158807233e-11 3.592467623e-12 
95.7 -4.135870915e-11 5.552699066e-12 
95.75 -4.103284625e-11 7.450762198e-12 
95.8 -4.06136738e-11 9.283504837e-12 
95.85 -4.010453366e-11 1.104801407e-11 
95.9 -3.95089073e-11 1.274161756e-11 
95.95 -3.88304038e-11 1.436188415e-11 
96 -3.807274776e-11 1.590662397e-11 
96.05 -3.723976727e-11 1.737388783e-11 
96.1 -3.633538185e-11 1.876196612e-11 
96.15 -3.536359054e-11 2.006938711e-11 
96.2 -3.432846007e-11 2.129491466e-11 
96.25 -3.323411308e-11 2.243754553e-11 
96.3 -3.208471663e-11 2.349650602e-11 
96.35 -3.088447075e-11 2.447124828e-11 
96.4 -2.963759728e-11 2.536144602e-11 
96.45 -2.834832888e-11 2.616698988e-11 
96.5 -2.702089835e-11 2.688798232e-11 
96.55 -2.56595281e-11 2.752473214e-11 
96.6 -2.426842004e-11 2.80777486e-11 
96.65 -2.285174567e-11 2.854773523e-11 
96.7 -2.141363657e-11 2.893558329e-11 
96.75 -1.995817509e-11 2.92423649e-11 
96.8 -1.848938561e-11 2.946932596e-11 
96.85 -1.701122591e-11 2.961787873e-11 
96.9 -1.552757911e-11 2.968959428e-11 
96.95 -1.404224592e-11 2.968619465e-11 
97 -1.255893725e-11 2.960954487e-11 
97.05 -1.10812673e-11 2.946164482e-11 
97.1 -9.612747006e-12 2.924462098e-11 
97.15 -8.156777911e-12 2.896071801e-11 
97.2 -6.716646487e-12 2.86122903e-11 
97.25 -5.295518846e-12 2.820179344e-11 
97.3 -3.896435896e-12 2.773177566e-11 
97.35 -2.522308928e-12 2.720486926e-11 
97.4 -1.175915622e-12 2.662378196e-11 
97.45 1.401035068e-13 2.599128845e-11 
97.5 1.423248245e-12 2.53102218e-11 
97.55 2.671161386e-12 2.458346504e-11 
97.6 3.88163102e-12 2.381394282e-11 
97.65 5.052592408e-12 2.300461315e-11 
97.7 6.182129441e-12 2.215845924e-11 
97.75 7.268475705e-12 2.127848156e-11 
97.8 8.310015137e-12 2.036768996e-11 
97.85 9.30528231e-12 1.9429096e-11 
97.9 1.025296232e-11 1.846570551e-11 
97.95 1.115189033e-11 1.748051126e-11 
98 1.200105071e-11 1.647648592e-11 
98.05 1.279957589e-11 1.545657518e-11 
98.1 1.354674482e-11 1.442369121e-11 
98.15 1.424198114e-11 1.338070619e-11 
98.2 1.488485103e-11 1.23304463e-11 
98.25 1.547506075e-11 1.127568583e-11 
98.3 1.601245392e-11 1.021914161e-11 
98.35 1.649700847e-11 9.163467709e-12 
98.4 1.692883342e-11 8.111250472e-12 
98.45 1.730816537e-11 7.065003763e-12 
98.5 1.763536473e-11 6.027164563e-12 
98.55 1.791091177e-11 5.000088848e-12 
98.6 1.813540252e-11 3.986047775e-12 
98.65 1.830954438e-11 2.987224161e-12 
98.7 1.843415164e-11 2.005709281e-12 
98.75 1.851014084e-11 1.04349996e-12 
98.8 1.853852598e-11 1.024959752e-13 
98.85 1.852041356e-11 -8.155022344e-13 
98.9 1.845699762e-11 -1.708795565e-12 
98.95 1.834955459e-11 -2.575787937e-12 
99 1.819943812e-11 -3.414987696e-12 
99.05 1.80080738e-11 -4.225008709e-12 
99.1 1.777695391e-11 -5.00457119e-12 
99.15 1.750763201e-11 -5.752502224e-12 
99.2 1.720171767e-11 -6.467736028e-12 
99.25 1.686087106e-11 -7.149313935e-12 
99.3 1.64867976e-11 -7.796384114e-12 
99.35 1.608124263e-11 -8.408201032e-12 
99.4 1.564598616e-11 -8.984124673e-12 
99.45 1.518283752e-11 -9.523619506e-12 
99.5 1.469363026e-11 -1.002625323e-11 
99.55 1.418021697e-11 -1.049169528e-11 
99.6 1.364446424e-11 -1.091971514e-11 
99.65 1.308824772e-11 -1.131018045e-11 
99.7 1.251344726e-11 -1.166305488e-11 
99.75 1.192194211e-11 -1.197839585e-11 
99.8 1.131560639e-11 -1.22563521e-11 
99.85 1.06963045e-11 -1.249716103e-11 
99.9 1.006588679e-11 -1.270114595e-11 
99.95 9.426185349e-12 -1.286871314e-11 
100 8.779009906e-12 -1.30003488e-11 
