0.05 0.04935960498 0.9740810616 
0.1 0.09737874676 0.946400925 
0.15 0.1439723373 0.9170794685 
0.2 0.189061421 0.8862418738 
0.25 0.2325734039 0.8540171804 
0.3 0.274442211 0.820536883 
0.35 0.3146083755 0.7859335988 
0.4 0.3530190635 0.7503398275 
0.45 0.3896280393 0.7138868229 
0.5 0.4243955777 0.6767035879 
0.55 0.4572883287 0.6389160028 
0.6 0.4882791429 0.6006460897 
0.65 0.5173468625 0.5620114136 
0.7 0.5444760868 0.5231246158 
0.75 0.5696569166 0.4840930746 
0.8 0.5928846851 0.4450186825 
0.85 0.6141596807 0.4059977315 
0.9 0.6334868653 0.3671208928 
0.95 0.6508755956 0.3284732807 
1 0.6663393472 0.2901345867 
1.05 0.6798954489 0.2521792715 
1.1 0.6915648267 0.2146768036 
1.15 0.7013717606 0.1776919325 
1.2 0.7093436565 0.1412849863 
1.25 0.7155108326 0.1055121829 
1.3 0.7199063218 0.07042594823 
1.35 0.72256569 0.0360752309 
1.4 0.7235268702 0.002505808882 
1.45 0.722830011 -0.03023941918 
1.5 0.7205173398 -0.06212016217 
1.55 0.7166330384 -0.09309848866 
1.6 0.7112231309 -0.1231386061 
1.65 0.7043353817 -0.1522066693 
1.7 0.6960192022 -0.1802706207 
1.75 0.6863255644 -0.207300062 
1.8 0.6753069213 -0.2332661591 
1.85 0.6630171293 -0.2581415794 
1.9 0.6495113752 -0.2819004599 
1.95 0.6348461018 -0.3045184068 
2 0.6190789346 -0.3259725223 
2.05 0.6022686056 -0.3462414586 
2.1 0.5844748735 -0.3653054949 
2.15 0.5657584408 -0.3831466347 
2.2 0.5461808642 -0.3997487208 
2.25 0.5258044595 -0.4150975632 
2.3 0.5046922001 -0.4291810769 
2.35 0.4829076081 -0.4419894253 
2.4 0.460514638 -0.453515165 
2.45 0.4375775538 -0.4637533888 
2.5 0.4141607987 -0.4727018614 
2.55 0.390328858 -0.4803611458 
2.6 0.3661461166 -0.4867347152 
2.65 0.3416767109 -0.4918290487 
2.7 0.3169843768 -0.4956537065 
2.75 0.2921322938 -0.4982213833 
2.8 0.2671829277 -0.4995479375 
2.85 0.2421978721 -0.4996523941 
2.9 0.2172376908 -0.4985569227 
2.95 0.1923617611 -0.4962867872 
3 0.1676281218 -0.4928702696 
3.05 0.1430933238 -0.488338569 
3.1 0.1188122879 -0.4827256745 
3.15 0.09483816861 -0.4760682174 
3.2 0.07122222646 -0.4684053012 
3.25 0.04801370875 -0.459778315 
3.3 0.02525974044 -0.4502307309 
3.35 0.003005225239 -0.4398078889 
3.4 -0.0187072422 -0.4285567734 
3.45 -0.03983745275 -0.4165257824 
3.5 -0.06034764765 -0.4037644943 
3.55 -0.08020257171 -0.3903234334 
3.6 -0.09936951477 -0.3762538392 
3.65 -0.1178183418 -0.3616074391 
3.7 -0.1355215117 -0.3464362293 
3.75 -0.1524540855 -0.3307922647 
3.8 -0.1685937244 -0.3147274592 
3.85 -0.1839206777 -0.2982933985 
3.9 -0.1984177621 -0.2815411667 
3.95 -0.2120703327 -0.2645211854 
4 -0.224866246 -0.2472830689 
4.05 -0.2367958164 -0.2298754924 
4.1 -0.2478517659 -0.2123460759 
4.15 -0.2580291691 -0.1947412811 
4.2 -0.2673253929 -0.1771063226 
4.25 -0.2757400319 -0.1594850916 
4.3 -0.283274841 -0.1419200914 
4.35 -0.2899336644 -0.1244523845 
4.4 -0.2957223625 -0.1071215493 
4.45 -0.3006487368 -0.08996564575 
4.5 -0.3047224532 -0.0730211897 
4.55 -0.3079549645 -0.05632313306 
4.6 -0.3103594315 -0.03990485058 
4.65 -0.3119506444 -0.02379813125 
4.7 -0.3127449428 -0.008033173762 
4.75 -0.3127601368 0.007361414934 
4.8 -0.3120154266 0.02235861864 
4.85 -0.310531324 0.03693300918 
4.9 -0.3083295722 0.05106074242 
4.95 -0.3054330673 0.06471955361 
5 -0.3018657793 0.07788875224 
5.05 -0.2976526733 0.09054921683 
5.1 -0.2928196314 0.1026833896 
5.15 -0.2873933747 0.1142752715 
5.2 -0.2814013854 0.1253104167 
5.25 -0.2748718292 0.1357759278 
5.3 -0.267833478 0.1456604503 
5.35 -0.2603156331 0.1549541669 
5.4 -0.2523480484 0.1636487909 
5.45 -0.2439608538 0.1717375593 
5.5 -0.2351844797 0.1792152234 
5.55 -0.2260495811 0.1860780393 
5.6 -0.2165869628 0.1923237553 
5.65 -0.2068275055 0.1979515974 
5.7 -0.1968020916 0.2029622525 
5.75 -0.1865415332 0.2073578484 
5.8 -0.1760765006 0.2111419309 
5.85 -0.1654374516 0.2143194371 
5.9 -0.1546545633 0.2168966658 
5.95 -0.1437576643 0.2188812443 
6 -0.1327761695 0.2202820904 
6.05 -0.1217390163 0.2211093724 
6.1 -0.1106746037 0.2213744638 
6.15 -0.09961073247 0.2210898952 
6.2 -0.08857454932 0.220269303 
6.25 -0.07759249248 0.2189273738 
6.3 -0.06669024084 0.2170797869 
6.35 -0.05589266576 0.2147431531 
6.4 -0.04522378609 0.2119349518 
6.45 -0.03470672635 0.2086734651 
6.5 -0.0243636783 0.2049777106 
6.55 -0.01421586583 0.2008673732 
6.6 -0.004283513395 0.1963627349 
6.65 0.005414182146 0.1914846046 
6.7 0.01485907607 0.1862542475 
6.75 0.02403409684 0.1806933146 
6.8 0.03292326367 0.1748237723 
6.85 0.04151170053 0.1686678339 
6.9 0.04978564678 0.1622478905 
6.95 0.05773246444 0.1555864451 
7 0.06534064206 0.1487060472 
7.05 0.07259979556 0.14162923 
7.1 0.07950066581 0.1343784494 
7.15 0.08603511332 0.1269760254 
7.2 0.09219611005 0.1194440863 
7.25 0.09797772844 0.1118045149 
7.3 0.1033751279 0.1040788982 
7.35 0.1083845387 0.09628847894 
7.4 0.1130032438 0.08845411089 
7.45 0.1172295583 0.08059621608 
7.5 0.1210628065 0.07273474545 
7.55 0.124503298 0.06488914195 
7.6 0.1275523009 0.05707830652 
7.65 0.1302120144 0.04932056663 
7.7 0.1324855388 0.04163364752 
7.75 0.1343768453 0.0340346459 
7.8 0.1358907436 0.02654000616 
7.85 0.1370328491 0.0191654989 
7.9 0.137809548 0.01192620175 
7.95 0.1382279632 0.004836482378 
8 0.1382959176 -0.002090016351 
8.05 0.138021898 -0.008840389244 
8.1 0.1374150178 -0.01540247965 
8.15 0.1364849791 -0.02176488848 
8.2 0.1352420353 -0.02791698134 
8.25 0.1336969517 -0.03384889403 
8.3 0.1318609681 -0.03955153618 
8.35 0.129745759 -0.04501659334 
8.4 0.1273633952 -0.05023652742 
8.45 0.1247263054 -0.05520457552 
8.5 0.1218472367 -0.05991474725 
8.55 0.1187392167 -0.06436182054 
8.6 0.115415515 -0.06854133588 
8.65 0.1118896052 -0.07244958919 
8.7 0.1081751275 -0.07608362319 
8.75 0.1042858512 -0.07944121735 
8.8 0.100235639 -0.08252087647 
8.85 0.09603840988 -0.08532181784 
8.9 0.09170810485 -0.08784395713 
8.95 0.08725865183 -0.09008789288 
9 0.08270393212 -0.09205488981 
9.05 0.0780577475 -0.09374686078 
9.1 0.0733337883 -0.09516634765 
9.15 0.06854560246 -0.09631650093 
9.2 0.0637065656 -0.0972010584 
9.25 0.05882985227 -0.09782432262 
9.3 0.05392840823 -0.09819113752 
9.35 0.04901492402 -0.09830686408 
9.4 0.04410180974 -0.09817735515 
9.45 0.03920117107 -0.09780892957 
9.5 0.03432478667 -0.09720834556 
9.55 0.02948408686 -0.09638277354 
9.6 0.02469013371 -0.09533976849 
9.65 0.01995360251 -0.09408724183 
9.7 0.01528476466 -0.09263343302 
9.75 0.01069347199 -0.09098688091 
9.8 0.006189142487 -0.08915639497 
9.85 0.001780747514 -0.08715102642 
9.9 -0.002523199576 -0.08498003946 
9.95 -0.006714653367 -0.08265288258 
10 -0.01078604488 -0.08017916008 
10.05 -0.01473028866 -0.07756860392 
10.1 -0.01854078846 -0.07483104588 
10.15 -0.02221144154 -0.07197639024 
10.2 -0.02573664164 -0.06901458686 
10.25 -0.02911128057 -0.06595560498 
10.3 -0.03233074857 -0.06280940754 
10.35 -0.03539093332 -0.05958592629 
10.4 -0.03828821783 -0.05629503755 
10.45 -0.04101947704 -0.05294653887 
10.5 -0.04358207331 -0.04955012647 
10.55 -0.04597385086 -0.04611537355 
10.6 -0.04819312903 -0.04265170953 
10.65 -0.05023869463 -0.03916840023 
10.7 -0.05210979328 -0.03567452894 
10.75 -0.05380611983 -0.03217897861 
10.8 -0.0553278079 -0.02869041486 
10.85 -0.05667541863 -0.02521727012 
10.9 -0.05784992865 -0.02176772871 
10.95 -0.0588527173 -0.018349713 
11 -0.05968555323 -0.01497087052 
11.05 -0.06035058033 -0.01163856213 
11.1 -0.06085030315 -0.00835985122 
11.15 -0.06118757177 -0.005141493843 
11.2 -0.0613655662 -0.001989929945 
11.25 -0.06138778038 0.001088724478 
11.3 -0.0612580058 0.004088684211 
11.35 -0.06098031482 0.0070045007 
11.4 -0.06055904371 0.009831066959 
11.45 -0.05999877546 0.01256362156 
11.5 -0.05930432245 0.01519775165 
11.55 -0.0584807089 0.01772939516 
11.6 -0.05753315337 0.02015484199 
11.65 -0.0564670511 0.02247073443 
11.7 -0.05528795641 0.02467406672 
11.75 -0.05400156517 0.02676218371 
11.8 -0.05261369722 0.02873277881 
11.85 -0.05113027914 0.03058389109 
11.9 -0.04955732695 0.03231390166 
11.95 -0.04790092916 0.03392152926 
12 -0.04616723001 0.03540582526 
12.05 -0.04436241297 0.03676616784 
12.1 -0.04249268458 0.03800225558 
12.15 -0.04056425856 0.03911410047 
12.2 -0.03858334037 0.04010202026 
12.25 -0.0365561121 0.04096663025 
12.3 -0.03448871783 0.04170883459 
12.35 -0.03238724939 0.04232981702 
12.4 -0.03025773264 0.04283103122 
12.45 -0.0281061142 0.04321419063 
12.5 -0.02593824878 0.04348125796 
12.55 -0.02375988691 0.04363443425 
12.6 -0.02157666338 0.04367614768 
12.65 -0.01939408609 0.043609042 
12.7 -0.01721752564 0.04343596477 
12.75 -0.01505220541 0.04315995532 
12.8 -0.01290319224 0.04278423258 
12.85 -0.01077538782 0.04231218265 
12.9 -0.008673520619 0.0417473464 
12.95 -0.006602138428 0.04109340683 
13 -0.004565601619 0.04035417649 
13.05 -0.002568076954 0.03953358483 
13.1 -0.000613532065 0.03863566557 
13.15 0.001294269448 0.03766454413 
13.2 0.003151772288 0.03662442516 
13.25 0.004955633112 0.0355195801 
13.3 0.006702723563 0.03435433496 
13.35 0.008390132698 0.03313305826 
13.4 0.01001516881 0.03186014911 
13.45 0.01157536068 0.03054002554 
13.5 0.01306845822 0.02917711311 
13.55 0.01449243256 0.02777583371 
13.6 0.01584547562 0.02634059472 
13.65 0.01712599912 0.02487577844 
13.7 0.01833263302 0.02338573188 
13.75 0.01946422357 0.02187475683 
13.8 0.02051983076 0.02034710038 
13.85 0.0214987254 0.01880694576 
13.9 0.02240038565 0.01725840355 
13.95 0.02322449324 0.01570550338 
14 0.02397092916 0.01415218594 
14.05 0.02463976908 0.01260229546 
14.1 0.02523127832 0.01105957264 
14.15 0.02574590648 0.009527647959 
14.2 0.02618428181 0.008010035463 
14.25 0.02654720526 0.006510126986 
14.3 0.02683564417 0.005031186817 
14.35 0.0270507258 0.003576346812 
14.4 0.02719373063 0.00214860196 
14.45 0.02726608535 0.0007508063946 
14.5 0.02726935578 -0.000614330156 
14.55 0.02720523956 -0.001944245464 
14.6 0.02707555867 -0.003236527467 
14.65 0.02688225191 -0.004488916494 
14.7 0.02662736721 -0.005699307066 
14.75 0.02631305389 -0.006865749267 
14.8 0.02594155486 -0.007986449709 
14.85 0.02551519877 -0.009059772082 
14.9 0.02503639216 -0.01008423731 
14.95 0.02450761158 -0.01105852332 
15 0.02393139579 -0.01198146441 
15.05 0.02331033794 -0.01285205029 
15.1 0.02264707783 -0.01366942473 
15.15 0.02194429427 -0.01443288387 
15.2 0.02120469747 -0.01514187422 
15.25 0.02043102162 -0.0157959903 
15.3 0.01962601754 -0.01639497202 
15.35 0.01879244548 -0.01693870173 
15.4 0.01793306807 -0.01742720099 
15.45 0.01705064346 -0.01786062713 
15.5 0.0161479186 -0.01823926949 
15.55 0.01522762279 -0.01856354547 
15.6 0.01429246131 -0.01883399636 
15.65 0.01334510939 -0.01905128292 
15.7 0.01238820632 -0.01921618087 
15.75 0.01142434983 -0.01932957608 
15.8 0.01045609071 -0.01939245972 
15.85 0.009485927662 -0.0194059232 
15.9 0.008516302413 -0.01937115301 
15.95 0.007549595105 -0.01928942545 
16 0.006588119926 -0.01916210128 
16.05 0.005634121031 -0.01899062024 
16.1 0.004689768726 -0.0187764956 
16.15 0.003757155935 -0.01852130854 
16.2 0.002838294935 -0.01822670266 
16.25 0.001935114385 -0.0178943783 
16.3 0.001049456622 -0.01752608697 
16.35 0.0001830752454 -0.01712362576 
16.4 -0.0006623670228 -0.01668883178 
16.45 -0.001485300202 -0.01622357663 
16.5 -0.002284248639 -0.0157297609 
16.55 -0.003057832324 -0.0152093088 
16.6 -0.003804767933 -0.01466416279 
16.65 -0.004523869614 -0.01409627835 
16.7 -0.005214049508 -0.01350761879 
16.75 -0.00587431801 -0.01290015025 
16.8 -0.00650378379 -0.01227583677 
16.85 -0.007101653569 -0.01163663544 
16.9 -0.007667231649 -0.01098449181 
16.95 -0.008199919227 -0.01032133529 
17 -0.008699213478 -0.009649074866 
17.05 -0.009164706424 -0.008969594818 
17.1 -0.009596083601 -0.008284750723 
17.15 -0.009993122526 -0.007596365566 
17.2 -0.01035569097 -0.006906226045 
17.25 -0.01068374506 -0.006216079059 
17.3 -0.01097732721 -0.005527628379 
17.35 -0.01123656386 -0.004842531504 
17.4 -0.01146166313 -0.00416239672 
17.45 -0.01165291225 -0.003488780341 
17.5 -0.01181067491 -0.002823184156 
17.55 -0.0119353885 -0.002167053068 
17.6 -0.01202756115 -0.001521772932 
17.65 -0.01208776881 -0.0008886686008 
17.7 -0.01211665207 -0.0002690021545 
17.75 -0.01211491304 0.0003360286573 
17.8 -0.01208331209 0.000925291784 
17.85 -0.0120226645 0.001497722044 
17.9 -0.01193383715 0.002052322102 
17.95 -0.01181774504 0.002588163253 
18 -0.01167534789 0.003104386021 
18.05 -0.01150764667 0.003600200568 
18.1 -0.01131568007 0.004074886926 
18.15 -0.01110052104 0.004527795045 
18.2 -0.0108632733 0.004958344678 
18.25 -0.01060506783 0.005366025079 
18.3 -0.01032705941 0.005750394559 
18.35 -0.0100304232 0.006111079865 
18.4 -0.009716351342 0.006447775412 
18.45 -0.009386049563 0.006760242372 
18.5 -0.009040733891 0.007048307611 
18.55 -0.008681627396 0.007311862498 
18.6 -0.008309956991 0.007550861582 
18.65 -0.007926950315 0.007765321142 
18.7 -0.007533832678 0.007955317629 
18.75 -0.0071318241 0.008120985988 
18.8 -0.006722136431 0.008262517882 
18.85 -0.006305970553 0.008380159825 
18.9 -0.005884513696 0.008474211212 
18.95 -0.005458936839 0.008545022283 
19 -0.005030392223 0.008592991997 
19.05 -0.004600010967 0.008618565852 
19.1 -0.004168900799 0.008622233631 
19.15 -0.003738143899 0.008604527103 
19.2 -0.003308794857 0.008566017672 
19.25 -0.002881878753 0.008507313992 
19.3 -0.002458389351 0.008429059543 
19.35 -0.002039287424 0.008331930179 
19.4 -0.001625499192 0.008216631669 
19.45 -0.001217914892 0.008083897206 
19.5 -0.0008173874679 0.007934484929 
19.55 -0.0004247313827 0.00776917543 
19.6 -4.072156187e-05 0.007588769272 
19.65 0.0003339075455 0.007394084524 
19.7 0.0006984627801 0.007185954304 
19.75 0.001052292964 0.006965224353 
19.8 0.001394789473 0.006732750636 
19.85 0.001725386686 0.006489396974 
19.9 0.002043562322 0.006236032719 
19.95 0.002348837655 0.005973530468 
20 0.002640777629 0.005702763835 
20.05 0.002918990843 0.005424605261 
20.1 0.003183129448 0.005139923895 
20.15 0.003432888925 0.004849583527 
20.2 0.003668007769 0.004554440588 
20.25 0.003888267074 0.004255342218 
20.3 0.004093490017 0.003953124402 
20.35 0.00428354126 0.003648610186 
20.4 0.004458326257 0.00334260796 
20.45 0.004617790481 0.003035909827 
20.5 0.004761918571 0.00272929005 
20.55 0.004890733402 0.002423503581 
20.6 0.005004295085 0.002119284671 
20.65 0.005102699898 0.001817345575 
20.7 0.005186079156 0.001518375331 
20.75 0.005254598025 0.001223038637 
20.8 0.005308454271 0.0009319748083 
20.85 0.005347876973 0.0006457968274 
20.9 0.005373125186 0.0003650904816 
20.95 0.005384486552 9.041358793e-05 
21 0.005382275895 -0.0001777046925 
21.05 0.005366833766 -0.0004387644537 
21.1 0.005338524969 -0.0006922955557 
21.15 0.005297737062 -0.0009378580503 
21.2 0.00524487884 -0.001175042522 
21.25 0.005180378797 -0.001403470343 
21.3 0.005104683587 -0.00162279385 
21.35 0.005018256471 -0.001832696436 
21.4 0.004921575761 -0.002032892566 
21.45 0.004815133273 -0.002223127714 
21.5 0.004699432776 -0.002403178225 
21.55 0.004574988454 -0.002572851109 
21.6 0.004442323378 -0.002731983752 
21.65 0.004301968 -0.002880443577 
21.7 0.004154458658 -0.003018127625 
21.75 0.004000336105 -0.003144962074 
21.8 0.00384014407 -0.003260901712 
21.85 0.003674427839 -0.003365929332 
21.9 0.003503732872 -0.003460055091 
21.95 0.00332860345 -0.003543315802 
22 0.003149581365 -0.003615774193 
22.05 0.00296720464 -0.003677518107 
22.1 0.002782006294 -0.003728659665 
22.15 0.002594513152 -0.003769334395 
22.2 0.002405244698 -0.003799700313 
22.25 0.002214711971 -0.003819936982 
22.3 0.002023416513 -0.003830244537 
22.35 0.001831849368 -0.003830842679 
22.4 0.001640490123 -0.003821969656 
22.45 0.001449806016 -0.003803881211 
22.5 0.001260251078 -0.003776849522 
22.55 0.001072265346 -0.003741162124 
22.6 0.0008862741167 -0.003697120818 
22.65 0.000702687264 -0.003645040577 
22.7 0.0005218986066 -0.003585248442 
22.75 0.0003442853325 -0.003518082416 
22.8 0.0001702074785 -0.003443890358 
22.85 7.464963264e-09 -0.003363028885 
22.9 -0.0001659903145 -0.003275862271 
22.95 -0.0003274798488 -0.00318276136 
23 -0.0004841738109 -0.003084102491 
23.05 -0.0006358038059 -0.002980266428 
23.1 -0.0007821205657 -0.002871637318 
23.15 -0.0009228940925 -0.002758601651 
23.2 -0.001057913751 -0.002641547254 
23.25 -0.001186988309 -0.002520862299 
23.3 -0.001309945932 -0.002396934336 
23.35 -0.001426634128 -0.002270149351 
23.4 -0.001536919646 -0.002140890853 
23.45 -0.001640688329 -0.002009538987 
23.5 -0.001737844927 -0.001876469681 
23.55 -0.001828312862 -0.001742053819 
23.6 -0.001912033959 -0.001606656453 
23.65 -0.001988968133 -0.001470636044 
23.7 -0.002059093043 -0.001334343741 
23.75 -0.002122403707 -0.001198122693 
23.8 -0.002178912087 -0.001062307402 
23.85 -0.002228646643 -0.0009272231083 
23.9 -0.002271651852 -0.0007931852174 
23.95 -0.002307987704 -0.0006604987651 
24 -0.002337729171 -0.0005294579192 
24.05 -0.002360965653 -0.0004003455224 
24.1 -0.002377800399 -0.0002734326734 
24.15 -0.002388349912 -0.0001489783482 
24.2 -0.002392743335 -2.722905945e-05 
24.25 -0.002391121816 9.158144382e-05 
24.3 -0.002383637867 0.0002072324383 
24.35 -0.002370454707 0.0003195164494 
24.4 -0.002351745592 0.0004282394366 
24.45 -0.00232769314 0.0005332209406 
24.5 -0.002298488654 0.0006342941931 
24.55 -0.002264331428 0.0007313061912 
24.6 -0.002225428062 0.0008241177344 
24.65 -0.002181991771 0.000912603428 
24.7 -0.002134241696 0.0009966516514 
24.75 -0.002082402215 0.001076164494 
24.8 -0.00202670226 0.001151057657 
24.85 -0.001967374642 0.001221260329 
24.9 -0.001904655379 0.001286715022 
24.95 -0.00183878303 0.001347377391 
25 -0.001769998053 0.001403216013 
25.05 -0.001698542155 0.001454212149 
25.1 -0.001624657669 0.001500359478 
25.15 -0.00154858694 0.0015416638 
25.2 -0.001470571728 0.001578142732 
25.25 -0.001390852621 0.001609825364 
25.3 -0.001309668475 0.001636751908 
25.35 -0.001227255864 0.001658973325 
25.4 -0.001143848553 0.001676550929 
25.45 -0.001059676993 0.001689555987 
25.5 -0.00097496783 0.001698069292 
25.55 -0.0008899434408 0.001702180731 
25.6 -0.0008048214908 0.001701988836 
25.65 -0.0007198145118 0.00169760033 
25.7 -0.0006351295043 0.001689129662 
25.75 -0.0005509675631 0.001676698528 
25.8 -0.0004675235271 0.0016604354 
25.85 -0.0003849856521 0.001640475036 
25.9 -0.0003035353092 0.001616957991 
25.95 -0.0002233467069 0.001590030133 
26 -0.0001445866378 0.001559842145 
26.05 -6.741425003e-05 0.00152654904 
26.1 8.01915675e-06 0.001490309667 
26.15 8.157031121e-05 0.001451286226 
26.2 0.0001531041257 0.001409643785 
26.25 0.0002224938277 0.001365549802 
26.3 0.0002896210674 0.001319173651 
26.35 0.0003543760021 0.001270686159 
26.4 0.0004166573569 0.001220259145 
26.45 0.0004763724636 0.001168064976 
26.5 0.0005334372766 0.001114276124 
26.55 0.0005877763679 0.00105906474 
26.6 0.0006393228999 0.001002602234 
26.65 0.0006880185789 0.0009450588746 
26.7 0.0007338135877 0.0008866033938 
26.75 0.0007766664994 0.0008274026087 
26.8 0.0008165441726 0.0007676210579 
26.85 0.0008534216282 0.000707420651 
26.9 0.0008872819102 0.0006469603339 
26.95 0.0009181159289 0.0005863957698 
27 0.0009459222895 0.0005258790358 
27.05 0.0009707071053 0.0004655583361 
27.1 0.0009924837973 0.000405577732 
27.15 0.001011272881 0.0003460768881 
27.2 0.001027101739 0.0002871908366 
27.25 0.001040004388 0.0002290497581 
27.3 0.001050021224 0.0001717787798 
27.35 0.001057198773 0.0001154977921 
27.4 0.001061589419 6.032128118e-05 
27.45 0.001063251132 6.35818023e-06 
27.5 0.001062247189 -4.62882624e-05 
27.55 0.001058645883 -9.752059773e-05 
27.6 0.001052520232 -0.0001472472735 
27.65 0.001043947684 -0.0001953827147 
27.7 0.001033009815 -0.000241847387 
27.75 0.001019792024 -0.0002865678441 
27.8 0.001004383231 -0.0003294767586 
27.85 0.000986875569 -0.0003705129374 
27.9 0.000967364076 -0.0004096213209 
27.95 0.000945946391 -0.0004467529676 
28 0.0009227224475 -0.0004818650243 
28.05 0.0008977941703 -0.0005149206808 
28.1 0.0008712651748 -0.0005458891121 
28.15 0.0008432404695 -0.0005747454067 
28.2 0.0008138261625 -0.0006014704816 
28.25 0.0007831291721 -0.0006260509862 
28.3 0.0007512569432 -0.0006484791933 
28.35 0.000718317169 -0.0006687528793 
28.4 0.0006844175188 -0.0006868751941 
28.45 0.0006496653732 -0.0007028545203 
28.5 0.0006141675658 -0.0007167043236 
28.55 0.0005780301331 -0.0007284429938 
28.6 0.0005413580727 -0.0007380936782 
28.65 0.0005042551092 -0.0007456841067 
28.7 0.0004668234701 -0.00075124641 
28.75 0.0004291636702 -0.0007548169323 
28.8 0.0003913743059 -0.000756436037 
28.85 0.0003535518589 -0.000756147908 
28.9 0.0003157905105 -0.0007540003461 
28.95 0.0002781819659 -0.0007500445623 
29 0.0002408152888 -0.0007443349664 
29.05 0.0002037767469 -0.0007369289543 
29.1 0.0001671496679 -0.0007278866924 
29.15 0.0001310143065 -0.0007172709005 
29.2 9.544772219e-05 -0.0007051466343 
29.25 6.05236676e-05 -0.0006915810667 
29.3 2.631248849e-05 -0.0006766432702 
29.35 -7.11896599e-06 -0.0006604039991 
29.4 -3.970742195e-05 -0.0006429354734 
29.45 -7.139324868e-05 -0.0006243111645 
29.5 -0.0001021205159 -0.0006046055827 
29.55 -0.0001318370404 -0.000583894068 
29.6 -0.0001604944225 -0.0005622525831 
29.65 -0.0001880480718 -0.0005397575109 
29.7 -0.0002144572237 -0.0005164854557 
29.75 -0.0002396849449 -0.000492513048 
29.8 -0.0002636981307 -0.0004679167555 
29.85 -0.0002864674917 -0.0004427726976 
29.9 -0.0003079675318 -0.0004171564667 
29.95 -0.0003281765181 -0.0003911429544 
30 -0.0003470764409 -0.0003648061838 
30.05 -0.0003646529669 -0.0003382191483 
30.1 -0.0003808953832 -0.0003114536569 
30.15 -0.0003957965349 -0.0002845801862 
30.2 -0.0004093527544 -0.0002576677392 
30.25 -0.0004215637848 -0.0002307837115 
30.3 -0.0004324326961 -0.0002039937644 
30.35 -0.0004419657954 -0.0001773617059 
30.4 -0.0004501725316 -0.0001509493788 
30.45 -0.0004570653946 -0.0001248165567 
30.5 -0.0004626598089 -9.902084713e-05 
30.55 -0.0004669740236 -7.361760343e-05 
30.6 -0.0004700289973 -4.865984332e-05 
30.65 -0.0004718482795 -2.419817584e-05 
30.7 -0.0004724578888 -2.807359094e-07 
30.75 -0.0004718861872 2.304687343e-05 
30.8 -0.0004701637526 4.574163109e-05 
30.85 -0.0004673232486 6.776314035e-05 
30.9 -0.000463399292 8.907366381e-05 
30.95 -0.0004584283199 0.0001096381509 
31 -0.0004524484537 0.0001294242579 
31.05 -0.0004454993646 0.0001484023613 
31.1 -0.0004376221364 0.0001665455634 
31.15 -0.0004288591299 0.0001838296915 
31.2 -0.0004192538465 0.0002002332906 
31.25 -0.0004088507926 0.0002157376088 
31.3 -0.0003976953452 0.0002303265771 
31.35 -0.000385833618 0.0002439867827 
31.4 -0.0003733123297 0.0002567074368 
31.45 -0.0003601786738 0.000268480336 
31.5 -0.0003464801899 0.0002792998192 
31.55 -0.0003322646383 0.0002891627186 
31.6 -0.0003175798766 0.0002980683056 
31.65 -0.0003024737387 0.0003060182331 
31.7 -0.0002869939179 0.0003130164719 
31.75 -0.0002711878523 0.0003190692443 
31.8 -0.0002551026142 0.0003241849526 
31.85 -0.0002387848025 0.000328374105 
31.9 -0.0002222804401 0.0003316492373 
31.95 -0.0002056348738 0.0003340248321 
32 -0.0001888926793 0.0003355172348 
32.05 -0.0001720975705 0.0003361445676 
32.1 -0.0001552923125 0.0003359266406 
32.15 -0.0001385186395 0.0003348848612 
32.2 -0.0001218171774 0.0003330421421 
32.25 -0.0001052273708 0.0003304228072 
32.3 -8.878741468e-05 0.000327052497 
32.35 -7.253419125e-05 0.0003229580729 
32.4 -5.650321102e-05 0.0003181675203 
32.45 -4.072855917e-05 0.0003127098522 
32.5 -2.524284657e-05 0.0003066150118 
32.55 -1.007716567e-05 0.0002999137761 
32.6 4.738948723e-06 0.000292637659 
32.65 1.917755396e-05 0.0002848188154 
32.7 3.321232914e-05 0.0002764899461 
32.75 4.681860012e-05 0.0002676842035 
32.8 5.997335968e-05 0.0002584350984 
32.85 7.265528324e-05 0.0002487764089 
32.9 8.48447399e-05 0.0002387420901 
32.95 9.65237991e-05 0.000228366186 
33 0.0001076762329 0.0002176827431 
33.05 0.000118287514 0.0002067257268 
33.1 0.0001283448097 0.0001955289388 
33.15 0.0001378369714 0.0001841259384 
33.2 0.0001467545211 0.0001725499652 
33.25 0.0001550896331 0.0001608338651 
33.3 0.0001628361126 0.000149010019 
33.35 0.0001699893708 0.0001371102743 
33.4 0.0001765463967 0.0001251658793 
33.45 0.0001825057253 0.0001132074212 
33.5 0.0001878674032 0.0001012647665 
33.55 0.0001926329513 8.93670055e-05 
33.6 0.0001968053242 7.754239924e-05 
33.65 0.0002003888681 6.581833052e-05 
33.7 0.0002033892752 5.422125786e-05 
33.75 0.0002058135367 4.277667303e-05 
33.8 0.0002076698935 3.150906197e-05 
33.85 0.0002089677847 2.044186923e-05 
33.9 0.0002097177951 9.597465758e-06 
33.95 0.0002099316004 -1.002879778e-06 
34 0.000209621912 -1.13390263e-05 
34.05 0.0002088024193 -2.139198218e-05 
34.1 0.0002074877323 -3.114392376e-05 
34.15 0.0002056933228 -4.057821049e-05 
34.2 0.0002034354646 -4.967939682e-05 
34.25 0.0002007311738 -5.84332408e-05 
34.3 0.0001975981485 -6.682670952e-05 
34.35 0.0001940547078 -7.484798144e-05 
34.4 0.0001901197321 -8.248644569e-05 
34.45 0.0001858126018 -8.973269829e-05 
34.5 0.0001811531375 -9.657853567e-05 
34.55 0.0001761615403 -0.0001030169452 
34.6 0.0001708583323 -0.0001090420931 
34.65 0.0001652642982 -0.0001146493098 
34.7 0.0001594004272 -0.0001198350727 
34.75 0.0001532878566 -0.0001245969865 
34.8 0.0001469478157 -0.0001289337613 
34.85 0.0001404015711 -0.0001328451885 
34.9 0.0001336703733 -0.0001363321147 
34.95 0.0001267754048 -0.0001393964133 
35 0.0001197377293 -0.0001420409549 
35.05 0.0001125782427 -0.0001442695752 
35.1 0.0001053176256 -0.0001460870421 
35.15 9.79762978e-05 -0.0001474990205 
35.2 9.057437408e-05 -0.0001485120366 
35.25 8.313162213e-05 -0.0001491334401 
35.3 7.566742242e-05 -0.0001493713661 
35.35 6.820072981e-05 -0.0001492346953 
35.4 6.075003735e-05 -0.0001487330139 
35.45 5.333334198e-05 -0.0001478765724 
35.5 4.596811239e-05 -0.0001466762441 
35.55 3.86712589e-05 -0.0001451434825 
35.6 3.145910555e-05 -0.0001432902791 
35.65 2.434736424e-05 -0.0001411291202 
35.7 1.735111109e-05 -0.000138672944 
35.75 1.048476489e-05 -0.0001359350976 
35.8 3.762067762e-06 -0.0001329292939 
35.85 -2.803932056e-06 -0.0001296695685 
35.9 -9.200895302e-06 -0.0001261702374 
35.95 -1.541720464e-05 -0.0001224458546 
36 -2.144197549e-05 -0.0001185111702 
36.05 -2.726506486e-05 -0.0001143810893 
36.1 -3.287707801e-05 -0.0001100706314 
36.15 -3.826937321e-05 -0.0001055948904 
36.2 -4.343406446e-05 -0.0001009689954 
36.25 -4.836402232e-05 -9.620807266e-05 
36.3 -5.305287278e-05 -9.132720846e-05 
36.35 -5.749499443e-05 -8.634141252e-05 
36.4 -6.168551366e-05 -8.1265583e-05 
36.45 -6.562029827e-05 -7.61144725e-05 
36.5 -6.92959494e-05 -7.090265521e-05 
36.55 -7.270979173e-05 -6.564449532e-05 
36.6 -7.58598623e-05 -6.035411676e-05 
36.65 -7.874489773e-05 -5.50453743e-05 
36.7 -8.136432007e-05 -4.973182594e-05 
36.75 -8.371822128e-05 -4.44267068e-05 
36.8 -8.580734652e-05 -3.914290442e-05 
36.85 -8.763307614e-05 -3.389293553e-05 
36.9 -8.91974066e-05 -2.868892428e-05 
36.95 -9.050293031e-05 -2.354258205e-05 
37 -9.155281456e-05 -1.846518872e-05 
37.05 -9.235077948e-05 -1.346757543e-05 
37.1 -9.290107521e-05 -8.560109e-06 
37.15 -9.320845831e-05 -3.752677742e-06 
37.2 -9.327816755e-05 9.453211028e-07 
37.25 -9.311589903e-05 5.524992445e-06 
37.3 -9.272778087e-05 9.977952909e-06 
37.35 -9.212034737e-05 1.429633889e-05 
37.4 -9.130051291e-05 1.847281313e-05 
37.45 -9.027554543e-05 2.250056984e-05 
37.5 -8.905303981e-05 2.637333837e-05 
37.55 -8.764089103e-05 3.008538549e-05 
37.6 -8.604726728e-05 3.363151625e-05 
37.65 -8.428058304e-05 3.700707355e-05 
37.7 -8.234947224e-05 4.02079363e-05 
37.75 -8.026276152e-05 4.323051642e-05 
37.8 -7.80294437e-05 4.607175451e-05 
37.85 -7.565865143e-05 4.872911432e-05 
37.9 -7.315963127e-05 5.120057616e-05 
37.95 -7.0541718e-05 5.348462907e-05 
38 -6.781430939e-05 5.558026202e-05 
38.05 -6.498684149e-05 5.748695406e-05 
38.1 -6.206876435e-05 5.920466349e-05 
38.15 -5.906951839e-05 6.073381615e-05 
38.2 -5.599851129e-05 6.207529284e-05 
38.25 -5.28650956e-05 6.323041584e-05 
38.3 -4.967854702e-05 6.420093483e-05 
38.35 -4.644804338e-05 6.498901199e-05 
38.4 -4.318264441e-05 6.559720645e-05 
38.45 -3.98912723e-05 6.602845821e-05 
38.5 -3.658269306e-05 6.628607145e-05 
38.55 -3.326549874e-05 6.63736974e-05 
38.6 -2.994809054e-05 6.629531677e-05 
38.65 -2.663866273e-05 6.605522175e-05 
38.7 -2.334518757e-05 6.565799776e-05 
38.75 -2.007540113e-05 6.510850486e-05 
38.8 -1.683678998e-05 6.441185902e-05 
38.85 -1.363657888e-05 6.357341311e-05 
38.9 -1.048171945e-05 6.259873789e-05 
38.95 -7.378879687e-06 6.149360285e-05 
39 -4.334434576e-06 6.026395708e-05 
39.05 -1.354457542e-06 5.891591013e-05 
39.1 1.555287083e-06 5.745571298e-05 
39.15 4.389350654e-06 5.588973912e-05 
39.2 7.142605872e-06 5.422446577e-05 
39.25 9.810251508e-06 5.246645538e-05 
39.3 1.23878162e-05 5.062233727e-05 
39.35 1.487116135e-05 4.869878963e-05 
39.4 1.725648313e-05 4.670252186e-05 
39.45 1.954031358e-05 4.464025719e-05 
39.5 2.171952092e-05 4.251871579e-05 
39.55 2.379130893e-05 4.034459821e-05 
39.6 2.575321561e-05 3.812456937e-05 
39.65 2.760311099e-05 3.586524294e-05 
39.7 2.933919417e-05 3.357316631e-05 
39.75 3.095998968e-05 3.125480608e-05 
39.8 3.246434306e-05 2.891653405e-05 
39.85 3.385141578e-05 2.656461384e-05 
39.9 3.512067953e-05 2.420518814e-05 
39.95 3.627190985e-05 2.184426649e-05 
40 3.73051792e-05 1.948771375e-05 
40.05 3.822084942e-05 1.714123917e-05 
40.1 3.901956372e-05 1.48103862e-05 
40.15 3.970223812e-05 1.250052282e-05 
40.2 4.027005248e-05 1.02168327e-05 
40.25 4.072444106e-05 7.96430688e-06 
40.3 4.10670827e-05 5.747736264e-06 
40.35 4.129989063e-05 3.571704706e-06 
40.4 4.142500197e-05 1.440582816e-06 
40.45 4.144476691e-05 -6.414775683e-07 
40.5 4.136173769e-05 -2.670548225e-06 
40.55 4.117865725e-05 -4.642928725e-06 
40.6 4.089844779e-05 -6.555149943e-06 
40.65 4.052419915e-05 -8.40397691e-06 
40.7 4.005915698e-05 -1.018641102e-05 
40.75 3.950671094e-05 -1.189969158e-05 
40.8 3.887038274e-05 -1.354129678e-05 
40.85 3.815381423e-05 -1.5108944e-05 
40.9 3.736075537e-05 -1.660058953e-05 
40.95 3.649505239e-05 -1.801442776e-05 
41 3.556063586e-05 -1.934888968e-05 
41.05 3.456150892e-05 -2.060264101e-05 
41.1 3.350173563e-05 -2.177457961e-05 
41.15 3.238542937e-05 -2.286383252e-05 
41.2 3.121674157e-05 -2.386975244e-05 
41.25 2.999985041e-05 -2.479191377e-05 
41.3 2.873894994e-05 -2.563010817e-05 
41.35 2.743823927e-05 -2.638433969e-05 
41.4 2.610191211e-05 -2.705481959e-05 
41.45 2.473414656e-05 -2.764196061e-05 
41.5 2.333909516e-05 -2.814637105e-05 
41.55 2.192087527e-05 -2.856884839e-05 
41.6 2.048355979e-05 -2.891037269e-05 
41.65 1.90311682e-05 -2.917209964e-05 
41.7 1.756765794e-05 -2.935535337e-05 
41.75 1.609691621e-05 -2.946161902e-05 
41.8 1.462275207e-05 -2.949253513e-05 
41.85 1.314888899e-05 -2.944988576e-05 
41.9 1.167895774e-05 -2.933559253e-05 
41.95 1.021648979e-05 -2.915170647e-05 
42 8.764910938e-06 -2.890039974e-05 
42.05 7.327535559e-06 -2.858395733e-05 
42.1 5.907561117e-06 -2.820476857e-05 
42.15 4.508063181e-06 -2.77653187e-05 
42.2 3.131990837e-06 -2.726818035e-05 
42.25 1.782162532e-06 -2.671600504e-05 
42.3 4.612623423e-07 -2.611151468e-05 
42.35 -8.281633356e-07 -2.545749311e-05 
42.4 -2.08370867e-06 -2.475677771e-05 
42.45 -3.303110862e-06 -2.401225107e-05 
42.5 -4.484252203e-06 -2.322683274e-05 
42.55 -5.625161714e-06 -2.240347116e-05 
42.6 -6.724016395e-06 -2.154513559e-05 
42.65 -7.779142067e-06 -2.065480836e-05 
42.7 -8.789013829e-06 -1.973547711e-05 
42.75 -9.752256143e-06 -1.879012731e-05 
42.8 -1.066764254e-05 -1.782173495e-05 
42.85 -1.153409495e-05 -1.683325942e-05 
42.9 -1.235068273e-05 -1.582763664e-05 
42.95 -1.31166213e-05 -1.480777233e-05 
43 -1.383127048e-05 -1.377653566e-05 
43.05 -1.449413249e-05 -1.2736753e-05 
43.1 -1.510484971e-05 -1.169120206e-05 
43.15 -1.566320203e-05 -1.06426062e-05 
43.2 -1.616910406e-05 -9.593629041e-06 
43.25 -1.662260199e-05 -8.546869397e-06 
43.3 -1.702387021e-05 -7.504856438e-06 
43.35 -1.737320777e-05 -6.470045169e-06 
43.4 -1.767103448e-05 -5.444812207e-06 
43.45 -1.791788698e-05 -4.431451843e-06 
43.5 -1.811441447e-05 -3.432172418e-06 
43.55 -1.826137435e-05 -2.449092987e-06 
43.6 -1.835962768e-05 -1.484240296e-06 
43.65 -1.841013448e-05 -5.3954606e-07 
43.7 -1.841394896e-05 3.831554634e-07 
43.75 -1.837221453e-05 1.282129592e-06 
43.8 -1.828615882e-05 2.155743046e-06 
43.85 -1.815708856e-05 3.002465471e-06 
43.9 -1.798638438e-05 3.82087068e-06 
43.95 -1.777549561e-05 4.609637598e-06 
44 -1.752593499e-05 5.367550932e-06 
44.05 -1.723927337e-05 6.093501553e-06 
44.1 -1.691713441e-05 6.78648662e-06 
44.15 -1.656118923e-05 7.445609423e-06 
44.2 -1.617315117e-05 8.070078985e-06 
44.25 -1.575477046e-05 8.659209398e-06 
44.3 -1.530782905e-05 9.212418922e-06 
44.35 -1.483413537e-05 9.729228853e-06 
44.4 -1.433551925e-05 1.020926216e-05 
44.45 -1.381382685e-05 1.06522419e-05 
44.5 -1.327091573e-05 1.105798943e-05 
44.55 -1.270864995e-05 1.142642243e-05 
44.6 -1.212889533e-05 1.175755274e-05 
44.65 -1.153351479e-05 1.205148396e-05 
44.7 -1.092436383e-05 1.230840897e-05 
44.75 -1.030328612e-05 1.252860725e-05 
44.8 -9.672109274e-06 1.271244202e-05 
44.85 -9.032640689e-06 1.28603573e-05 
44.9 -8.386663613e-06 1.297287482e-05 
44.95 -7.735933334e-06 1.30505908e-05 
45 -7.082173531e-06 1.309417266e-05 
45.05 -6.427072808e-06 1.310435559e-05 
45.1 -5.772281383e-06 1.308193908e-05 
45.15 -5.119407969e-06 1.302778334e-05 
45.2 -4.470016824e-06 1.29428057e-05 
45.25 -3.82562499e-06 1.282797692e-05 
45.3 -3.187699709e-06 1.268431749e-05 
45.35 -2.557656039e-06 1.251289385e-05 
45.4 -1.936854639e-06 1.231481467e-05 
45.45 -1.326599763e-06 1.209122703e-05 
45.5 -7.281374271e-07 1.184331267e-05 
45.55 -1.426537725e-07 1.157228418e-05 
45.6 4.28726382e-07 1.127938128e-05 
45.65 9.849408043e-07 1.09658671e-05 
45.7 1.524990925e-06 1.063302442e-05 
45.75 2.047942733e-06 1.02821521e-05 
45.8 2.552927482e-06 9.914561415e-06 
45.85 3.039142228e-06 9.531572533e-06 
45.9 3.505850186e-06 9.134511045e-06 
45.95 3.952380915e-06 8.72470455e-06 
46 4.378130333e-06 8.303479328e-06 
46.05 4.782560573e-06 7.872157099e-06 
46.1 5.165199673e-06 7.432051877e-06 
46.15 5.525641115e-06 6.984466912e-06 
46.2 5.863543215e-06 6.53069174e-06 
46.25 6.17862836e-06 6.071999339e-06 
46.3 6.470682118e-06 5.609643396e-06 
46.35 6.739552203e-06 5.144855686e-06 
46.4 6.985147316e-06 4.678843577e-06 
46.45 7.207435869e-06 4.212787646e-06 
46.5 7.406444584e-06 3.747839433e-06 
46.55 7.582256992e-06 3.285119309e-06 
46.6 7.735011818e-06 2.825714486e-06 
46.65 7.864901282e-06 2.370677145e-06 
46.7 7.972169299e-06 1.921022711e-06 
46.75 8.057109606e-06 1.477728249e-06 
46.8 8.120063801e-06 1.041731e-06 
46.85 8.16141932e-06 6.139270525e-07 
46.9 8.18160735e-06 1.951701445e-07 
46.95 8.181100684e-06 -2.13729397e-07 
47 8.160411528e-06 -6.12005585e-07 
47.05 8.120089259e-06 -9.989375686e-07 
47.1 8.060718156e-06 -1.373850298e-06 
47.15 7.982915093e-06 -1.736115058e-06 
47.2 7.887327214e-06 -2.085149882e-06 
47.25 7.774629585e-06 -2.420419826e-06 
47.3 7.645522841e-06 -2.741437135e-06 
47.35 7.500730824e-06 -3.047761277e-06 
47.4 7.340998221e-06 -3.33899887e-06 
47.45 7.167088218e-06 -3.614803483e-06 
47.5 6.97978015e-06 -3.874875335e-06 
47.55 6.779867187e-06 -4.118960883e-06 
47.6 6.568154027e-06 -4.346852307e-06 
47.65 6.345454632e-06 -4.558386893e-06 
47.7 6.112589985e-06 -4.75344632e-06 
47.75 5.870385891e-06 -4.931955859e-06 
47.8 5.619670823e-06 -5.093883477e-06 
47.85 5.361273805e-06 -5.239238866e-06 
47.9 5.096022357e-06 -5.368072387e-06 
47.95 4.824740486e-06 -5.480473941e-06 
48 4.548246744e-06 -5.576571773e-06 
48.05 4.267352333e-06 -5.656531206e-06 
48.1 3.982859294e-06 -5.720553319e-06 
48.15 3.695558746e-06 -5.768873566e-06 
48.2 3.406229206e-06 -5.801760351e-06 
48.25 3.11563498e-06 -5.819513547e-06 
48.3 2.824524621e-06 -5.822462978e-06 
48.35 2.533629479e-06 -5.81096687e-06 
48.4 2.243662312e-06 -5.785410264e-06 
48.45 1.955315991e-06 -5.7462034e-06 
48.5 1.669262278e-06 -5.693780086e-06 
48.55 1.38615069e-06 -5.628596045e-06 
48.6 1.106607446e-06 -5.551127245e-06 
48.65 8.312344941e-07 -5.46186823e-06 
48.7 5.606086253e-07 -5.361330437e-06 
48.75 2.952806725e-07 -5.250040517e-06 
48.8 3.577479018e-08 -5.128538659e-06 
48.85 -2.174121802e-07 -4.997376923e-06 
48.9 -4.638112624e-07 -4.857117585e-06 
48.95 -7.029818154e-07 -4.708331495e-06 
49 -9.345119208e-07 -4.551596455e-06 
49.05 -1.158018691e-06 -4.387495627e-06 
49.1 -1.373148499e-06 -4.216615954e-06 
49.15 -1.579577124e-06 -4.039546622e-06 
49.2 -1.777009832e-06 -3.856877548e-06 
49.25 -1.965181371e-06 -3.669197909e-06 
49.3 -2.143855901e-06 -3.477094701e-06 
49.35 -2.312826845e-06 -3.281151349e-06 
49.4 -2.471916682e-06 -3.081946351e-06 
49.45 -2.620976666e-06 -2.880051974e-06 
49.5 -2.759886481e-06 -2.676032994e-06 
49.55 -2.888553837e-06 -2.470445487e-06 
49.6 -3.006914006e-06 -2.263835672e-06 
49.65 -3.114929302e-06 -2.056738805e-06 
49.7 -3.212588507e-06 -1.849678129e-06 
49.75 -3.299906241e-06 -1.643163878e-06 
49.8 -3.376922293e-06 -1.437692341e-06 
49.85 -3.443700899e-06 -1.233744977e-06 
49.9 -3.50032998e-06 -1.031787599e-06 
49.95 -3.546920339e-06 -8.32269603e-07 
50 -3.583604825e-06 -6.356232701e-07 
50.05 -3.61053746e-06 -4.422631192e-07 
50.1 -3.627892535e-06 -2.525853224e-07 
50.15 -3.63586368e-06 -6.696718083e-08 
50.2 -3.634662908e-06 1.142333415e-07 
50.25 -3.624519638e-06 2.906780236e-07 
50.3 -3.6056797e-06 4.620487347e-07 
50.35 -3.578404321e-06 6.28047724e-07 
50.4 -3.542969104e-06 7.883978523e-07 
50.45 -3.499662985e-06 9.428427669e-07 
50.5 -3.4487872e-06 1.091147022e-06 
50.55 -3.390654231e-06 1.233096142e-06 
50.6 -3.325586759e-06 1.368496636e-06 
50.65 -3.253916616e-06 1.497175954e-06 
50.7 -3.17598374e-06 1.618982399e-06 
50.75 -3.092135136e-06 1.733784983e-06 
50.8 -3.002723843e-06 1.841473244e-06 
50.85 -2.908107915e-06 1.941957007e-06 
50.9 -2.808649414e-06 2.035166107e-06 
50.95 -2.704713417e-06 2.121050071e-06 
51 -2.596667038e-06 2.199577752e-06 
51.05 -2.484878476e-06 2.270736933e-06 
51.1 -2.369716074e-06 2.334533887e-06 
51.15 -2.251547411e-06 2.390992905e-06 
51.2 -2.130738409e-06 2.440155793e-06 
51.25 -2.007652477e-06 2.482081335e-06 
51.3 -1.882649667e-06 2.516844727e-06 
51.35 -1.756085878e-06 2.544536992e-06 
51.4 -1.628312071e-06 2.565264357e-06 
51.45 -1.49967353e-06 2.579147621e-06 
51.5 -1.370509151e-06 2.586321495e-06 
51.55 -1.241150756e-06 2.586933926e-06 
51.6 -1.111922457e-06 2.581145404e-06 
51.65 -9.83140042e-07 2.569128258e-06 
51.7 -8.551103994e-07 2.551065938e-06 
51.75 -7.281309843e-07 2.527152286e-06 
51.8 -6.024893142e-07 2.497590804e-06 
51.85 -4.78462506e-07 2.462593908e-06 
51.9 -3.56316848e-07 2.422382189e-06 
51.95 -2.363074103e-07 2.377183664e-06 
52 -1.186776921e-07 2.32723303e-06 
52.05 -3.659306255e-09 2.27277092e-06 
52.1 1.085282991e-07 2.214043162e-06 
52.15 2.176780816e-07 2.151300044e-06 
52.2 3.235956098e-07 2.084795587e-06 
52.25 4.260992316e-07 2.014786825e-06 
52.3 5.250202068e-07 1.941533094e-06 
52.35 6.202028055e-07 1.865295341e-06 
52.4 7.115043709e-07 1.786335434e-06 
52.45 7.987953485e-07 1.704915494e-06 
52.5 8.819592828e-07 1.621297245e-06 
52.55 9.608927812e-07 1.535741375e-06 
52.6 1.035505447e-06 1.448506917e-06 
52.65 1.10571978e-06 1.359850654e-06 
52.7 1.171471052e-06 1.270026538e-06 
52.75 1.23270715e-06 1.179285134e-06 
52.8 1.289388394e-06 1.087873084e-06 
52.85 1.341487325e-06 9.960325962e-07 
52.9 1.388988475e-06 9.04000957e-07 
52.95 1.431888107e-06 8.120100655e-07 
53 1.470193937e-06 7.202859944e-07 
53.05 1.503924827e-06 6.290485764e-07 
53.1 1.533110468e-06 5.38511015e-07 
53.15 1.557791039e-06 4.488795221e-07 
53.2 1.578016847e-06 3.603529817e-07 
53.25 1.593847951e-06 2.731226397e-07 
53.3 1.60535378e-06 1.873718203e-07 
53.35 1.612612723e-06 1.032756695e-07 
53.4 1.615711716e-06 2.100092433e-08 
53.45 1.61474582e-06 -5.929429125e-08 
53.5 1.60981778e-06 -1.374606437e-07 
53.55 1.601037589e-06 -2.133577415e-07 
53.6 1.588522028e-06 -2.868542613e-07 
53.65 1.572394221e-06 -3.578280479e-07 
53.7 1.552783164e-06 -4.261661892e-07 
53.75 1.529823269e-06 -4.917650673e-07 
53.8 1.503653896e-06 -5.545303844e-07 
53.85 1.474418886e-06 -6.143771654e-07 
53.9 1.442266096e-06 -6.712297379e-07 
53.95 1.407346935e-06 -7.250216889e-07 
54 1.369815904e-06 -7.756958002e-07 
54.05 1.329830134e-06 -8.232039628e-07 
54.1 1.287548937e-06 -8.675070706e-07 
54.15 1.24313336e-06 -9.085748947e-07 
54.2 1.19674574e-06 -9.463859389e-07 
54.25 1.148549273e-06 -9.809272769e-07 
54.3 1.098707594e-06 -1.012194373e-06 
54.35 1.047384357e-06 -1.040190886e-06 
54.4 9.947428323e-07 -1.064928457e-06 
54.45 9.409455142e-07 -1.086426486e-06 
54.5 8.861537377e-07 -1.104711889e-06 
54.55 8.305273093e-07 -1.119818849e-06 
54.6 7.7422415e-07 -1.13178855e-06 
54.65 7.173999526e-07 -1.140668905e-06 
54.7 6.602078515e-07 -1.146514268e-06 
54.75 6.027981089e-07 -1.149385145e-06 
54.8 5.453178138e-07 -1.149347889e-06 
54.85 4.879105981e-07 -1.146474394e-06 
54.9 4.307163668e-07 -1.14084178e-06 
54.95 3.738710449e-07 -1.132532075e-06 
55 3.175063402e-07 -1.121631888e-06 
55.05 2.617495221e-07 -1.108232085e-06 
55.1 2.067232173e-07 -1.09242746e-06 
55.15 1.525452214e-07 -1.074316402e-06 
55.2 9.932832777e-08 -1.054000563e-06 
55.25 4.718017223e-08 -1.031584529e-06 
55.3 -3.79690501e-09 -1.007175489e-06 
55.35 -5.350598133e-08 -9.808829031e-07 
55.4 -1.018556572e-07 -9.528181793e-07 
55.45 -1.487601455e-07 -9.230943496e-07 
55.5 -1.941393444e-07 -8.918257506e-07 
55.55 -2.379188953e-07 -8.591277091e-07 
55.6 -2.80030224e-07 -8.25116233e-07 
55.65 -3.204105675e-07 -7.899077084e-07 
55.7 -3.590029853e-07 -7.536186025e-07 
55.75 -3.957563562e-07 -7.163651744e-07 
55.8 -4.30625361e-07 -6.782631931e-07 
55.85 -4.63570451e-07 -6.394276641e-07 
55.9 -4.945578029e-07 -5.99972564e-07 
55.95 -5.235592613e-07 -5.600105847e-07 
56 -5.505522683e-07 -5.196528871e-07 
56.05 -5.755197806e-07 -4.790088641e-07 
56.1 -5.984501755e-07 -4.381859148e-07 
56.15 -6.193371463e-07 -3.972892281e-07 
56.2 -6.381795858e-07 -3.564215777e-07 
56.25 -6.549814612e-07 -3.156831284e-07 
56.3 -6.697516788e-07 -2.751712528e-07 
56.35 -6.825039404e-07 -2.349803601e-07 
56.4 -6.932565904e-07 -1.952017361e-07 
56.45 -7.020324567e-07 -1.559233954e-07 
56.5 -7.08858683e-07 -1.172299441e-07 
56.55 -7.137665555e-07 -7.920245588e-08 
56.6 -7.167913235e-07 -4.19183587e-08 
56.65 -7.179720145e-07 -5.451333757e-09 
56.7 -7.173512442e-07 3.01287739e-08 
56.75 -7.149750234e-07 6.475603303e-08 
56.8 -7.108925598e-07 9.836849235e-08 
56.85 -7.051560584e-07 1.309082352e-07 
56.9 -6.978205179e-07 1.623214228e-07 
56.95 -6.889435266e-07 1.925583268e-07 
57 -6.785850557e-07 2.215733499e-07 
57.05 -6.668072529e-07 2.493250371e-07 
57.1 -6.536742352e-07 2.757760754e-07 
57.15 -6.392518816e-07 3.008932837e-07 
57.2 -6.236076275e-07 3.246475927e-07 
57.25 -6.068102594e-07 3.470140151e-07 
57.3 -5.889297121e-07 3.679716065e-07 
57.35 -5.700368673e-07 3.875034174e-07 
57.4 -5.502033556e-07 4.055964363e-07 
57.45 -5.295013612e-07 4.222415246e-07 
57.5 -5.080034296e-07 4.374333434e-07 
57.55 -4.857822801e-07 4.511702733e-07 
57.6 -4.629106218e-07 4.634543259e-07 
57.65 -4.394609745e-07 4.742910499e-07 
57.7 -4.155054939e-07 4.836894295e-07 
57.75 -3.911158033e-07 4.916617777e-07 
57.8 -3.663628289e-07 4.982236236e-07 
57.85 -3.41316643e-07 5.033935949e-07 
57.9 -3.160463113e-07 5.071932949e-07 
57.95 -2.906197477e-07 5.096471762e-07 
58 -2.651035749e-07 5.107824098e-07 
58.05 -2.395629918e-07 5.106287509e-07 
58.1 -2.140616479e-07 5.092184017e-07 
58.15 -1.886615244e-07 5.065858714e-07 
58.2 -1.634228221e-07 5.027678342e-07 
58.25 -1.384038572e-07 4.97802985e-07 
58.3 -1.136609635e-07 4.917318946e-07 
58.35 -8.924840241e-08 4.845968625e-07 
58.4 -6.521828033e-08 4.764417703e-07 
58.45 -4.162047301e-08 4.673119342e-07 
58.5 -1.850255761e-08 4.572539577e-07 
58.55 4.090247999e-09 4.463155846e-07 
58.6 2.61151386e-08 4.345455534e-07 
58.65 4.753176775e-08 4.21993452e-07 
58.7 6.830228665e-08 4.087095746e-07 
58.75 8.83913759e-08 3.947447799e-07 
58.8 1.077662703e-07 3.80150352e-07 
58.85 1.263967764e-07 3.649778627e-07 
58.9 1.442552841e-07 3.492790376e-07 
58.95 1.613167705e-07 3.331056246e-07 
59 1.775587977e-07 3.16509265e-07 
59.05 1.929615051e-07 2.995413697e-07 
59.1 2.07507594e-07 2.822529969e-07 
59.15 2.211823074e-07 2.646947356e-07 
59.2 2.339734037e-07 2.469165917e-07 
59.25 2.458711248e-07 2.289678795e-07 
59.3 2.568681587e-07 2.108971166e-07 
59.35 2.669595973e-07 1.92751924e-07 
59.4 2.761428892e-07 1.745789306e-07 
59.45 2.844177877e-07 1.564236829e-07 
59.5 2.917862945e-07 1.383305588e-07 
59.55 2.982525995e-07 1.203426872e-07 
59.6 3.038230161e-07 1.025018725e-07 
59.65 3.085059132e-07 8.484852358e-08 
59.7 3.123116441e-07 6.742158927e-08 
59.75 3.152524717e-07 5.02584976e-08 
59.8 3.17342491e-07 3.339510128e-08 
59.85 3.185975495e-07 1.686562799e-08 
59.9 3.190351642e-07 7.026360721e-10 
59.95 3.186744376e-07 -1.506302469e-08 
60 3.175359714e-07 -3.040224698e-08 
60.05 3.156417783e-07 -4.528769483e-08 
60.1 3.130151931e-07 -5.969382731e-08 
60.15 3.096807822e-07 -7.359691731e-08 
60.2 3.056642529e-07 -8.697506529e-08 
60.25 3.009923616e-07 -9.980820823e-08 
60.3 2.956928218e-07 -1.120781238e-07 
60.35 2.897942119e-07 -1.237684299e-07 
60.4 2.833258839e-07 -1.348645798e-07 
60.45 2.763178711e-07 -1.453538523e-07 
60.5 2.688007976e-07 -1.552253386e-07 
60.55 2.608057881e-07 -1.644699243e-07 
60.6 2.523643784e-07 -1.730802673e-07 
60.65 2.435084277e-07 -1.810507725e-07 
60.7 2.342700321e-07 -1.883775626e-07 
60.75 2.246814389e-07 -1.950584446e-07 
60.8 2.147749641e-07 -2.010928744e-07 
60.85 2.045829101e-07 -2.06481917e-07 
60.9 1.941374871e-07 -2.112282043e-07 
60.95 1.834707351e-07 -2.153358897e-07 
61 1.726144497e-07 -2.188106006e-07 
61.05 1.616001091e-07 -2.216593879e-07 
61.1 1.504588045e-07 -2.238906734e-07 
61.15 1.392211729e-07 -2.255141955e-07 
61.2 1.279173327e-07 -2.265409521e-07 
61.25 1.165768221e-07 -2.26983143e-07 
61.3 1.052285404e-07 -2.268541096e-07 
61.35 9.390069264e-08 -2.261682739e-07 
61.4 8.262073707e-08 -2.249410764e-07 
61.45 7.141533571e-08 -2.231889128e-07 
61.5 6.03103083e-08 -2.209290697e-07 
61.55 4.933058928e-08 -2.181796602e-07 
61.6 3.850018816e-08 -2.149595585e-07 
61.65 2.784215305e-08 -2.11288335e-07 
61.7 1.737853751e-08 -2.071861902e-07 
61.75 7.130370694e-09 -2.026738898e-07 
61.8 -2.882369315e-09 -1.977726991e-07 
61.85 -1.264077883e-08 -1.925043185e-07 
61.9 -2.212704871e-08 -1.868908188e-07 
61.95 -3.13244813e-08 -1.809545779e-07 
62 -4.021750422e-08 -1.747182179e-07 
62.05 -4.879168097e-08 -1.682045433e-07 
62.1 -5.703371861e-08 -1.614364799e-07 
62.15 -6.493147224e-08 -1.544370155e-07 
62.2 -7.24739467e-08 -1.472291415e-07 
62.25 -7.965129531e-08 -1.398357963e-07 
62.3 -8.645481582e-08 -1.322798095e-07 
62.35 -9.287694363e-08 -1.245838487e-07 
62.4 -9.891124235e-08 -1.167703673e-07 
62.45 -1.045523919e-07 -1.088615543e-07 
62.5 -1.09796174e-07 -1.008792865e-07 
62.55 -1.146394555e-07 -9.284508166e-08 
62.6 -1.19080169e-07 -8.478005441e-08 
62.65 -1.231172923e-07 -7.670487426e-08 
62.7 -1.267508244e-07 -6.863972544e-08 
62.75 -1.299817605e-07 -6.060426904e-08 
62.8 -1.328120653e-07 -5.261760743e-08 
62.85 -1.352446438e-07 -4.469825089e-08 
62.9 -1.372833112e-07 -3.686408655e-08 
62.95 -1.389327605e-07 -2.913234959e-08 
63 -1.401985301e-07 -2.151959681e-08 
63.05 -1.410869685e-07 -1.404168254e-08 
63.1 -1.416051989e-07 -6.713736772e-09 
63.15 -1.417610825e-07 4.498542243e-10 
63.2 -1.415631809e-07 7.435465101e-09 
63.25 -1.410207176e-07 1.423024626e-08 
63.3 -1.401435389e-07 2.082213643e-08 
63.35 -1.389420743e-07 2.719987295e-08 
63.4 -1.374272962e-07 3.33529999e-08 
63.45 -1.356106796e-07 3.927187394e-08 
63.5 -1.335041613e-07 4.494766809e-08 
63.55 -1.311200988e-07 5.037237334e-08 
63.6 -1.284712297e-07 5.553879826e-08 
63.65 -1.25570631e-07 6.04405665e-08 
63.7 -1.224316779e-07 6.507211249e-08 
63.75 -1.190680039e-07 6.942867507e-08 
63.8 -1.154934606e-07 7.350628948e-08 
63.85 -1.117220782e-07 7.730177739e-08 
63.9 -1.077680261e-07 8.081273538e-08 
63.95 -1.036455752e-07 8.403752176e-08 
64 -9.936905943e-08 8.697524174e-08 
64.05 -9.495283921e-08 8.962573128e-08 
64.1 -9.04112653e-08 9.198953941e-08 
64.15 -8.575864353e-08 9.406790926e-08 
64.2 -8.100920065e-08 9.586275788e-08 
64.25 -7.617705116e-08 9.737665487e-08 
64.3 -7.127616522e-08 9.86127999e-08 
64.35 -6.632033775e-08 9.957499926e-08 
64.4 -6.13231587e-08 1.002676415e-07 
64.45 -5.629798455e-08 1.006956723e-07 
64.5 -5.125791111e-08 1.008645682e-07 
64.55 -4.621574763e-08 1.007803105e-07 
64.6 -4.118399229e-08 1.004493575e-07 
64.65 -3.617480894e-08 9.987861709e-08 
64.7 -3.120000544e-08 9.907541849e-08 
64.75 -2.627101322e-08 9.804748383e-08 
64.8 -2.139886838e-08 9.68028993e-08 
64.85 -1.659419421e-08 9.535008626e-08 
64.9 -1.186718518e-08 9.369777214e-08 
64.95 -7.227592306e-09 9.185496138e-08 
65 -2.6847101e-09 8.983090632e-08 
65.05 1.752635159e-09 8.763507827e-08 
65.1 6.076095624e-09 8.52771387e-08 
65.15 1.027781068e-08 8.276691072e-08 
65.2 1.435041433e-08 8.011435082e-08 
65.25 1.828704114e-08 7.732952103e-08 
65.3 2.208133085e-08 7.442256144e-08 
65.35 2.572743159e-08 7.140366325e-08 
65.4 2.922000178e-08 6.828304237e-08 
65.45 3.255421071e-08 6.507091357e-08 
65.5 3.572573786e-08 6.177746532e-08 
65.55 3.873077097e-08 5.841283526e-08 
65.6 4.156600286e-08 5.498708644e-08 
65.65 4.422862721e-08 5.151018434e-08 
65.7 4.671633302e-08 4.799197464e-08 
65.75 4.902729817e-08 4.444216191e-08 
65.8 5.116018178e-08 4.087028913e-08 
65.85 5.311411571e-08 3.728571811e-08 
65.9 5.488869495e-08 3.369761086e-08 
65.95 5.648396724e-08 3.011491191e-08 
66 5.790042178e-08 2.654633162e-08 
66.05 5.913897708e-08 2.300033039e-08 
66.1 6.020096811e-08 1.948510405e-08 
66.15 6.108813275e-08 1.600857007e-08 
66.2 6.180259751e-08 1.257835493e-08 
66.25 6.234686272e-08 9.2017825e-09 
66.3 6.272378709e-08 5.885863372e-09 
66.35 6.293657186e-08 2.637285343e-09 
66.4 6.298874439e-08 -5.375951479e-10 
66.45 6.288414141e-08 -3.632760525e-09 
66.5 6.262689194e-08 -6.642538563e-09 
66.55 6.222139986e-08 -9.561607863e-09 
66.6 6.167232623e-08 -1.238500232e-08 
66.65 6.098457149e-08 -1.510811463e-08 
66.7 6.016325741e-08 -1.772669878e-08 
66.75 5.921370897e-08 -2.023687161e-08 
66.8 5.814143627e-08 -2.263511346e-08 
66.85 5.695211626e-08 -2.491826787e-08 
66.9 5.565157468e-08 -2.70835404e-08 
66.95 5.424576799e-08 -2.912849661e-08 
67 5.274076541e-08 -3.105105915e-08 
67.05 5.114273119e-08 -3.28495041e-08 
67.1 4.945790702e-08 -3.452245648e-08 
67.15 4.769259474e-08 -3.606888504e-08 
67.2 4.585313927e-08 -3.748809631e-08 
67.25 4.394591189e-08 -3.877972799e-08 
67.3 4.197729388e-08 -3.994374163e-08 
67.35 3.99536605e-08 -4.098041478e-08 
67.4 3.788136542e-08 -4.189033246e-08 
67.45 3.576672553e-08 -4.267437815e-08 
67.5 3.361600632e-08 -4.333372423e-08 
67.55 3.143540763e-08 -4.386982194e-08 
67.6 2.923104997e-08 -4.428439095e-08 
67.65 2.700896141e-08 -4.457940845e-08 
67.7 2.477506493e-08 -4.475709792e-08 
67.75 2.253516643e-08 -4.481991759e-08 
67.8 2.029494328e-08 -4.477054852e-08 
67.85 1.805993348e-08 -4.461188253e-08 
67.9 1.583552541e-08 -4.434700984e-08 
67.95 1.362694825e-08 -4.397920654e-08 
68 1.143926301e-08 -4.35119219e-08 
68.05 9.277354137e-09 -4.294876564e-08 
68.1 7.145921881e-09 -4.229349496e-08 
68.15 5.049475196e-09 -4.155000172e-08 
68.2 2.992325353e-09 -4.072229944e-08 
68.25 9.785801726e-10 -3.981451044e-08 
68.3 -9.878610913e-10 -3.883085293e-08 
68.35 -2.903312227e-09 -3.777562826e-08 
68.4 -4.764303906e-09 -3.665320826e-08 
68.45 -6.567586888e-09 -3.546802266e-08 
68.5 -8.310134613e-09 -3.422454678e-08 
68.55 -9.989145169e-09 -3.292728932e-08 
68.6 -1.160204267e-08 -3.158078044e-08 
68.65 -1.314647801e-08 -3.018955999e-08 
68.7 -1.462032912e-08 -2.875816613e-08 
68.75 -1.602170052e-08 -2.729112413e-08 
68.8 -1.734892246e-08 -2.579293554e-08 
68.85 -1.860054947e-08 -2.426806764e-08 
68.9 -1.977535835e-08 -2.272094326e-08 
68.95 -2.087234575e-08 -2.115593099e-08 
69 -2.189072516e-08 -1.957733571e-08 
69.05 -2.282992358e-08 -1.798938954e-08 
69.1 -2.368957757e-08 -1.639624318e-08 
69.15 -2.446952904e-08 -1.480195771e-08 
69.2 -2.516982055e-08 -1.321049672e-08 
69.25 -2.579069025e-08 -1.162571901e-08 
69.3 -2.633256645e-08 -1.005137157e-08 
69.35 -2.679606189e-08 -8.491083142e-09 
69.4 -2.718196767e-08 -6.948358176e-09 
69.45 -2.749124686e-08 -5.426571235e-09 
69.5 -2.772502794e-08 -3.928961879e-09 
69.55 -2.788459787e-08 -2.458630004e-09 
69.6 -2.797139503e-08 -1.01853163e-09 
69.65 -2.798700194e-08 3.885248348e-10 
69.7 -2.793313775e-08 1.759881887e-09 
69.75 -2.781165068e-08 3.093035761e-09 
69.8 -2.762451024e-08 4.385638814e-09 
69.85 -2.737379936e-08 5.635501466e-09 
69.9 -2.706170649e-08 6.840593701e-09 
69.95 -2.669051755e-08 7.999046142e-09 
70 -2.62626079e-08 9.109150696e-09 
70.05 -2.578043428e-08 1.016936079e-08 
70.1 -2.524652671e-08 1.11782912e-08 
70.15 -2.466348045e-08 1.213471748e-08 
70.2 -2.403394799e-08 1.303757504e-08 
70.25 -2.336063108e-08 1.388595779e-08 
70.3 -2.264627283e-08 1.467911649e-08 
70.35 -2.189364995e-08 1.541645673e-08 
70.4 -2.110556504e-08 1.609753653e-08 
70.45 -2.028483904e-08 1.672206374e-08 
70.5 -1.943430383e-08 1.7289893e-08 
70.55 -1.855679494e-08 1.780102251e-08 
70.6 -1.765514447e-08 1.825559046e-08 
70.65 -1.67321742e-08 1.865387127e-08 
70.7 -1.579068886e-08 1.899627152e-08 
70.75 -1.483346965e-08 1.928332569e-08 
70.8 -1.386326793e-08 1.951569169e-08 
70.85 -1.288279917e-08 1.969414618e-08 
70.9 -1.189473715e-08 1.981957973e-08 
70.95 -1.090170837e-08 1.989299179e-08 
71 -9.90628675e-09 1.991548556e-08 
71.05 -8.910988558e-09 1.98882627e-08 
71.1 -7.918267638e-09 1.98126179e-08 
71.15 -6.93051088e-09 1.968993345e-08 
71.2 -5.950033992e-09 1.95216736e-08 
71.25 -4.979077535e-09 1.930937896e-08 
71.3 -4.019803249e-09 1.90546608e-08 
71.35 -3.074290663e-09 1.875919533e-08 
71.4 -2.144533993e-09 1.842471796e-08 
71.45 -1.232439322e-09 1.805301755e-08 
71.5 -3.398220749e-10 1.764593068e-08 
71.55 5.315952271e-10 1.720533594e-08 
71.6 1.380184924e-09 1.673314825e-08 
71.65 2.204415891e-09 1.623131323e-08 
71.7 3.00285494e-09 1.570180166e-08 
71.75 3.774167931e-09 1.514660396e-08 
71.8 4.517120629e-09 1.456772483e-08 
71.85 5.230579276e-09 1.396717793e-08 
71.9 5.913510914e-09 1.334698068e-08 
71.95 6.564983446e-09 1.270914921e-08 
72 7.184165442e-09 1.205569339e-08 
72.05 7.770325711e-09 1.138861204e-08 
72.1 8.32283263e-09 1.070988825e-08 
72.15 8.841153241e-09 1.002148492e-08 
72.2 9.324852138e-09 9.325340336e-09 
72.25 9.773590123e-09 8.623364075e-09 
72.3 1.018712268e-08 7.917432941e-09 
72.35 1.056529823e-08 7.209387167e-09 
72.4 1.090805621e-08 6.50102677e-09 
72.45 1.1215425e-08 5.794108103e-09 
72.5 1.148751961e-08 5.090340594e-09 
72.55 1.17245393e-08 4.391383686e-09 
72.6 1.1926765e-08 3.698843977e-09 
72.65 1.209455658e-08 3.014272555e-09 
72.7 1.222835003e-08 2.339162544e-09 
72.75 1.23286545e-08 1.674946845e-09 
72.8 1.239604922e-08 1.022996091e-09 
72.85 1.243118039e-08 3.846167947e-10 
72.9 1.243475786e-08 -2.389502878e-10 
72.95 1.240755188e-08 -8.465315998e-10 
73 1.235038965e-08 -1.43702202e-09 
73.05 1.226415188e-08 -2.009385902e-09 
73.1 1.214976935e-08 -2.562657915e-09 
73.15 1.20082193e-08 -3.095943689e-09 
73.2 1.18405219e-08 -3.608420274e-09 
73.25 1.164773671e-08 -4.099336404e-09 
73.3 1.143095903e-08 -4.568012585e-09 
73.35 1.119131635e-08 -5.013840999e-09 
73.4 1.092996476e-08 -5.436285235e-09 
73.45 1.064808541e-08 -5.834879848e-09 
73.5 1.034688095e-08 -6.209229759e-09 
73.55 1.002757204e-08 -6.559009491e-09 
73.6 9.691393881e-09 -6.883962255e-09 
73.65 9.339592841e-09 -7.183898887e-09 
73.7 8.973423065e-09 -7.458696644e-09 
73.75 8.594143208e-09 -7.708297871e-09 
73.8 8.203013208e-09 -7.932708534e-09 
73.85 7.801291149e-09 -8.131996633e-09 
73.9 7.390230198e-09 -8.306290505e-09 
73.95 6.971075635e-09 -8.455777015e-09 
74 6.545061971e-09 -8.580699653e-09 
74.05 6.113410173e-09 -8.681356533e-09 
74.1 5.677324975e-09 -8.758098307e-09 
74.15 5.237992312e-09 -8.811326004e-09 
74.2 4.796576855e-09 -8.841488796e-09 
74.25 4.354219659e-09 -8.849081701e-09 
74.3 3.912035933e-09 -8.834643229e-09 
74.35 3.471112921e-09 -8.798752978e-09 
74.4 3.032507913e-09 -8.742029188e-09 
74.45 2.59724637e-09 -8.665126263e-09 
74.5 2.166320183e-09 -8.568732263e-09 
74.55 1.74068605e-09 -8.453566372e-09 
74.6 1.321263985e-09 -8.320376356e-09 
74.65 9.089359541e-10 -8.169936011e-09 
74.7 5.045446328e-10 -8.003042609e-09 
74.75 1.088923014e-10 -7.820514354e-09 
74.8 -2.772601412e-10 -7.623187842e-09 
74.85 -6.531940327e-10 -7.411915541e-09 
74.9 -1.018233679e-09 -7.1875633e-09 
74.95 -1.371746963e-09 -6.951007875e-09 
75 -1.713145824e-09 -6.7031345e-09 
75.05 -2.041886629e-09 -6.444834489e-09 
75.1 -2.35747041e-09 -6.17700289e-09 
75.15 -2.659442999e-09 -5.900536179e-09 
75.2 -2.94739504e-09 -5.616330014e-09 
75.25 -3.220961892e-09 -5.325277043e-09 
75.3 -3.479823431e-09 -5.028264779e-09 
75.35 -3.723703732e-09 -4.726173529e-09 
75.4 -3.952370667e-09 -4.419874404e-09 
75.45 -4.165635391e-09 -4.110227396e-09 
75.5 -4.363351744e-09 -3.798079525e-09 
75.55 -4.545415556e-09 -3.484263073e-09 
75.6 -4.711763863e-09 -3.169593891e-09 
75.65 -4.862374056e-09 -2.854869794e-09 
75.7 -4.997262927e-09 -2.54086903e-09 
75.75 -5.116485665e-09 -2.228348851e-09 
75.8 -5.220134768e-09 -1.918044154e-09 
75.85 -5.308338894e-09 -1.610666226e-09 
75.9 -5.381261647e-09 -1.306901563e-09 
75.95 -5.439100318e-09 -1.007410796e-09 
76 -5.482084559e-09 -7.128276929e-10 
76.05 -5.510475021e-09 -4.237582602e-10 
76.1 -5.524561944e-09 -1.407799309e-10 
76.15 -5.524663709e-09 1.355591543e-10 
76.2 -5.511125361e-09 4.047407776e-10 
76.25 -5.484317094e-09 6.662771838e-10 
76.3 -5.44463272e-09 9.197115331e-10 
76.35 -5.392488112e-09 1.164618264e-09 
76.4 -5.328319632e-09 1.400603375e-09 
76.45 -5.25258255e-09 1.627304611e-09 
76.5 -5.165749452e-09 1.844391584e-09 
76.55 -5.068308648e-09 2.05156579e-09 
76.6 -4.960762575e-09 2.24856057e-09 
76.65 -4.843626208e-09 2.435140973e-09 
76.7 -4.717425485e-09 2.611103559e-09 
76.75 -4.582695729e-09 2.776276119e-09 
76.8 -4.439980104e-09 2.930517334e-09 
76.85 -4.289828074e-09 3.073716355e-09 
76.9 -4.132793894e-09 3.205792328e-09 
76.95 -3.969435123e-09 3.326693855e-09 
77 -3.800311165e-09 3.436398388e-09 
77.05 -3.625981845e-09 3.534911577e-09 
77.1 -3.447006015e-09 3.622266558e-09 
77.15 -3.263940198e-09 3.698523193e-09 
77.2 -3.077337274e-09 3.763767261e-09 
77.25 -2.887745202e-09 3.81810961e-09 
77.3 -2.695705791e-09 3.86168526e-09 
77.35 -2.501753515e-09 3.894652476e-09 
77.4 -2.306414372e-09 3.9171918e-09 
77.45 -2.110204798e-09 3.929505061e-09 
77.5 -1.913630626e-09 3.931814346e-09 
77.55 -1.7171861e-09 3.924360953e-09 
77.6 -1.521352942e-09 3.907404322e-09 
77.65 -1.32659947e-09 3.881220946e-09 
77.7 -1.133379774e-09 3.846103268e-09 
77.75 -9.42132947e-10 3.802358564e-09 
77.8 -7.532823701e-10 3.75030782e-09 
77.85 -5.672350563e-10 3.6902846e-09 
77.9 -3.843810496e-10 3.622633912e-09 
77.95 -2.050928812e-10 3.547711073e-09 
78 -2.972508189e-11 3.465880581e-09 
78.05 1.413862481e-10 3.377514983e-09 
78.1 3.079238139e-10 3.282993764e-09 
78.15 4.695894452e-10 3.182702229e-09 
78.2 6.261043597e-10 3.077030419e-09 
78.25 7.772093729e-10 2.966372022e-09 
78.3 9.226650539e-10 2.851123317e-09 
78.35 1.062251829e-09 2.731682131e-09 
78.4 1.195770031e-09 2.608446816e-09 
78.45 1.323039907e-09 2.481815255e-09 
78.5 1.443901563e-09 2.352183891e-09 
78.55 1.558214871e-09 2.219946783e-09 
78.6 1.66585933e-09 2.085494695e-09 
78.65 1.766733874e-09 1.949214208e-09 
78.7 1.860756644e-09 1.811486873e-09 
78.75 1.947864717e-09 1.672688393e-09 
78.8 2.028013792e-09 1.533187836e-09 
78.85 2.101177839e-09 1.393346895e-09 
78.9 2.167348713e-09 1.253519169e-09 
78.95 2.226535736e-09 1.114049497e-09 
79 2.278765235e-09 9.752733169e-10 
79.05 2.324080064e-09 8.37516076e-10 
79.1 2.362539088e-09 7.010926692e-10 
79.15 2.394216641e-09 5.663069243e-10 
79.2 2.419201963e-09 4.334511253e-10 
79.25 2.437598608e-09 3.028055753e-10 
79.3 2.44952384e-09 1.74638201e-10 
79.35 2.455108002e-09 4.920419643e-11 
79.4 2.45449387e-09 -7.325429244e-11 
79.45 2.447835997e-09 -1.925084432e-10 
79.5 2.435300038e-09 -3.083429931e-10 
79.55 2.417062069e-09 -4.205564354e-10 
79.6 2.393307893e-09 -5.289611773e-10 
79.65 2.364232342e-09 -6.333836594e-10 
79.7 2.330038575e-09 -7.336644378e-10 
79.75 2.290937367e-09 -8.29658229e-10 
79.8 2.247146406e-09 -9.212339188e-10 
79.85 2.19888958e-09 -1.008274537e-09 
79.9 2.146396272e-09 -1.090677194e-09 
79.95 2.089900661e-09 -1.168352993e-09 
80 2.029641023e-09 -1.241226897e-09 
80.05 1.965859044e-09 -1.309237577e-09 
80.1 1.898799135e-09 -1.372337222e-09 
80.15 1.828707765e-09 -1.430491324e-09 
80.2 1.755832803e-09 -1.483678438e-09 
80.25 1.680422867e-09 -1.531889905e-09 
80.3 1.602726693e-09 -1.575129566e-09 
80.35 1.522992523e-09 -1.613413437e-09 
80.4 1.441467498e-09 -1.646769375e-09 
80.45 1.358397078e-09 -1.675236711e-09 
80.5 1.274024478e-09 -1.698865873e-09 
80.55 1.188590123e-09 -1.717717989e-09 
80.6 1.102331121e-09 -1.731864468e-09 
80.65 1.015480762e-09 -1.741386571e-09 
80.7 9.282680381e-10 -1.746374969e-09 
80.75 8.409171788e-10 -1.746929287e-09 
80.8 7.536472203e-10 -1.743157634e-09 
80.85 6.666715904e-10 -1.735176129e-09 
80.9 5.80197721e-10 -1.723108415e-09 
80.95 4.944266838e-10 -1.707085171e-09 
81 4.095528513e-10 -1.687243611e-09 
81.05 3.257635818e-10 -1.663726991e-09 
81.1 2.432389308e-10 -1.636684097e-09 
81.15 1.621513863e-10 -1.606268748e-09 
81.2 8.266563032e-11 -1.572639292e-09 
81.25 4.938324602e-12 -1.535958099e-09 
81.3 -7.08820777e-11 -1.496391064e-09 
81.35 -1.44655496e-10 -1.454107109e-09 
81.4 -2.162503611e-10 -1.409277694e-09 
81.45 -2.855437303e-10 -1.362076326e-09 
81.5 -3.524213774e-10 -1.312678087e-09 
81.55 -4.167778596e-10 -1.261259156e-09 
81.6 -4.785165612e-10 -1.207996351e-09 
81.65 -5.375497136e-10 -1.153066677e-09 
81.7 -5.937983942e-10 -1.096646883e-09 
81.75 -6.471925022e-10 -1.038913032e-09 
81.8 -6.976707143e-10 -9.800400835e-10 
81.85 -7.451804189e-10 -9.202014895e-10 
81.9 -7.896776313e-10 -8.595688032e-10 
81.95 -8.31126889e-10 -7.983113023e-10 
82 -8.695011292e-10 -7.365956273e-10 
82.05 -9.047815475e-10 -6.745854352e-10 
82.1 -9.369574413e-10 -6.124410697e-10 
82.15 -9.660260354e-10 -5.503192463e-10 
82.2 -9.919922938e-10 -4.883727561e-10 
82.25 -1.014868716e-09 -4.267501844e-10 
82.3 -1.034675119e-09 -3.655956488e-10 
82.35 -1.051438411e-09 -3.050485529e-10 
82.4 -1.065192347e-09 -2.452433593e-10 
82.45 -1.075977275e-09 -1.86309379e-10 
82.5 -1.083839878e-09 -1.283705799e-10 
82.55 -1.088832901e-09 -7.154541256e-11 
82.6 -1.091014868e-09 -1.594665387e-11 
82.65 -1.090449797e-09 3.831873106e-11 
82.7 -1.08720691e-09 9.114970956e-11 
82.75 -1.081360325e-09 1.424512843e-10 
82.8 -1.072988761e-09 1.921345786e-10 
82.85 -1.062175225e-09 2.401169052e-10 
82.9 -1.049006703e-09 2.863218169e-10 
82.95 -1.033573845e-09 3.306791418e-10 
83 -1.015970655e-09 3.73125001e-10 
83.05 -9.962941715e-10 4.136018115e-10 
83.1 -9.746441553e-10 4.520582724e-10 
83.15 -9.511227762e-10 4.884493368e-10 
83.2 -9.258343007e-10 5.227361684e-10 
83.25 -8.988847831e-10 5.548860841e-10 
83.3 -8.703817593e-10 5.848724824e-10 
83.35 -8.404339452e-10 6.126747597e-10 
83.4 -8.091509386e-10 6.382782123e-10 
83.45 -7.766429275e-10 6.616739274e-10 
83.5 -7.430204033e-10 6.82858662e-10 
83.55 -7.083938803e-10 7.01834711e-10 
83.6 -6.728736228e-10 7.186097648e-10 
83.65 -6.365693787e-10 7.331967569e-10 
83.7 -5.995901215e-10 7.45613703e-10 
83.75 -5.620438004e-10 7.558835305e-10 
83.8 -5.240370992e-10 7.640339008e-10 
83.85 -4.85675204e-10 7.700970245e-10 
83.9 -4.470615806e-10 7.74109469e-10 
83.95 -4.082977619e-10 7.761119611e-10 
84 -3.694831444e-10 7.761491835e-10 
84.05 -3.307147959e-10 7.742695671e-10 
84.1 -2.920872736e-10 7.705250785e-10 
84.15 -2.536924523e-10 7.649710048e-10 
84.2 -2.156193639e-10 7.576657351e-10 
84.25 -1.779540481e-10 7.486705395e-10 
84.3 -1.407794134e-10 7.380493471e-10 
84.35 -1.041751105e-10 7.258685222e-10 
84.4 -6.821741508e-11 7.121966405e-10 
84.45 -3.29791239e-11 6.971042654e-10 
84.5 1.470539729e-12 6.806637243e-10 
84.55 3.506600828e-11 6.629488871e-10 
84.6 6.774544167e-11 6.44034945e-10 
84.65 9.94507879e-11 6.239981932e-10 
84.7 1.301278328e-10 6.029158144e-10 
84.75 1.597262391e-10 5.80865667e-10 
84.8 1.881995749e-10 5.57926076e-10 
84.85 2.155053322e-10 5.341756281e-10 
84.9 2.416049343e-10 5.096929712e-10 
84.95 2.664637347e-10 4.845566189e-10 
85 2.90051005e-10 4.588447599e-10 
85.05 3.123399144e-10 4.326350733e-10 
85.1 3.333074994e-10 4.060045487e-10 
85.15 3.529346254e-10 3.790293141e-10 
85.2 3.712059389e-10 3.517844685e-10 
85.25 3.881098123e-10 3.243439225e-10 
85.3 4.036382809e-10 2.967802447e-10 
85.35 4.177869715e-10 2.691645161e-10 
85.4 4.305550249e-10 2.41566191e-10 
85.45 4.419450114e-10 2.140529661e-10 
85.5 4.519628395e-10 1.866906565e-10 
85.55 4.606176588e-10 1.595430797e-10 
85.6 4.679217578e-10 1.326719477e-10 
85.65 4.738904559e-10 1.061367662e-10 
85.7 4.785419904e-10 7.999474256e-11 
85.75 4.818973999e-10 5.430070108e-11 
85.8 4.83980403e-10 2.910700664e-11 
85.85 4.848172738e-10 4.463496133e-12 
85.9 4.844367135e-10 -1.958258217e-11 
85.95 4.8286972e-10 -4.29866213e-11 
86 4.801494544e-10 -6.570670053e-11 
86.05 4.763111063e-10 -8.77036225e-11 
86.1 4.713917561e-10 -1.089409427e-10 
86.15 4.654302371e-10 -1.293849917e-10 
86.2 4.584669966e-10 -1.490048892e-10 
86.25 4.50543956e-10 -1.677725522e-10 
86.3 4.417043706e-10 -1.856626943e-10 
86.35 4.319926907e-10 -2.026528201e-10 
86.4 4.214544214e-10 -2.187232109e-10 
86.45 4.10135985e-10 -2.338569054e-10 
86.5 3.980845834e-10 -2.480396733e-10 
86.55 3.853480624e-10 -2.61259983e-10 
86.6 3.719747776e-10 -2.735089633e-10 
86.65 3.580134627e-10 -2.8478036e-10 
86.7 3.435130996e-10 -2.950704862e-10 
86.75 3.285227916e-10 -3.043781686e-10 
86.8 3.130916389e-10 -3.127046877e-10 
86.85 2.972686176e-10 -3.200537146e-10 
86.9 2.811024622e-10 -3.264312426e-10 
86.95 2.646415507e-10 -3.318455153e-10 
87 2.479337943e-10 -3.363069504e-10 
87.05 2.310265306e-10 -3.398280604e-10 
87.1 2.13966421e-10 -3.424233704e-10 
87.15 1.96799352e-10 -3.441093317e-10 
87.2 1.795703413e-10 -3.449042346e-10 
87.25 1.623234479e-10 -3.448281171e-10 
87.3 1.451016872e-10 -3.439026728e-10 
87.35 1.279469506e-10 -3.421511559e-10 
87.4 1.108999295e-10 -3.395982859e-10 
87.45 9.400004493e-11 -3.362701501e-10 
87.5 7.728538133e-11 -3.321941053e-10 
87.55 6.079262565e-11 -3.27398679e-10 
87.6 4.455701122e-11 -3.219134705e-10 
87.65 2.861226673e-11 -3.157690507e-10 
87.7 1.299057009e-11 -3.089968629e-10 
87.75 -2.277492703e-12 -3.016291241e-10 
87.8 -1.716296378e-11 -2.936987255e-10 
87.85 -3.163854467e-11 -2.852391356e-10 
87.9 -4.567862269e-11 -2.762843024e-10 
87.95 -5.925929259e-11 -2.668685585e-10 
88 -7.23583734e-11 -2.570265266e-10 
88.05 -8.495542058e-11 -2.467930268e-10 
88.1 -9.703173364e-11 -2.362029858e-10 
88.15 -1.085703592e-10 -2.25291348e-10 
88.2 -1.195560899e-10 -2.140929891e-10 
88.25 -1.299754584e-10 -2.026426312e-10 
88.3 -1.398167282e-10 -1.909747614e-10 
88.35 -1.490698794e-10 -1.791235522e-10 
88.4 -1.577265914e-10 -1.671227849e-10 
88.45 -1.657802212e-10 -1.550057759e-10 
88.5 -1.732257788e-10 -1.428053059e-10 
88.55 -1.80059898e-10 -1.305535525e-10 
88.6 -1.862808054e-10 -1.182820252e-10 
88.65 -1.91888285e-10 -1.060215044e-10 
88.7 -1.968836403e-10 -9.380198338e-11 
88.75 -2.012696537e-10 -8.16526137e-11 
88.8 -2.050505431e-10 -6.960165396e-11 
88.85 -2.082319159e-10 -5.767642213e-11 
88.9 -2.108207211e-10 -4.590325134e-11 
88.95 -2.128251987e-10 -3.430744921e-11 
89 -2.142548277e-10 -2.291326065e-11 
89.05 -2.151202723e-10 -1.174383429e-11 
89.1 -2.154333258e-10 -8.211924186e-13 
89.15 -2.152068541e-10 9.833795629e-12 
89.2 -2.14454737e-10 2.020143647e-11 
89.25 -2.131918095e-10 3.026323226e-11 
89.3 -2.11433801e-10 4.000189686e-11 
89.35 -2.091972747e-10 4.940136857e-11 
89.4 -2.064995662e-10 5.844681954e-11 
89.45 -2.033587213e-10 6.712466193e-11 
89.5 -1.997934343e-10 7.542255082e-11 
89.55 -1.958229856e-10 8.332938401e-11 
89.6 -1.914671796e-10 9.083529872e-11 
89.65 -1.867462832e-10 9.793166535e-11 
89.7 -1.81680964e-10 1.046110783e-10 
89.75 -1.762922295e-10 1.108673442e-10 
89.8 -1.706013669e-10 1.166954669e-10 
89.85 -1.646298837e-10 1.220916307e-10 
89.9 -1.58399449e-10 1.270531803e-10 
89.95 -1.519318361e-10 1.315785988e-10 
90 -1.452488662e-10 1.356674832e-10 
90.05 -1.383723534e-10 1.393205184e-10 
90.1 -1.313240509e-10 1.425394479e-10 
90.15 -1.241255989e-10 1.453270439e-10 
90.2 -1.16798474e-10 1.47687075e-10 
90.25 -1.0936394e-10 1.49624272e-10 
90.3 -1.01843001e-10 1.511442928e-10 
90.35 -9.425635573e-11 1.522536853e-10 
90.4 -8.662435408e-11 1.529598495e-10 
90.45 -7.896695547e-11 1.532709979e-10 
90.5 -7.130368918e-11 1.531961154e-10 
90.55 -6.365361683e-11 1.527449181e-10 
90.6 -5.60352968e-11 1.519278109e-10 
90.65 -4.846675092e-11 1.507558451e-10 
90.7 -4.096543316e-11 1.492406754e-10 
90.75 -3.354820062e-11 1.473945156e-10 
90.8 -2.623128663e-11 1.452300951e-10 
90.85 -1.903027607e-11 1.427606146e-10 
90.9 -1.196008293e-11 1.399997021e-10 
90.95 -5.034930056e-12 1.369613682e-10 
91 1.731668919e-12 1.336599627e-10 
91.05 8.326925387e-12 1.301101303e-10 
91.1 1.473878946e-11 1.263267675e-10 
91.15 2.095596145e-11 1.223249793e-10 
91.2 2.696790128e-11 1.18120037e-10 
91.25 3.27648357e-11 1.137273365e-10 
91.3 3.833776352e-11 1.091623568e-10 
91.35 4.367845874e-11 1.044406202e-10 
91.4 4.877947172e-11 9.957765265e-11 
91.45 5.363412842e-11 9.458894525e-11 
91.5 5.823652769e-11 8.948991718e-11 
91.55 6.258153681e-11 8.429587918e-11 
91.6 6.666478512e-11 7.902199852e-11 
91.65 7.048265605e-11 7.368326505e-11 
91.7 7.403227739e-11 6.829445863e-11 
91.75 7.731151003e-11 6.287011781e-11 
91.8 8.031893512e-11 5.742450988e-11 
91.85 8.305383979e-11 5.197160239e-11 
91.9 8.551620152e-11 4.652503603e-11 
91.95 8.770667106e-11 4.109809907e-11 
92 8.962655431e-11 3.57037032e-11 
92.05 9.127779284e-11 3.035436102e-11 
92.1 9.266294345e-11 2.506216498e-11 
92.15 9.378515662e-11 1.983876789e-11 
92.2 9.464815412e-11 1.469536502e-11 
92.25 9.525620571e-11 9.642677775e-12 
92.3 9.561410506e-11 4.690938898e-12 
92.35 9.572714496e-11 -1.501206899e-13 
92.4 9.560109199e-11 -4.871283542e-12 
92.45 9.524216052e-11 -9.463855755e-12 
92.5 9.465698637e-11 -1.39196755e-11 
92.55 9.385259998e-11 -1.823112005e-11 
92.6 9.283639934e-11 -2.239111126e-11 
92.65 9.161612266e-11 -2.639311961e-11 
92.7 9.019982083e-11 -3.023116677e-11 
92.75 8.859582987e-11 -3.389982677e-11 
92.8 8.681274327e-11 -3.739422571e-11 
92.85 8.485938447e-11 -4.071004022e-11 
92.9 8.274477935e-11 -4.38434945e-11 
92.95 8.047812898e-11 -4.67913561e-11 
93 7.80687826e-11 -4.955093057e-11 
93.05 7.552621083e-11 -5.212005471e-11 
93.1 7.285997935e-11 -5.449708891e-11 
93.15 7.00797229e-11 -5.668090819e-11 
93.2 6.719511981e-11 -5.867089228e-11 
93.25 6.421586704e-11 -6.046691474e-11 
93.3 6.115165576e-11 -6.206933101e-11 
93.35 5.801214761e-11 -6.347896571e-11 
93.4 5.480695151e-11 -6.469709893e-11 
93.45 5.154560132e-11 -6.572545193e-11 
93.5 4.823753411e-11 -6.65661719e-11 
93.55 4.489206928e-11 -6.722181621e-11 
93.6 4.151838844e-11 -6.769533593e-11 
93.65 3.812551615e-11 -6.799005886e-11 
93.7 3.472230153e-11 -6.810967198e-11 
93.75 3.131740077e-11 -6.80582035e-11 
93.8 2.791926046e-11 -6.784000449e-11 
93.85 2.453610199e-11 -6.745973017e-11 
93.9 2.117590674e-11 -6.69223209e-11 
93.95 1.78464024e-11 -6.623298293e-11 
94 1.455505004e-11 -6.539716903e-11 
94.05 1.13090324e-11 -6.442055891e-11 
94.1 8.115242915e-12 -6.330903958e-11 
94.15 4.980275929e-12 -6.206868576e-11 
94.2 1.910417755e-12 -6.070574018e-11 
94.25 -1.088361221e-12 -5.922659406e-11 
94.3 -4.010413481e-12 -5.763776767e-11 
94.35 -6.850420344e-12 -5.594589103e-11 
94.4 -9.603396979e-12 -5.415768486e-11 
94.45 -1.226469646e-11 -5.22799417e-11 
94.5 -1.48300129e-11 -5.031950744e-11 
94.55 -1.729538367e-11 -4.828326305e-11 
94.6 -1.965719066e-11 -4.617810674e-11 
94.65 -2.191216079e-11 -4.401093651e-11 
94.7 -2.405736546e-11 -4.178863316e-11 
94.75 -2.609021939e-11 -3.951804365e-11 
94.8 -2.800847843e-11 -3.720596512e-11 
94.85 -2.981023672e-11 -3.485912929e-11 
94.9 -3.149392304e-11 -3.248418747e-11 
94.95 -3.305829645e-11 -3.008769613e-11 
95 -3.450244112e-11 -2.767610305e-11 
95.05 -3.582576066e-11 -2.52557341e-11 
95.1 -3.702797165e-11 -2.283278062e-11 
95.15 -3.810909661e-11 -2.041328748e-11 
95.2 -3.906945642e-11 -1.800314174e-11 
95.25 -3.990966213e-11 -1.560806205e-11 
95.3 -4.063060631e-11 -1.323358866e-11 
95.35 -4.123345391e-11 -1.088507417e-11 
95.4 -4.17196326e-11 -8.567674964e-12 
95.45 -4.209082282e-11 -6.286343277e-12 
95.5 -4.234894736e-11 -4.045820056e-12 
95.55 -4.249616066e-11 -1.850628456e-12 
95.6 -4.253483771e-11 2.949319473e-13 
95.65 -4.246756282e-11 2.386790248e-12 
95.7 -4.229711801e-11 4.421108614e-12 
95.75 -4.20264713e-11 6.39428601e-12 
95.8 -4.165876478e-11 8.302961233e-12 
95.85 -4.119730254e-11 1.014401529e-11 
95.9 -4.064553853e-11 1.191457313e-11 
95.95 -4.000706434e-11 1.361200469e-11 
96 -3.928559691e-11 1.523392537e-11 
96.05 -3.848496631e-11 1.677819584e-11 
96.1 -3.760910342e-11 1.824292125e-11 
96.15 -3.66620278e-11 1.962644993e-11 
96.2 -3.564783555e-11 2.092737139e-11 
96.25 -3.457068731e-11 2.214451389e-11 
96.3 -3.34347964e-11 2.327694143e-11 
96.35 -3.224441713e-11 2.432395025e-11 
96.4 -3.100383326e-11 2.52850648e-11 
96.45 -2.971734672e-11 2.616003331e-11 
96.5 -2.838926654e-11 2.694882289e-11 
96.55 -2.702389803e-11 2.765161416e-11 
96.6 -2.562553224e-11 2.826879561e-11 
96.65 -2.419843574e-11 2.880095744e-11 
96.7 -2.274684067e-11 2.924888514e-11 
96.75 -2.127493515e-11 2.961355277e-11 
96.8 -1.978685405e-11 2.989611583e-11 
96.85 -1.828667005e-11 3.0097904e-11 
96.9 -1.677838518e-11 3.02204135e-11 
96.95 -1.526592265e-11 3.02652993e-11 
97 -1.375311909e-11 3.023436716e-11 
97.05 -1.224371728e-11 3.012956536e-11 
97.1 -1.074135919e-11 2.995297647e-11 
97.15 -9.24957945e-12 2.970680882e-11 
97.2 -7.771799347e-12 2.939338799e-11 
97.25 -6.311321114e-12 2.901514812e-11 
97.3 -4.871322749e-12 2.857462331e-11 
97.35 -3.454853232e-12 2.807443879e-11 
97.4 -2.064828179e-12 2.751730227e-11 
97.45 -7.040259436e-13 2.69059952e-11 
97.5 6.249158555e-13 2.624336406e-11 
97.55 1.91950337e-12 2.553231173e-11 
97.6 3.177389128e-12 2.477578898e-11 
97.65 4.396374215e-12 2.397678595e-11 
97.7 5.574410033e-12 2.313832381e-11 
97.75 6.70959965e-12 2.226344654e-11 
97.8 7.800198733e-12 2.135521288e-11 
97.85 8.844616087e-12 2.041668836e-11 
97.9 9.841413805e-12 1.945093761e-11 
97.95 1.078930703e-11 1.846101679e-11 
98 1.168716335e-11 1.744996629e-11 
98.05 1.253400183e-11 1.642080357e-11 
98.1 1.332899168e-11 1.53765163e-11 
98.15 1.407145062e-11 1.432005572e-11 
98.2 1.47608429e-11 1.325433027e-11 
98.25 1.539677696e-11 1.218219943e-11 
98.3 1.597900291e-11 1.11064679e-11 
98.35 1.650740957e-11 1.002988002e-11 
98.4 1.698202138e-11 8.955114475e-12 
98.45 1.740299496e-11 7.884779335e-12 
98.5 1.777061547e-11 6.821407326e-12 
98.55 1.808529274e-11 5.767451454e-12 
98.6 1.834755716e-11 4.72528092e-12 
98.65 1.855805541e-11 3.697177334e-12 
98.7 1.871754598e-11 2.685331249e-12 
98.75 1.882689456e-11 1.691839004e-12 
98.8 1.888706923e-11 7.186998696e-13 
98.85 1.889913557e-11 -2.321864852e-13 
98.9 1.886425157e-11 -1.159022226e-12 
98.95 1.878366257e-11 -2.060113275e-12 
99 1.865869595e-11 -2.933870933e-12 
99.05 1.849075588e-11 -3.778813199e-12 
99.1 1.828131794e-11 -4.593565791e-12 
99.15 1.803192371e-11 -5.376862882e-12 
99.2 1.774417534e-11 -6.127547548e-12 
99.25 1.741973011e-11 -6.84457193e-12 
99.3 1.706029495e-11 -7.526997134e-12 
99.35 1.666762104e-11 -8.173992853e-12 
99.4 1.624349835e-11 -8.784836739e-12 
99.45 1.57897503e-11 -9.358913518e-12 
99.5 1.530822842e-11 -9.89571387e-12 
99.55 1.480080708e-11 -1.039483306e-11 
99.6 1.42693783e-11 -1.085596937e-11 
99.65 1.371584667e-11 -1.127892229e-11 
99.7 1.314212429e-11 -1.166359051e-11 
99.75 1.25501259e-11 -1.200996974e-11 
99.8 1.194176409e-11 -1.231815029e-11 
99.85 1.13189446e-11 -1.258831455e-11 
99.9 1.068356183e-11 -1.282073425e-11 
99.95 1.00374944e-11 -1.301576758e-11 
100 9.382600932e-12 -1.317385617e-11 
