2.24158741467052800231e-02    5.62528423390298457415e-02 
1.18122512096770479798e-01    1.19023987312426027814e-01 
2.90365744018036483988e-01    1.57496403862144523822e-01 
5.39286221227979039314e-01    1.67547050415773947886e-01 
8.65037004648113944615e-01    1.53352855779236618084e-01 
1.26781404077524139816e+00    1.24221053609329744510e-01 
1.74785962605943625279e+00    9.03423009864850577399e-02 
2.30546373930750871854e+00    5.94777557683550242119e-02 
2.94096515672525184062e+00    3.56275189040360718546e-02 
3.65475265020729052703e+00    1.94804104311664060425e-02 
4.44726634331309435668e+00    9.74359489938200223986e-03 
5.31899925449639034364e+00    4.46431036416627529234e-03 
6.27049904692365391284e+00    1.87535958132311482674e-03 
7.30237000258739574719e+00    7.22646981575005122724e-04 
8.41527523948302419443e+00    2.55487532833496709709e-04 
9.60993919279610803608e+00    8.28714353439694217928e-05 
1.08871503838863721422e+01    2.46568639678855874602e-05 
1.22477645042443016180e+01    6.72671387882966852755e-06 
1.36927078455475051523e+01    1.68178536996408889783e-06 
1.52229811115247288481e+01    3.85081298154668441490e-07 
1.68396636526487372097e+01    8.06872804099049979074e-08 
1.85439181708591905237e+01    1.54572370675768882797e-08 
2.03369959487302355006e+01    2.70448014761748140999e-09 
2.22202426659508765396e+01    4.31677547542720091234e-10 
2.41951048759332539902e+01    6.27775254176145220162e-11 
2.62631372271184857850e+01    8.30631737628895806350e-12 
2.84260105275010272995e+01    9.98403178722016405639e-13 
3.06855207675259717710e+01    1.08835388711666268198e-13 
3.30435992364378291267e+01    1.07401740344159018535e-14 
3.55023238911412095872e+01    9.57573723157444210502e-16 
3.80639321656464682600e+01    7.69702802364858610043e-17 
4.07308354444586263668e+01    5.56488113745405325697e-18 
4.35056354664215298514e+01    3.60975640901044207624e-19 
4.63911429786161920753e+01    2.09509536954894766310e-20 
4.93903990256246866776e+01    1.08479330109754928762e-21 
5.25066993413463016516e+01    4.99469948636380407034e-23 
5.57436224132783804640e+01    2.03783697459882230123e-24 
5.91050619190171066079e+01    7.33953756427942062218e-26 
6.25952644001513955965e+01    2.32378308219864875034e-27 
6.62188732512475643835e+01    6.43823470690877180331e-29 
6.99809803771468292299e+01    1.55312109578827474413e-30 
7.38871872324829632103e+01    3.24425009201953746751e-32 
7.79436774344631203154e+01    5.83238626783522807580e-34 
8.21573037783193042966e+01    8.96325483310326880324e-36 
8.65356933494565182113e+01    1.16870398955072802407e-37 
9.10873756131330901478e+01    1.28205598435998071667e-39 
9.58219400155207320924e+01    1.17209493740500221911e-41 
1.00750231969513979628e+02    8.83533967232947430164e-44 
1.05884599468799949357e+02    5.42495559030620008660e-46 
1.11239207524439582063e+02    2.67554266667889197253e-48 
1.16830445051306498462e+02    1.04291703141136705653e-50 
1.22677460268538576577e+02    3.15290235195777262957e-53 
1.28802878769237672513e+02    7.22954191064766081503e-56 
1.35233787949525827835e+02    1.22423530123008223644e-58 
1.42003121489931519020e+02    1.48216850490191038804e-61 
1.49151665900049388583e+02    1.23251934881451880776e-64 
1.56731075132671161240e+02    6.69149900457126952687e-68 
1.64808602655150522986e+02    2.22046594185044891569e-71 
1.73474946836424274516e+02    4.12094609473887625236e-75 
1.82858204691431463648e+02    3.77439906189648917048e-79 
1.93151136037072911483e+02    1.41411505291761941744e-83 
2.04672028485059455949e+02    1.59183306404136791788e-88 
2.18031851935328516337e+02    2.98948434886063430781e-94 
2.34809579171326164707e+02    2.08906350843695277083e-101