0.000000 0.100000 0.990000
0.100000 0.199000 0.970100
0.200000 0.296010 0.940499
0.300000 0.390060 0.901493
0.400000 0.480209 0.853472
0.500000 0.565556 0.796916
0.600000 0.645248 0.732392
0.700000 0.718487 0.660543
0.800000 0.784542 0.582089
0.900000 0.842750 0.497814
1.000000 0.892532 0.408561
1.100000 0.933388 0.315222
1.200000 0.964910 0.218731
1.300000 0.986783 0.120052
1.400000 0.998788 0.020174
1.500000 1.000806 -0.079907
1.600000 0.992815 -0.179188
1.700000 0.974896 -0.276678
1.800000 0.947228 -0.371401
1.900000 0.910088 -0.462410
2.000000 0.863847 -0.548794
2.100000 0.808968 -0.629691
2.200000 0.745999 -0.704291
2.300000 0.675570 -0.771848
2.400000 0.598385 -0.831687
2.500000 0.515216 -0.883208
2.600000 0.426895 -0.925898
2.700000 0.334306 -0.959328
2.800000 0.238373 -0.983166
2.900000 0.140056 -0.997171
3.000000 0.040339 -1.001205
3.100000 -0.059781 -0.995227
3.200000 -0.159304 -0.979296
3.300000 -0.257234 -0.953573
3.400000 -0.352591 -0.918314
3.500000 -0.444422 -0.873872
3.600000 -0.531810 -0.820691
3.700000 -0.613879 -0.759303
3.800000 -0.689809 -0.690322
3.900000 -0.758841 -0.614438
4.000000 -0.820285 -0.532409
4.100000 -0.873526 -0.445057
4.200000 -0.918032 -0.353254
4.300000 -0.953357 -0.257918
4.400000 -0.979149 -0.160003
4.500000 -0.995149 -0.060488
4.600000 -1.001198 0.039632
4.700000 -0.997235 0.139355
4.800000 -0.983299 0.237685
4.900000 -0.959531 0.333638
5.000000 -0.926167 0.426255
5.100000 -0.883541 0.514609
5.200000 -0.832081 0.597817
5.300000 -0.772299 0.675047
5.400000 -0.704794 0.745526
5.500000 -0.630242 0.808550
5.600000 -0.549386 0.863489
5.700000 -0.463038 0.909793
5.800000 -0.372058 0.946999
5.900000 -0.277358 0.974735
6.000000 -0.179885 0.992723
6.100000 -0.080613 1.000784
6.200000 0.019466 0.998838
6.300000 0.119350 0.986903
6.400000 0.218040 0.965099
6.500000 0.314550 0.933644
6.600000 0.407914 0.892852
6.700000 0.497199 0.843132
6.800000 0.581513 0.784981
6.900000 0.660011 0.718980
7.000000 0.731909 0.645789
7.100000 0.796488 0.566141
7.200000 0.853102 0.480830
7.300000 0.901185 0.390712
7.400000 0.940256 0.296686
7.500000 0.969925 0.199694
7.600000 0.989894 0.100704
7.700000 0.999964 0.000708
7.800000 1.000035 -0.099296
7.900000 0.990106 -0.198306
8.000000 0.970275 -0.295334
8.100000 0.940742 -0.389408
8.200000 0.901801 -0.479588
8.300000 0.853842 -0.564972
8.400000 0.797345 -0.644707
8.500000 0.732874 -0.717994
8.600000 0.661075 -0.784101
8.700000 0.582665 -0.842368
8.800000 0.498428 -0.892211
8.900000 0.409207 -0.933131
9.000000 0.315894 -0.964721
9.100000 0.219422 -0.986663
9.200000 0.120755 -0.998738
9.300000 0.020881 -1.000827
9.400000 -0.079201 -0.992906
9.500000 -0.178492 -0.975057
9.600000 -0.275998 -0.947458
9.700000 -0.370743 -0.910383
9.800000 -0.461782 -0.864205
9.900000 -0.548202 -0.809385
10.000000 -0.629141 -0.746471
10.100000 -0.703788 -0.676092
10.200000 -0.771397 -0.598952
10.300000 -0.831292 -0.515823
10.400000 -0.882874 -0.427536
10.500000 -0.925628 -0.334973
10.600000 -0.959125 -0.239060
10.700000 -0.983031 -0.140757
10.800000 -0.997107 -0.041046
10.900000 -1.001212 0.059075
11.000000 -0.995304 0.158605
11.100000 -0.979444 0.256549
11.200000 -0.953789 0.351928
11.300000 -0.918596 0.443788
11.400000 -0.874217 0.531210
11.500000 -0.821096 0.613319
11.600000 -0.759764 0.689296
11.700000 -0.690835 0.758379
11.800000 -0.614997 0.819879
11.900000 -0.533009 0.873180
12.000000 -0.445691 0.917749
12.100000 -0.353916 0.953140
12.200000 -0.258602 0.979001
12.300000 -0.160702 0.995071
12.400000 -0.061195 1.001190
12.500000 0.038924 0.997298
12.600000 0.138654 0.983432
12.700000 0.236997 0.959733
12.800000 0.332970 0.926436
12.900000 0.425614 0.883874
13.000000 0.514001 0.832474
13.100000 0.597249 0.772749
13.200000 0.674524 0.705297
13.300000 0.745054 0.630792
13.400000 0.808133 0.549978
13.500000 0.863130 0.463665
13.600000 0.909497 0.372715
13.700000 0.946769 0.278039
13.800000 0.974572 0.180581
13.900000 0.992631 0.081318
14.000000 1.000762 -0.018758
14.100000 0.998887 -0.118647
14.200000 0.987022 -0.217349
14.300000 0.965287 -0.313877
14.400000 0.933899 -0.407267
14.500000 0.893173 -0.496585
14.600000 0.843514 -0.580936
14.700000 0.785421 -0.659478
14.800000 0.719473 -0.731425
14.900000 0.646330 -0.796058
15.000000 0.566724 -0.852731
15.100000 0.481451 -0.900876
15.200000 0.391364 -0.940012
15.300000 0.297362 -0.969749
15.400000 0.200388 -0.989787
15.500000 0.101409 -0.999928
15.600000 0.001416 -1.000070
15.700000 -0.098591 -0.990211
15.800000 -0.197612 -0.970449
15.900000 -0.294657 -0.940984
16.000000 -0.388755 -0.902108
16.100000 -0.478966 -0.854212
16.200000 -0.564387 -0.797773
16.300000 -0.644165 -0.733356
16.400000 -0.717500 -0.661606
16.500000 -0.783661 -0.583240
16.600000 -0.841985 -0.499042
16.700000 -0.891889 -0.409853
16.800000 -0.932874 -0.316565
16.900000 -0.964531 -0.220112
17.000000 -0.986542 -0.121458
17.100000 -0.998688 -0.021589
17.200000 -1.000847 0.078495
17.300000 -0.992997 0.177795
17.400000 -0.975218 0.275317
17.500000 -0.947686 0.370086
17.600000 -0.910678 0.461153
17.700000 -0.864562 0.547610
17.800000 -0.809801 0.628590
17.900000 -0.746942 0.703284
18.000000 -0.676614 0.770945
18.100000 -0.599520 0.830897
18.200000 -0.516430 0.882540
18.300000 -0.428176 0.925358
18.400000 -0.335640 0.958922
18.500000 -0.239748 0.982897
18.600000 -0.141458 0.997042
18.700000 -0.041754 1.001218
18.800000 0.058368 0.995381
18.900000 0.157906 0.979590
19.000000 0.255865 0.954004
19.100000 0.351265 0.918877
19.200000 0.443153 0.874562
19.300000 0.530609 0.821501
19.400000 0.612759 0.760225
19.500000 0.688782 0.691347
19.600000 0.757917 0.615555
19.700000 0.819472 0.533608
19.800000 0.872833 0.446325
19.900000 0.917466 0.354578
20.000000 0.952923 0.259286
20.100000 0.978852 0.161401
20.200000 0.994992 0.061902
20.300000 1.001182 -0.038217
20.400000 0.997360 -0.137953
20.500000 0.983565 -0.236309
20.600000 0.959934 -0.332303
20.700000 0.926704 -0.424973
20.800000 0.884207 -0.513394
20.900000 0.832867 -0.596681
21.000000 0.773199 -0.674000
21.100000 0.705799 -0.744580
21.200000 0.631341 -0.807714
21.300000 0.550570 -0.862771
21.400000 0.464293 -0.909201
21.500000 0.373373 -0.946538
21.600000 0.278719 -0.974410
21.700000 0.181278 -0.992538
21.800000 0.082024 -1.000740
21.900000 -0.018050 -0.998935
22.000000 -0.117944 -0.987141
22.100000 -0.216658 -0.965475
22.200000 -0.313205 -0.934154
22.300000 -0.406621 -0.893492
22.400000 -0.495970 -0.843895
22.500000 -0.580359 -0.785859
22.600000 -0.658945 -0.719965
22.700000 -0.730942 -0.646871
22.800000 -0.795629 -0.567308
22.900000 -0.852360 -0.482072
23.000000 -0.900567 -0.392015
23.100000 -0.939768 -0.298038
23.200000 -0.969572 -0.201081
23.300000 -0.989680 -0.102113
23.400000 -0.999892 -0.002124
23.500000 -1.000104 0.097886
23.600000 -0.990315 0.196918
23.700000 -0.970624 0.293980
23.800000 -0.941225 0.388103
23.900000 -0.902415 0.478344
24.000000 -0.854581 0.563802
24.100000 -0.798201 0.643622
24.200000 -0.733838 0.717006
24.300000 -0.662138 0.783220
24.400000 -0.583816 0.841602
24.500000 -0.499655 0.891567
24.600000 -0.410499 0.932617
24.700000 -0.317237 0.964341
24.800000 -0.220803 0.986421
24.900000 -0.122161 0.998637
25.000000 -0.022297 1.000867
25.100000 0.077790 0.993088
25.200000 0.177098 0.975378
25.300000 0.274636 0.947914
25.400000 0.369428 0.910972
25.500000 0.460525 0.864919
25.600000 0.547017 0.810218
25.700000 0.628038 0.747414
25.800000 0.702780 0.677136
25.900000 0.770493 0.600086
26.000000 0.830502 0.517036
26.100000 0.882206 0.428816
26.200000 0.925087 0.336307
26.300000 0.958718 0.240435
26.400000 0.982761 0.142159
26.500000 0.996977 0.042461
26.600000 1.001223 -0.057661
26.700000 0.995457 -0.157207
26.800000 0.979737 -0.255180
26.900000 0.954219 -0.350602
27.000000 0.919158 -0.442518
27.100000 0.874907 -0.530009
27.200000 0.821906 -0.612199
27.300000 0.760686 -0.688268
27.400000 0.691859 -0.757454
27.500000 0.616114 -0.819065
27.600000 0.534207 -0.872486
27.700000 0.446958 -0.917182
27.800000 0.355240 -0.952706
27.900000 0.259970 -0.978703
28.000000 0.162099 -0.994913
28.100000 0.062608 -1.001174
28.200000 -0.037509 -0.997423
28.300000 -0.137251 -0.983697
28.400000 -0.235621 -0.960135
28.500000 -0.331635 -0.926972
28.600000 -0.424332 -0.884539
28.700000 -0.512786 -0.833260
28.800000 -0.596112 -0.773649
28.900000 -0.673477 -0.706301
29.000000 -0.744107 -0.631891
29.100000 -0.807296 -0.551161
29.200000 -0.862412 -0.464920
29.300000 -0.908904 -0.374029
29.400000 -0.946307 -0.279399
29.500000 -0.974247 -0.181974
29.600000 -0.992444 -0.082730
29.700000 -1.000717 0.017342
29.800000 -0.998983 0.117240
29.900000 -0.987259 0.215966
30.000000 -0.965662 0.312533
30.100000 -0.934409 0.405973
30.200000 -0.893812 0.495355
30.300000 -0.844276 0.579782
30.400000 -0.786298 0.658412
30.500000 -0.720457 0.730458
30.600000 -0.647411 0.795199
30.700000 -0.567891 0.851988
30.800000 -0.482692 0.900257
30.900000 -0.392667 0.939524
31.000000 -0.298714 0.969395
31.100000 -0.201775 0.989573
31.200000 -0.102817 0.999854
31.300000 -0.002832 1.000138
31.400000 0.097182 0.990419
31.500000 0.196224 0.970797
31.600000 0.293303 0.941467
31.700000 0.387450 0.902722
31.800000 0.477722 0.854949
31.900000 0.563217 0.798628
32.000000 0.643080 0.734320
32.100000 0.716512 0.662669
32.200000 0.782779 0.584391
32.300000 0.841218 0.500269
32.400000 0.891245 0.411144
32.500000 0.932359 0.317909
32.600000 0.964150 0.221493
32.700000 0.986299 0.122864
32.800000 0.998586 0.023005
32.900000 1.000886 -0.077084
33.000000 0.993178 -0.176401
33.100000 0.975538 -0.273955
33.200000 0.948142 -0.368769
33.300000 0.911265 -0.459896
33.400000 0.865276 -0.546424
33.500000 0.810633 -0.627487
33.600000 0.747885 -0.702275
33.700000 0.677657 -0.770041
33.800000 0.600653 -0.830106
33.900000 0.517642 -0.881871
34.000000 0.429455 -0.924816
34.100000 0.336974 -0.958513
34.200000 0.241122 -0.982626
34.300000 0.142860 -0.996912
34.400000 0.043169 -1.001229
34.500000 -0.056954 -0.995533
34.600000 -0.156508 -0.979882
34.700000 -0.254496 -0.954433
34.800000 -0.349939 -0.919439
34.900000 -0.441883 -0.875251
35.000000 -0.529408 -0.822310
35.100000 -0.611639 -0.761146
35.200000 -0.687754 -0.692371
35.300000 -0.756991 -0.616671
35.400000 -0.818658 -0.534806
35.500000 -0.872138 -0.447592
35.600000 -0.916898 -0.355902
35.700000 -0.952488 -0.260653
35.800000 -0.978553 -0.162798
35.900000 -0.994833 -0.063315
36.000000 -1.001164 0.036802
36.100000 -0.997484 0.136550
36.200000 -0.983829 0.234933
36.300000 -0.960336 0.330967
36.400000 -0.927239 0.423691
36.500000 -0.884870 0.512178
36.600000 -0.833652 0.595543
36.700000 -0.774098 0.672953
36.800000 -0.706803 0.743633
36.900000 -0.632440 0.806877
37.000000 -0.551752 0.862052
37.100000 -0.465547 0.908607
37.200000 -0.374686 0.946075
37.300000 -0.280078 0.974083
37.400000 -0.182670 0.992350
37.500000 -0.083435 1.000694
37.600000 0.016634 0.999030
37.700000 0.116537 0.987377
37.800000 0.215275 0.965849
37.900000 0.311860 0.934663
38.000000 0.405326 0.894130
38.100000 0.494739 0.844657
38.200000 0.579205 0.786736
38.300000 0.657878 0.720948
38.400000 0.729973 0.647951
38.500000 0.794768 0.568474
38.600000 0.851616 0.483312
38.700000 0.899947 0.393318
38.800000 0.939279 0.299390
38.900000 0.969218 0.202468
39.000000 0.989465 0.103522
39.100000 0.999817 0.003540
39.200000 1.000171 -0.096477
39.300000 0.990523 -0.195529
39.400000 0.970970 -0.292626
39.500000 0.941707 -0.386797
39.600000 0.903028 -0.477100
39.700000 0.855318 -0.562632
39.800000 0.799055 -0.642537
39.900000 0.734801 -0.716017
40.000000 0.663199 -0.782337
40.100000 0.584965 -0.840834
40.200000 0.500882 -0.890922
40.300000 0.411790 -0.932101
40.400000 0.318580 -0.963959
40.500000 0.222184 -0.986177
40.600000 0.123566 -0.998534
40.700000 0.023713 -1.000905
40.800000 -0.076378 -0.993267
40.900000 -0.175704 -0.975697
41.000000 -0.273274 -0.948370
41.100000 -0.368111 -0.911558
41.200000 -0.459267 -0.865632
41.300000 -0.545830 -0.811049
41.400000 -0.626935 -0.748355
41.500000 -0.701771 -0.678178
41.600000 -0.769588 -0.601219
41.700000 -0.829710 -0.518248
41.800000 -0.881535 -0.430095
41.900000 -0.924545 -0.337640
42.000000 -0.958309 -0.241809
42.100000 -0.982490 -0.143561
42.200000 -0.996846 -0.043876
42.300000 -1.001233 0.056247
42.400000 -0.995608 0.155808
42.500000 -0.980028 0.253811
42.600000 -0.954647 0.349276
42.700000 -0.919719 0.441248
42.800000 -0.875594 0.528807
42.900000 -0.822714 0.611078
43.000000 -0.761606 0.687239
43.100000 -0.692882 0.756527
43.200000 -0.617229 0.818250
43.300000 -0.535404 0.871790
43.400000 -0.448225 0.916613
43.500000 -0.356564 0.952269
43.600000 -0.261337 0.978403
43.700000 -0.163497 0.994753
43.800000 -0.064021 1.001155
43.900000 0.036094 0.997545
44.000000 0.135849 0.983960
44.100000 0.234245 0.960536
44.200000 0.330298 0.927506
44.300000 0.423049 0.885201
44.400000 0.511569 0.834044
44.500000 0.594974 0.774547
44.600000 0.672428 0.707304
44.700000 0.743159 0.632988
44.800000 0.806457 0.552343
44.900000 0.861692 0.466173
45.000000 0.908309 0.375342
45.100000 0.945843 0.280758
45.200000 0.973919 0.183366
45.300000 0.992256 0.084141
45.400000 1.000670 -0.015926
45.500000 0.999077 -0.115834
45.600000 0.987494 -0.214583
45.700000 0.966035 -0.311187
45.800000 0.934917 -0.404679
45.900000 0.894449 -0.494124
46.000000 0.845037 -0.578627
46.100000 0.787174 -0.657345
46.200000 0.721439 -0.729488
46.300000 0.648490 -0.794338
46.400000 0.569057 -0.851243
46.500000 0.483932 -0.899636
46.600000 0.393969 -0.939033
46.700000 0.300065 -0.969040
46.800000 0.203161 -0.989356
46.900000 0.104226 -0.999779
47.000000 0.004248 -1.000203
47.100000 -0.095772 -0.990626
47.200000 -0.194835 -0.971143
47.300000 -0.291949 -0.941948
47.400000 -0.386144 -0.903333
47.500000 -0.476477 -0.855686
47.600000 -0.562046 -0.799481
47.700000 -0.641994 -0.735282
47.800000 -0.715522 -0.663729
47.900000 -0.781895 -0.585540
48.000000 -0.840449 -0.501495
48.100000 -0.890599 -0.412435
48.200000 -0.931842 -0.319251
48.300000 -0.963767 -0.222874
48.400000 -0.986055 -0.124269
48.500000 -0.998481 -0.024421
48.600000 -1.000924 0.075672
48.700000 -0.993356 0.175007
48.800000 -0.975856 0.272593
48.900000 -0.948596 0.367453
49.000000 -0.911851 0.458638
49.100000 -0.865987 0.545236
49.200000 -0.811464 0.626383
49.300000 -0.748825 0.701265
49.400000 -0.678699 0.769135
49.500000 -0.601785 0.829314
49.600000 -0.518854 0.881199
49.700000 -0.430734 0.924273
49.800000 -0.338307 0.958103
49.900000 -0.242496 0.982353
50.000000 -0.144261 0.996779
50.100000 -0.044583 1.001237
50.200000 0.055540 0.995683
50.300000 0.155109 0.980172
50.400000 0.253126 0.954860
50.500000 0.348612 0.919999
50.600000 0.440612 0.875937
50.700000 0.528206 0.823117
50.800000 0.610517 0.762065
50.900000 0.686724 0.693393
51.000000 0.756063 0.617786
51.100000 0.817842 0.536002
51.200000 0.871442 0.448858
51.300000 0.916328 0.357225
51.400000 0.952050 0.262020
51.500000 0.978252 0.164195
51.600000 0.994672 0.064728
51.700000 1.001145 -0.035387
51.800000 0.997606 -0.135147
51.900000 0.984091 -0.233556
52.000000 0.960736 -0.329630
52.100000 0.927773 -0.422407
52.200000 0.885532 -0.510960
52.300000 0.834436 -0.594404
52.400000 0.774995 -0.671903
52.500000 0.707805 -0.742684
52.600000 0.633537 -0.806038
52.700000 0.552933 -0.861331
52.800000 0.466800 -0.908011
52.900000 0.375999 -0.945611
53.000000 0.281438 -0.973755
53.100000 0.184062 -0.992161
53.200000 0.084846 -1.000645
53.300000 -0.015218 -0.999124
53.400000 -0.115131 -0.987610
53.500000 -0.213892 -0.966221
53.600000 -0.310514 -0.935170
53.700000 -0.404031 -0.894767
53.800000 -0.493508 -0.845416
53.900000 -0.578049 -0.787611
54.000000 -0.656810 -0.721930
54.100000 -0.729003 -0.649030
54.200000 -0.793906 -0.569639
54.300000 -0.850870 -0.484552
54.400000 -0.899325 -0.394620
54.500000 -0.938787 -0.300741
54.600000 -0.968861 -0.203855
54.700000 -0.989247 -0.104930
54.800000 -0.999740 -0.004956
54.900000 -1.000236 0.095068
55.000000 -0.990729 0.194140
55.100000 -0.971315 0.291272
55.200000 -0.942188 0.385491
55.300000 -0.903638 0.475855
55.400000 -0.856053 0.561460
55.500000 -0.799907 0.641451
55.600000 -0.735762 0.715027
55.700000 -0.664259 0.781453
55.800000 -0.586114 0.840064
55.900000 -0.502108 0.890275
56.000000 -0.413080 0.931583
56.100000 -0.319922 0.963575
56.200000 -0.223564 0.985931
56.300000 -0.124971 0.998429
56.400000 -0.025128 1.000941
56.500000 0.074966 0.993445
56.600000 0.174310 0.976014
56.700000 0.271912 0.948823
56.800000 0.366794 0.912143
56.900000 0.458008 0.866342
57.000000 0.544642 0.811878
57.100000 0.625830 0.749295
57.200000 0.700760 0.679219
57.300000 0.768682 0.602351
57.400000 0.828917 0.519459
57.500000 0.880863 0.431373
57.600000 0.924000 0.338973
57.700000 0.957897 0.243183
57.800000 0.982216 0.144962
57.900000 0.996712 0.045291
58.000000 1.001241 -0.054834
58.100000 0.995758 -0.154409
58.200000 0.980317 -0.252441
58.300000 0.955073 -0.347948
58.400000 0.920278 -0.439976
58.500000 0.876280 -0.527604
58.600000 0.823520 -0.609956
58.700000 0.762524 -0.686208
58.800000 0.693903 -0.755599
58.900000 0.618343 -0.817433
59.000000 0.536600 -0.871093
59.100000 0.449491 -0.916042
59.200000 0.357887 -0.951831
59.300000 0.262704 -0.978101
59.400000 0.164893 -0.994591
59.500000 0.065434 -1.001134
59.600000 -0.034679 -0.997666
59.700000 -0.134446 -0.984221
59.800000 -0.232868 -0.960935
59.900000 -0.328961 -0.928039
60.000000 -0.421765 -0.885862
60.100000 -0.510351 -0.834827
60.200000 -0.593834 -0.775444
60.300000 -0.671378 -0.708306
60.400000 -0.742209 -0.634085
60.500000 -0.805617 -0.553523
60.600000 -0.860970 -0.467426
60.700000 -0.907712 -0.376655
60.800000 -0.945378 -0.282117
60.900000 -0.973590 -0.184758
61.000000 -0.992065 -0.085552
61.100000 -1.000621 0.014510
61.200000 -0.999169 0.114427
61.300000 -0.987727 0.213200
61.400000 -0.966407 0.309841
61.500000 -0.935423 0.403383
61.600000 -0.895084 0.492891
61.700000 -0.845795 0.577471
61.800000 -0.788048 0.656276
61.900000 -0.722420 0.728518
62.000000 -0.649569 0.793475
62.100000 -0.570221 0.850497
62.200000 -0.485172 0.899014
62.300000 -0.395270 0.938541
62.400000 -0.301416 0.968683
62.500000 -0.204548 0.989137
62.600000 -0.105634 0.999701
62.700000 -0.005664 1.000267
62.800000 0.094363 0.990831
62.900000 0.193446 0.971486
63.000000 0.290594 0.942427
63.100000 0.384837 0.903943
63.200000 0.475231 0.856420
63.300000 0.560873 0.800333
63.400000 0.640907 0.736242
63.500000 0.714531 0.664789
63.600000 0.781010 0.586688
63.700000 0.839679 0.502720
63.800000 0.889951 0.413725
63.900000 0.931323 0.320593
64.000000 0.963382 0.224254
64.100000 0.985808 0.125674
64.200000 0.998375 0.025836
64.300000 1.000959 -0.074260
64.400000 0.993533 -0.173613
64.500000 0.976172 -0.271230
64.600000 0.949049 -0.366135
64.700000 0.912435 -0.457379
64.800000 0.866697 -0.544048
64.900000 0.812292 -0.625277
65.000000 0.749765 -0.700254
65.100000 0.679739 -0.768228
65.200000 0.602916 -0.828520
65.300000 0.520064 -0.880526
65.400000 0.432012 -0.923727
65.500000 0.339639 -0.957691
65.600000 0.243870 -0.982078
65.700000 0.145662 -0.996644
65.800000 0.045998 -1.001244
65.900000 -0.054127 -0.995831
66.000000 -0.153710 -0.980460
66.100000 -0.251756 -0.955285
66.200000 -0.347284 -0.920556
66.300000 -0.439340 -0.876622
66.400000 -0.527002 -0.823922
66.500000 -0.609394 -0.762983
66.600000 -0.685693 -0.694414
66.700000 -0.755134 -0.618900
66.800000 -0.817024 -0.537198
66.900000 -0.870744 -0.450123
67.000000 -0.915756 -0.358548
67.100000 -0.951611 -0.263387
67.200000 -0.977950 -0.165592
67.300000 -0.994509 -0.066141
67.400000 -1.001123 0.033971
67.500000 -0.997726 0.133744
67.600000 -0.984351 0.232179
67.700000 -0.961133 0.328292
67.800000 -0.928304 0.421123
67.900000 -0.886192 0.509742
68.000000 -0.835218 0.593264
68.100000 -0.775891 0.670853
68.200000 -0.708806 0.741734
68.300000 -0.634633 0.805197
68.400000 -0.554113 0.860608
68.500000 -0.468052 0.907413
68.600000 -0.377311 0.945144
68.700000 -0.282796 0.973424
68.800000 -0.185454 0.991969
68.900000 -0.086257 1.000595
69.000000 0.013803 0.999215
69.100000 0.113724 0.987842
69.200000 0.212508 0.966592
69.300000 0.309167 0.935675
69.400000 0.402735 0.895401
69.500000 0.492275 0.846174
69.600000 0.576892 0.788485
69.700000 0.655741 0.722911
69.800000 0.728032 0.650107
69.900000 0.793043 0.570803
70.000000 0.850123 0.485791
70.100000 0.898702 0.395921
70.200000 0.938294 0.302091
70.300000 0.968503 0.205241
70.400000 0.989027 0.106338
70.500000 0.999661 0.006372
70.600000 1.000298 -0.093658
70.700000 0.990933 -0.192751
70.800000 0.971657 -0.289917
70.900000 0.942666 -0.384183
71.000000 0.904247 -0.474608
71.100000 0.856787 -0.560287
71.200000 0.800758 -0.640363
71.300000 0.736722 -0.714035
71.400000 0.665318 -0.780567
71.500000 0.587262 -0.839293
71.600000 0.503332 -0.889626
71.700000 0.414370 -0.931063
71.800000 0.321263 -0.963189
71.900000 0.224944 -0.985684
72.000000 0.126376 -0.998321
72.100000 0.026544 -1.000976
72.200000 -0.073554 -0.993620
72.300000 -0.172916 -0.976329
72.400000 -0.270549 -0.949274
72.500000 -0.365476 -0.912726
72.600000 -0.456749 -0.867051
72.700000 -0.543454 -0.812706
72.800000 -0.624724 -0.750234
72.900000 -0.699748 -0.680259
73.000000 -0.767774 -0.603482
73.100000 -0.828122 -0.520669
73.200000 -0.880189 -0.432650
73.300000 -0.923454 -0.340305
73.400000 -0.957484 -0.244557
73.500000 -0.981940 -0.146363
73.600000 -0.996576 -0.046705
73.700000 -1.001247 0.053420
73.800000 -0.995905 0.153010
73.900000 -0.980604 0.251070
74.000000 -0.955497 0.346620
74.100000 -0.920835 0.438704
74.200000 -0.876964 0.526400
74.300000 -0.824324 0.608832
74.400000 -0.763441 0.685177
74.500000 -0.694923 0.754669
74.600000 -0.619457 0.816615
74.700000 -0.537795 0.870394
74.800000 -0.450756 0.915470
74.900000 -0.359209 0.951391
75.000000 -0.264070 0.977797
75.100000 -0.166290 0.994426
75.200000 -0.066847 1.001111
75.300000 0.033264 0.997785
75.400000 0.133042 0.984481
75.500000 0.231490 0.961332
75.600000 0.327624 0.928569
75.700000 0.420480 0.886521
75.800000 0.509133 0.835608
75.900000 0.592693 0.776339
76.000000 0.670327 0.709306
76.100000 0.741258 0.635180
76.200000 0.804776 0.554702
76.300000 0.860246 0.468678
76.400000 0.907114 0.377966
76.500000 0.944910 0.283475
76.600000 0.973258 0.186150
76.700000 0.991873 0.086962
76.800000 1.000569 -0.013095
76.900000 0.999260 -0.113021
77.000000 0.987958 -0.211816
77.100000 0.966776 -0.308494
77.200000 0.935927 -0.402087
77.300000 0.895718 -0.491658
77.400000 0.846552 -0.576314
77.500000 0.788921 -0.655206
77.600000 0.723400 -0.727546
77.700000 0.650646 -0.792610
77.800000 0.571385 -0.849749
77.900000 0.486410 -0.898390
78.000000 0.396571 -0.938047
78.100000 0.302766 -0.968323
78.200000 0.205934 -0.988917
78.300000 0.107042 -0.999621
78.400000 0.007080 -1.000329
78.500000 -0.092953 -0.991034
78.600000 -0.192056 -0.971828
78.700000 -0.289239 -0.942904
78.800000 -0.383530 -0.904551
78.900000 -0.473985 -0.857153
79.000000 -0.559700 -0.801183
79.100000 -0.639818 -0.737201
79.200000 -0.713538 -0.665847
79.300000 -0.780123 -0.587835
79.400000 -0.838906 -0.503944
79.500000 -0.889301 -0.415014
79.600000 -0.930802 -0.321934
79.700000 -0.962996 -0.225634
79.800000 -0.985559 -0.127078
79.900000 -0.998267 -0.027252
80.000000 -1.000992 0.072848
80.100000 -0.993707 0.172218
80.200000 -0.976486 0.269867
80.300000 -0.949499 0.364817
80.400000 -0.913017 0.456118
80.500000 -0.867405 0.542859
80.600000 -0.813119 0.624171
80.700000 -0.750702 0.699241
80.800000 -0.680778 0.767319
80.900000 -0.604046 0.827724
81.000000 -0.521274 0.879851
81.100000 -0.433289 0.923180
81.200000 -0.340971 0.957277
81.300000 -0.245243 0.981801
81.400000 -0.147063 0.996508
81.500000 -0.047412 1.001249
81.600000 0.052713 0.995978
81.700000 0.152310 0.980747
81.800000 0.250385 0.955708
81.900000 0.345956 0.921112
82.000000 0.438067 0.877306
82.100000 0.525798 0.824726
82.200000 0.608270 0.763899
82.300000 0.684660 0.695433
82.400000 0.754203 0.620013
82.500000 0.816205 0.538392
82.600000 0.870044 0.451388
82.700000 0.915183 0.359869
82.800000 0.951170 0.264753
82.900000 0.977645 0.166988
83.000000 0.994344 0.067554
83.100000 1.001099 -0.032556
83.200000 0.997843 -0.132341
83.300000 0.984609 -0.230802
83.400000 0.961529 -0.326954
83.500000 0.928834 -0.419838
83.600000 0.886850 -0.508523
83.700000 0.835998 -0.592123
83.800000 0.776785 -0.669801
83.900000 0.709805 -0.740782
84.000000 0.635727 -0.804354
84.100000 0.555292 -0.859884
84.200000 0.469303 -0.906814
84.300000 0.378622 -0.944676
84.400000 0.284154 -0.973092
84.500000 0.186845 -0.991776
84.600000 0.087668 -1.000543
84.700000 -0.012387 -0.999304
84.800000 -0.112317 -0.988072
84.900000 -0.211124 -0.966960
85.000000 -0.307820 -0.936178
85.100000 -0.401438 -0.896034
85.200000 -0.491042 -0.846930
85.300000 -0.575735 -0.789357
85.400000 -0.654670 -0.723890
85.500000 -0.727059 -0.651184
85.600000 -0.792178 -0.571966
85.700000 -0.849374 -0.487028
85.800000 -0.898077 -0.397221
85.900000 -0.937799 -0.303441
86.000000 -0.968143 -0.206627
86.100000 -0.988806 -0.107746
86.200000 -0.999580 -0.007788
86.300000 -1.000359 0.092248
86.400000 -0.991134 0.191361
86.500000 -0.971998 0.288561
86.600000 -0.943142 0.382875
86.700000 -0.904855 0.473361
86.800000 -0.857518 0.559113
86.900000 -0.801607 0.639273
87.000000 -0.737680 0.713041
87.100000 -0.666376 0.779679
87.200000 -0.588408 0.838520
87.300000 -0.504556 0.888975
87.400000 -0.415658 0.930541
87.500000 -0.322604 0.962802
87.600000 -0.226324 0.985434
87.700000 -0.127781 0.998212
87.800000 -0.027959 1.001008
87.900000 0.072141 0.993794
88.000000 0.171521 0.976642
88.100000 0.269185 0.949723
88.200000 0.364157 0.913308
88.300000 0.455488 0.867759
88.400000 0.542264 0.813532
88.500000 0.623617 0.751171
88.600000 0.698734 0.681297
88.700000 0.766864 0.604611
88.800000 0.827325 0.521878
88.900000 0.879513 0.433927
89.000000 0.922906 0.341636
89.100000 0.957069 0.245930
89.200000 0.981662 0.147763
89.300000 0.996439 0.048119
89.400000 1.001250 -0.052006
89.500000 0.996050 -0.151611
89.600000 0.980889 -0.249699
89.700000 0.955919 -0.345291
89.800000 0.921390 -0.437430
89.900000 0.877647 -0.525195
90.000000 0.825127 -0.607708
90.100000 0.764356 -0.684143
90.200000 0.695942 -0.753738
90.300000 0.620568 -0.815794
90.400000 0.538989 -0.869693
90.500000 0.452020 -0.914895
90.600000 0.360530 -0.950948
90.700000 0.265435 -0.977492
90.800000 0.167686 -0.994260
90.900000 0.068260 -1.001086
91.000000 -0.031849 -0.997902
91.100000 -0.131639 -0.984738
91.200000 -0.230113 -0.961726
91.300000 -0.326285 -0.929098
91.400000 -0.419195 -0.887178
91.500000 -0.507913 -0.836387
91.600000 -0.591552 -0.777232
91.700000 -0.669275 -0.710304
91.800000 -0.740305 -0.636274
91.900000 -0.803933 -0.555881
92.000000 -0.859521 -0.469929
92.100000 -0.906513 -0.379277
92.200000 -0.944441 -0.284833
92.300000 -0.972925 -0.187541
92.400000 -0.991679 -0.088373
92.500000 -1.000516 0.011679
92.600000 -0.999348 0.111614
92.700000 -0.988187 0.210432
92.800000 -0.967143 0.307147
92.900000 -0.936429 0.400789
93.000000 -0.896350 0.490424
93.100000 -0.847307 0.575155
93.200000 -0.789792 0.654134
93.300000 -0.724378 0.726572
93.400000 -0.651721 0.791744
93.500000 -0.572547 0.848999
93.600000 -0.487647 0.897764
93.700000 -0.397871 0.937551
93.800000 -0.304115 0.967962
93.900000 -0.207319 0.988694
94.000000 -0.108450 0.999539
94.100000 -0.008496 1.000389
94.200000 0.091543 0.991234
94.300000 0.190666 0.972168
94.400000 0.287883 0.943380
94.500000 0.382221 0.905157
94.600000 0.472737 0.857884
94.700000 0.558525 0.802031
94.800000 0.638728 0.738158
94.900000 0.712544 0.666904
95.000000 0.779235 0.588980
95.100000 0.838133 0.505167
95.200000 0.888649 0.416302
95.300000 0.930280 0.323274
95.400000 0.962607 0.227014
95.500000 0.985308 0.128483
95.600000 0.998157 0.028667
95.700000 1.001023 -0.071435
95.800000 0.993880 -0.170823
95.900000 0.976798 -0.268503
96.000000 0.949947 -0.363498
96.100000 0.913597 -0.454857
96.200000 0.868112 -0.541669
96.300000 0.813945 -0.623063
96.400000 0.751639 -0.698227
96.500000 0.681816 -0.766409
96.600000 0.605175 -0.826926
96.700000 0.522482 -0.879174
96.800000 0.434565 -0.922631
96.900000 0.342302 -0.956861
97.000000 0.246616 -0.981523
97.100000 0.148464 -0.996369
97.200000 0.048827 -1.001252
97.300000 -0.051299 -0.996122
97.400000 -0.150911 -0.981031
97.500000 -0.249014 -0.956129
97.600000 -0.344627 -0.921667
97.700000 -0.436793 -0.877987
97.800000 -0.524592 -0.825528
97.900000 -0.607145 -0.764814
98.000000 -0.683626 -0.696451
98.100000 -0.753271 -0.621124
98.200000 -0.815384 -0.539585
98.300000 -0.869342 -0.452651
98.400000 -0.914607 -0.361190
98.500000 -0.950726 -0.266118
98.600000 -0.977338 -0.168384
98.700000 -0.994177 -0.068966
98.800000 -1.001073 0.031141
98.900000 -0.997959 0.130937
99.000000 -0.984865 0.229423
99.100000 -0.961923 0.325616
99.200000 -0.929362 0.418552
99.300000 -0.887506 0.507303
99.400000 -0.836776 0.590980
99.500000 -0.777678 0.668748
99.600000 -0.710803 0.739828
99.700000 -0.636820 0.803510
99.800000 -0.556469 0.859157
99.900000 -0.470554 0.906213
100.000000 -0.379932 0.944206
100.100000 -0.285512 0.972757
100.200000 -0.188236 0.991581
100.300000 -0.089078 1.000489
100.400000 0.010971 0.999391
100.500000 0.110910 0.988300
100.600000 0.209740 0.967326
100.700000 0.306473 0.936679
100.800000 0.400141 0.896665
100.900000 0.489807 0.847684
101.000000 0.574575 0.790227
101.100000 0.653598 0.724867
101.200000 0.726085 0.652259
101.300000 0.791311 0.573128
101.400000 0.848623 0.488265
101.500000 0.897450 0.398520
101.600000 0.937302 0.304790
101.700000 0.967781 0.208012
101.800000 0.988582 0.109154
101.900000 0.999498 0.009204
102.000000 1.000418 -0.090838
102.100000 0.991334 -0.189971
102.200000 0.972337 -0.287205
102.300000 0.943617 -0.381567
102.400000 0.905460 -0.472113
102.500000 0.858249 -0.557938
102.600000 0.802455 -0.638183
102.700000 0.738637 -0.712047
102.800000 0.667432 -0.778790
102.900000 0.589553 -0.837745
103.000000 0.505778 -0.888323
103.100000 0.416946 -0.930018
103.200000 0.323944 -0.962412
103.300000 0.227703 -0.985182
103.400000 0.129185 -0.998101
103.500000 0.029375 -1.001038
103.600000 -0.070729 -0.993965
103.700000 -0.170126 -0.976953
103.800000 -0.267821 -0.950171
103.900000 -0.362838 -0.913887
104.000000 -0.454227 -0.868464
104.100000 -0.541073 -0.814357
104.200000 -0.622509 -0.752106
104.300000 -0.697719 -0.682334
104.400000 -0.765953 -0.605739
104.500000 -0.826527 -0.523086
104.600000 -0.878835 -0.435203
104.700000 -0.922356 -0.342967
104.800000 -0.956652 -0.247302
104.900000 -0.981382 -0.149164
105.000000 -0.996299 -0.049534
105.100000 -1.001252 0.050591
105.200000 -0.996193 0.150211
105.300000 -0.981172 0.248328
105.400000 -0.956339 0.343962
105.500000 -0.921943 0.436156
105.600000 -0.878327 0.523989
105.700000 -0.825929 0.606582
105.800000 -0.765270 0.683109
105.900000 -0.696959 0.752805
106.000000 -0.621679 0.814973
106.100000 -0.540182 0.868991
106.200000 -0.453283 0.914319
106.300000 -0.361851 0.950504
106.400000 -0.266800 0.977184
106.500000 -0.169082 0.994092
106.600000 -0.069673 1.001060
106.700000 0.030433 0.998016
106.800000 0.130235 0.984993
106.900000 0.228734 0.962119
107.000000 0.324946 0.929625
107.100000 0.417909 0.887834
107.200000 0.506692 0.837165
107.300000 0.590408 0.778124
107.400000 0.668221 0.711302
107.500000 0.739351 0.637367
107.600000 0.803088 0.557058
107.700000 0.858793 0.471179
107.800000 0.905911 0.380587
107.900000 0.943970 0.286190
108.000000 0.972589 0.188931
108.100000 0.991482 0.089783
108.200000 1.000461 -0.010263
108.300000 0.999434 -0.110206
108.400000 0.988414 -0.209048
108.500000 0.967509 -0.305799
108.600000 0.936929 -0.399491
108.700000 0.896980 -0.489189
108.800000 0.848061 -0.573996
108.900000 0.790661 -0.653062
109.000000 0.725355 -0.725597
109.100000 0.652796 -0.790877
109.200000 0.573708 -0.848248
109.300000 0.488883 -0.897136
109.400000 0.399170 -0.937053
109.500000 0.305464 -0.967599
109.600000 0.208704 -0.988470
109.700000 0.109857 -0.999455
109.800000 0.009912 -1.000447
109.900000 -0.090133 -0.991433
110.000000 -0.189276 -0.972506
110.100000 -0.286527 -0.943853
110.200000 -0.380912 -0.905762
110.300000 -0.471488 -0.858613
110.400000 -0.557349 -0.802878
110.500000 -0.637637 -0.739114
110.600000 -0.711549 -0.667959
110.700000 -0.778345 -0.590125
110.800000 -0.837357 -0.506389
110.900000 -0.887996 -0.417590
111.000000 -0.929755 -0.324614
111.100000 -0.962216 -0.228393
111.200000 -0.985056 -0.129887
111.300000 -0.998044 -0.030082
111.400000 -1.001053 0.070023
111.500000 -0.994050 0.169428
111.600000 -0.977108 0.267139
111.700000 -0.950394 0.362178
111.800000 -0.914176 0.453596
111.900000 -0.868816 0.540477
112.000000 -0.814769 0.621954
112.100000 -0.752573 0.697211
112.200000 -0.682852 0.765497
112.300000 -0.606302 0.826127
112.400000 -0.523690 0.878496
112.500000 -0.435840 0.922080
112.600000 -0.343632 0.956443
112.700000 -0.247988 0.981242
112.800000 -0.149864 0.996228
112.900000 -0.050241 1.001252
113.000000 0.049884 0.996264
113.100000 0.149511 0.981313
113.200000 0.247642 0.956549
113.300000 0.343297 0.922219
113.400000 0.435519 0.878667
113.500000 0.523385 0.826329
113.600000 0.606018 0.765727
113.700000 0.682591 0.697468
113.800000 0.752338 0.622234
113.900000 0.814561 0.540778
114.000000 0.868639 0.453914
114.100000 0.914030 0.362511
114.200000 0.950281 0.267483
114.300000 0.977030 0.169780
114.400000 0.994008 0.070379
114.500000 1.001045 -0.029726
114.600000 0.998073 -0.129533
114.700000 0.985120 -0.228045
114.800000 0.962315 -0.324276
114.900000 0.929888 -0.417265
115.000000 0.888161 -0.506081
115.100000 0.837553 -0.589837
115.200000 0.778569 -0.667693
115.300000 0.711800 -0.738873
115.400000 0.637913 -0.802665
115.500000 0.557646 -0.858429
115.600000 0.471803 -0.905610
115.700000 0.381242 -0.943734
115.800000 0.286869 -0.972421
115.900000 0.189627 -0.991383
116.000000 0.090488 -1.000432
116.100000 -0.009555 -0.999477
116.200000 -0.109503 -0.988526
116.300000 -0.208355 -0.967691
116.400000 -0.305124 -0.937179
116.500000 -0.398842 -0.897294
116.600000 -0.488572 -0.848437
116.700000 -0.573415 -0.791096
116.800000 -0.652525 -0.725843
116.900000 -0.725109 -0.653332
117.000000 -0.790442 -0.574288
117.100000 -0.847871 -0.489501
117.200000 -0.896821 -0.399819
117.300000 -0.936803 -0.306138
117.400000 -0.967417 -0.209397
117.500000 -0.988357 -0.110561
117.600000 -0.999413 -0.010620
117.700000 -1.000475 0.089428
117.800000 -0.991532 0.188581
117.900000 -0.972674 0.285848
118.000000 -0.944089 0.380257
118.100000 -0.906063 0.470863
118.200000 -0.858977 0.556761
118.300000 -0.803301 0.637091
118.400000 -0.739592 0.711050
118.500000 -0.668487 0.777899
118.600000 -0.590697 0.836969
118.700000 -0.507000 0.887669
118.800000 -0.418233 0.929492
118.900000 -0.325284 0.962020
119.000000 -0.229082 0.984929
119.100000 -0.130589 0.997988
119.200000 -0.030790 1.001067
119.300000 0.069316 0.994135
119.400000 0.168730 0.977262
119.500000 0.266456 0.950616
119.600000 0.361518 0.914465
119.700000 0.452964 0.869168
119.800000 0.539881 0.815180
119.900000 0.621399 0.753040
120.000000 0.696703 0.683370
120.100000 0.765040 0.606866
120.200000 0.825727 0.524293
120.300000 0.878156 0.436478
120.400000 0.921804 0.344297
120.500000 0.956233 0.248674
120.600000 0.981101 0.150564
120.700000 0.996157 0.050948
120.800000 1.001252 -0.049177
120.900000 0.996334 -0.148811
121.000000 0.981453 -0.246956
121.100000 0.956758 -0.342632
121.200000 0.922494 -0.434881
121.300000 0.879006 -0.522782
121.400000 0.826728 -0.605455
121.500000 0.766183 -0.682073
121.600000 0.697975 -0.751870
121.700000 0.622788 -0.814149
121.800000 0.541373 -0.868287
121.900000 0.454545 -0.913741
122.000000 0.363171 -0.950058
122.100000 0.268165 -0.976875
122.200000 0.170477 -0.993922
122.300000 0.071085 -1.001031
122.400000 -0.029018 -0.998129
122.500000 -0.128831 -0.985246
122.600000 -0.227355 -0.962510
122.700000 -0.323606 -0.930150
122.800000 -0.416621 -0.888488
122.900000 -0.505470 -0.837941
123.000000 -0.589264 -0.779014
123.100000 -0.667166 -0.712298
123.200000 -0.738395 -0.638458
123.300000 -0.802241 -0.558234
123.400000 -0.858065 -0.472427
123.500000 -0.905307 -0.381897
123.600000 -0.943497 -0.287547
123.700000 -0.972252 -0.190322
123.800000 -0.991284 -0.091193
123.900000 -1.000403 0.008847
124.000000 -0.999519 0.108799
124.100000 -0.988639 0.207663
124.200000 -0.967872 0.304450
124.300000 -0.937428 0.398193
124.400000 -0.897608 0.487953
124.500000 -0.848813 0.572835
124.600000 -0.791529 0.651988
124.700000 -0.726331 0.724621
124.800000 -0.653869 0.790008
124.900000 -0.574868 0.847494
125.000000 -0.490118 0.896506
125.100000 -0.400468 0.936553
125.200000 -0.306812 0.967234
125.300000 -0.210089 0.988243
125.400000 -0.111265 0.999370
125.500000 -0.011328 1.000502
125.600000 0.088722 0.991630
125.700000 0.187885 0.972842
125.800000 0.285170 0.944325
125.900000 0.379602 0.906364
126.000000 0.470239 0.859341
126.100000 0.556173 0.803723
126.200000 0.636545 0.740069
126.300000 0.710552 0.669014
126.400000 0.777453 0.591268
126.500000 0.836580 0.507610
126.600000 0.887341 0.418876
126.700000 0.929229 0.325953
126.800000 0.961824 0.229771
126.900000 0.984801 0.131291
127.000000 0.997930 0.031498
127.100000 1.001080 -0.068610
127.200000 0.994219 -0.168032
127.300000 0.977416 -0.265774
127.400000 0.950838 -0.360857
127.500000 0.914753 -0.452333
127.600000 0.869519 -0.539285
127.700000 0.815591 -0.620844
127.800000 0.753506 -0.696194
127.900000 0.683887 -0.764583
128.000000 0.607429 -0.825326
128.100000 0.524896 -0.877816
128.200000 0.437115 -0.921527
128.300000 0.344962 -0.956023
128.400000 0.249360 -0.980959
128.500000 0.151264 -0.996086
128.600000 0.051655 -1.001251
128.700000 -0.048470 -0.996404
128.800000 -0.148110 -0.981593
128.900000 -0.246270 -0.956966
129.000000 -0.341966 -0.922769
129.100000 -0.434243 -0.879345
129.200000 -0.522178 -0.827127
129.300000 -0.604891 -0.766638
129.400000 -0.681554 -0.698483
129.500000 -0.751403 -0.623343
129.600000 -0.813737 -0.541969
129.700000 -0.867934 -0.455175
129.800000 -0.913451 -0.363830
129.900000 -0.949834 -0.268847
130.000000 -0.976719 -0.171175
130.100000 -0.993837 -0.071791
130.200000 -1.001016 0.028310
130.300000 -0.998185 0.128129
130.400000 -0.985372 0.226666
130.500000 -0.962705 0.322936
130.600000 -0.930412 0.415978
130.700000 -0.888814 0.504859
130.800000 -0.838328 0.588692
130.900000 -0.779459 0.666638
131.000000 -0.712795 0.737917
131.100000 -0.639003 0.801817
131.200000 -0.558822 0.857700
131.300000 -0.473052 0.905005
131.400000 -0.382551 0.943260
131.500000 -0.288225 0.972082
131.600000 -0.191017 0.991184
131.700000 -0.091898 1.000374
131.800000 0.008139 0.999560
131.900000 0.108095 0.988751
132.000000 0.206970 0.968054
132.100000 0.303775 0.937676
132.200000 0.397543 0.897922
132.300000 0.487335 0.849188
132.400000 0.572254 0.791963
132.500000 0.651450 0.726818
132.600000 0.724132 0.654405
132.700000 0.789572 0.575447
132.800000 0.847117 0.490736
132.900000 0.896191 0.401117
133.000000 0.936302 0.307486
133.100000 0.967051 0.210781
133.200000 0.988129 0.111968
133.300000 0.999326 0.012036
133.400000 1.000530 -0.088017
133.500000 0.991728 -0.187190
133.600000 0.973009 -0.284491
133.700000 0.944560 -0.378947
133.800000 0.906665 -0.469613
133.900000 0.859704 -0.555584
134.000000 0.804145 -0.635998
134.100000 0.740546 -0.710053
134.200000 0.669540 -0.777007
134.300000 0.591840 -0.836191
134.400000 0.508220 -0.887013
134.500000 0.419519 -0.928965
134.600000 0.326623 -0.961627
134.700000 0.230460 -0.984673
134.800000 0.131993 -0.997872
134.900000 0.032205 -1.001093
135.000000 -0.067904 -0.994302
135.100000 -0.167334 -0.977569
135.200000 -0.265091 -0.951060
135.300000 -0.360197 -0.915040
135.400000 -0.451701 -0.869870
135.500000 -0.538688 -0.816001
135.600000 -0.620288 -0.753973
135.700000 -0.695685 -0.684404
135.800000 -0.764126 -0.607991
135.900000 -0.824925 -0.525499
136.000000 -0.877475 -0.437751
136.100000 -0.921250 -0.345626
136.200000 -0.955813 -0.250045
136.300000 -0.980817 -0.151963
136.400000 -0.996013 -0.052362
136.500000 -1.001250 0.047763
136.600000 -0.996473 0.147410
136.700000 -0.981732 0.245583
136.800000 -0.957174 0.341301
136.900000 -0.923044 0.433605
137.000000 -0.879683 0.521574
137.100000 -0.827526 0.604326
137.200000 -0.767093 0.681036
137.300000 -0.698990 0.750935
137.400000 -0.623896 0.813324
137.500000 -0.542564 0.867581
137.600000 -0.455806 0.913161
137.700000 -0.364490 0.949610
137.800000 -0.269529 0.976563
137.900000 -0.171873 0.993750
138.000000 -0.072498 1.001000
138.100000 0.027602 0.998240
138.200000 0.127426 0.985497
138.300000 0.225976 0.962900
138.400000 0.322266 0.930673
138.500000 0.415333 0.889140
138.600000 0.504247 0.838715
138.700000 0.588119 0.779903
138.800000 0.666109 0.713292
138.900000 0.737438 0.639548
139.000000 0.801393 0.559409
139.100000 0.857334 0.473675
139.200000 0.904702 0.383205
139.300000 0.943022 0.288903
139.400000 0.971912 0.191712
139.500000 0.991084 0.092603
139.600000 1.000344 -0.007431
139.700000 0.999601 -0.107391
139.800000 0.988862 -0.206277
139.900000 0.968234 -0.303101
140.000000 0.937924 -0.396893
140.100000 0.898235 -0.486716
140.200000 0.849563 -0.571673
140.300000 0.792396 -0.650912
140.400000 0.727305 -0.723643
140.500000 0.654940 -0.789137
140.600000 0.576027 -0.846740
140.700000 0.491353 -0.895875
140.800000 0.401765 -0.936051
140.900000 0.308160 -0.966867
141.000000 0.211473 -0.988015
141.100000 0.112672 -0.999282
141.200000 0.012744 -1.000556
141.300000 -0.087312 -0.991825
141.400000 -0.186494 -0.973176
141.500000 -0.283812 -0.944794
141.600000 -0.378291 -0.906965
141.700000 -0.468988 -0.860066
141.800000 -0.554995 -0.804567
141.900000 -0.635451 -0.741022
142.000000 -0.709553 -0.670066
142.100000 -0.776560 -0.592410
142.200000 -0.835801 -0.508830
142.300000 -0.886684 -0.420162
142.400000 -0.928700 -0.327292
142.500000 -0.961430 -0.231149
142.600000 -0.984544 -0.132694
142.700000 -0.997814 -0.032913
142.800000 -1.001105 0.067197
142.900000 -0.994385 0.166636
143.000000 -0.977722 0.264408
143.100000 -0.951281 0.359536
143.200000 -0.915327 0.451069
143.300000 -0.870221 0.538091
143.400000 -0.816411 0.619732
143.500000 -0.754438 0.695176
143.600000 -0.684921 0.763668
143.700000 -0.608554 0.824523
143.800000 -0.526101 0.877134
143.900000 -0.438388 0.920972
144.000000 -0.346291 0.955602
144.100000 -0.250731 0.980675
144.200000 -0.152663 0.995941
144.300000 -0.053069 1.001248
144.400000 0.047056 0.996542
144.500000 0.146710 0.981871
144.600000 0.244897 0.957382
144.700000 0.340635 0.923318
144.800000 0.432967 0.880021
144.900000 0.520969 0.827924
145.000000 0.603762 0.767548
145.100000 0.680516 0.699497
145.200000 0.750466 0.624450
145.300000 0.812911 0.543159
145.400000 0.867227 0.456436
145.500000 0.912871 0.365149
145.600000 0.949385 0.270211
145.700000 0.976407 0.172570
145.800000 0.993664 0.073204
145.900000 1.000984 -0.026895
146.000000 0.998294 -0.126724
146.100000 0.985622 -0.225286
146.200000 0.963093 -0.321596
146.300000 0.930934 -0.414689
146.400000 0.889465 -0.503636
146.500000 0.839101 -0.587546
146.600000 0.780347 -0.665580
146.700000 0.713789 -0.736959
146.800000 0.640093 -0.800969
146.900000 0.559996 -0.856968
147.000000 0.474299 -0.904398
147.100000 0.383859 -0.942784
147.200000 0.289581 -0.971742
147.300000 0.192407 -0.990983
147.400000 0.093308 -1.000314
147.500000 -0.006723 -0.999641
147.600000 -0.106687 -0.988973
147.700000 -0.205584 -0.968414
147.800000 -0.302426 -0.938172
147.900000 -0.396243 -0.898547
148.000000 -0.486098 -0.849938
148.100000 -0.571091 -0.792828
148.200000 -0.650374 -0.727791
148.300000 -0.723153 -0.655476
148.400000 -0.788701 -0.576606
148.500000 -0.846361 -0.491969
148.600000 -0.895558 -0.402414
148.700000 -0.935800 -0.308834
148.800000 -0.966683 -0.212165
148.900000 -0.987900 -0.113375
149.000000 -0.999237 -0.013452
149.100000 -1.000582 0.086607
149.200000 -0.991922 0.185799
149.300000 -0.973342 0.283133
149.400000 -0.945028 0.377636
149.500000 -0.907265 0.468362
149.600000 -0.860429 0.554405
149.700000 -0.804988 0.634904
149.800000 -0.741498 0.709054
149.900000 -0.670592 0.776113
150.000000 -0.592981 0.835411
150.100000 -0.509440 0.886355
150.200000 -0.420804 0.928436
150.300000 -0.327961 0.961232
150.400000 -0.231838 0.984415
150.500000 -0.133396 0.997755
150.600000 -0.033621 1.001117
150.700000 0.066491 0.994468
150.800000 0.165938 0.977874
150.900000 0.263725 0.951502
151.000000 0.358875 0.915614
151.100000 0.450437 0.870570
151.200000 0.537494 0.816821
151.300000 0.619176 0.754903
151.400000 0.694666 0.685437
151.500000 0.763210 0.609116
151.600000 0.824122 0.526704
151.700000 0.876792 0.439025
151.800000 0.920694 0.346955
151.900000 0.955390 0.251416
152.000000 0.980532 0.153363
152.100000 0.995868 0.053776
152.200000 1.001245 -0.046348
152.300000 0.996611 -0.146009
152.400000 0.982010 -0.244210
152.500000 0.957589 -0.339969
152.600000 0.923592 -0.432328
152.700000 0.880359 -0.520364
152.800000 0.828322 -0.603197
152.900000 0.768003 -0.679997
153.000000 0.700003 -0.749997
153.100000 0.625003 -0.812498
153.200000 0.543754 -0.866873
153.300000 0.457066 -0.912579
153.400000 0.365808 -0.949160
153.500000 0.270892 -0.976250
153.600000 0.173267 -0.993576
153.700000 0.073910 -1.000967
153.800000 -0.026187 -0.998349
153.900000 -0.126022 -0.985746
154.000000 -0.224596 -0.963287
154.100000 -0.320925 -0.931194
154.200000 -0.414045 -0.889790
154.300000 -0.503024 -0.839487
154.400000 -0.586972 -0.780790
154.500000 -0.665051 -0.714285
154.600000 -0.736480 -0.640637
154.700000 -0.800544 -0.560583
154.800000 -0.856602 -0.474923
154.900000 -0.904094 -0.384513
155.000000 -0.942545 -0.290259
155.100000 -0.971571 -0.193101
155.200000 -0.990881 -0.094013
155.300000 -1.000283 0.006015
155.400000 -0.999681 0.105983
155.500000 -0.989083 0.204891
155.600000 -0.968594 0.301751
155.700000 -0.938419 0.395593
155.800000 -0.898859 0.485479
155.900000 -0.850312 0.570510
156.000000 -0.793261 0.649836
156.100000 -0.728277 0.722663
156.200000 -0.656011 0.788265
156.300000 -0.577184 0.845983
156.400000 -0.492586 0.895242
156.500000 -0.403062 0.935548
156.600000 -0.309507 0.966498
156.700000 -0.212857 0.987784
156.800000 -0.114079 0.999192
156.900000 -0.014160 1.000608
157.000000 0.085901 0.992018
157.100000 0.185103 0.973508
157.200000 0.282454 0.945262
157.300000 0.376980 0.907564
157.400000 0.467736 0.860791
157.500000 0.553815 0.805409
157.600000 0.634356 0.741973
157.700000 0.708554 0.671118
157.800000 0.775666 0.593551
157.900000 0.835021 0.510049
158.000000 0.886026 0.421447
158.100000 0.928170 0.328630
158.200000 0.961033 0.232526
158.300000 0.984286 0.134098
158.400000 0.997696 0.034328
158.500000 1.001128 -0.065785
158.600000 0.994550 -0.165240
158.700000 0.978026 -0.263042
158.800000 0.951722 -0.358214
158.900000 0.915900 -0.449804
159.000000 0.870920 -0.536896
159.100000 0.817230 -0.618619
159.200000 0.755368 -0.694156
159.300000 0.685953 -0.762752
159.400000 0.609678 -0.823719
159.500000 0.527306 -0.876450
159.600000 0.439661 -0.920416
159.700000 0.347619 -0.955178
159.800000 0.252101 -0.980388
159.900000 0.154063 -0.995794
160.000000 0.054483 -1.001243
160.100000 -0.045641 -0.996678
160.200000 -0.145309 -0.982148
160.300000 -0.243524 -0.957795
160.400000 -0.339303 -0.923865
160.500000 -0.431690 -0.880696
160.600000 -0.519759 -0.828720
160.700000 -0.602631 -0.768457
160.800000 -0.679477 -0.700509
160.900000 -0.749528 -0.625556
161.000000 -0.812084 -0.544348
161.100000 -0.866518 -0.457696
161.200000 -0.912288 -0.366467
161.300000 -0.948935 -0.271574
161.400000 -0.976092 -0.173965
161.500000 -0.993489 -0.074616
161.600000 -1.000950 0.025479
161.700000 -0.998402 0.125319
161.800000 -0.985870 0.223906
161.900000 -0.963480 0.320254
162.000000 -0.931454 0.413400
162.100000 -0.890114 0.502411
162.200000 -0.839873 0.586399
162.300000 -0.781233 0.664522
162.400000 -0.714781 0.736000
162.500000 -0.641181 0.800118
162.600000 -0.561169 0.856235
162.700000 -0.475546 0.903790
162.800000 -0.385167 0.942306
162.900000 -0.290936 0.971400
163.000000 -0.193796 0.990779
163.100000 -0.094718 1.000251
163.200000 0.005307 0.999721
163.300000 0.105279 0.989193
163.400000 0.204198 0.968773
163.500000 0.301076 0.938665
163.600000 0.394942 0.899171
163.700000 0.484859 0.850685
163.800000 0.569928 0.793692
163.900000 0.649297 0.728763
164.000000 0.722173 0.656545
164.100000 0.787828 0.577763
164.200000 0.845604 0.493202
164.300000 0.894924 0.403710
164.400000 0.935295 0.310180
164.500000 0.966313 0.213549
164.600000 0.987668 0.114782
164.700000 0.999146 0.014867
164.800000 1.000633 -0.085196
164.900000 0.992114 -0.184407
165.000000 0.973673 -0.281774
165.100000 0.945495 -0.376324
165.200000 0.907863 -0.467110
165.300000 0.861152 -0.553226
165.400000 0.805829 -0.633808
165.500000 0.742449 -0.708053
165.600000 0.671643 -0.775218
165.700000 0.594121 -0.834630
165.800000 0.510658 -0.885696
165.900000 0.422089 -0.927905
166.000000 0.329298 -0.960834
166.100000 0.233215 -0.984156
166.200000 0.134799 -0.997636
166.300000 0.035036 -1.001139
166.400000 -0.065078 -0.994632
166.500000 -0.164541 -0.978177
166.600000 -0.262359 -0.951942
166.700000 -0.357553 -0.916186
166.800000 -0.449172 -0.871269
166.900000 -0.536299 -0.817639
167.000000 -0.618063 -0.755833
167.100000 -0.693646 -0.686468
167.200000 -0.762293 -0.610239
167.300000 -0.823317 -0.527907
167.400000 -0.876107 -0.440297
167.500000 -0.920137 -0.348283
167.600000 -0.954965 -0.252786
167.700000 -0.980244 -0.154762
167.800000 -0.995720 -0.055190
167.900000 -1.001239 0.044934
168.000000 -0.996746 0.144608
168.100000 -0.982285 0.242837
168.200000 -0.958001 0.338637
168.300000 -0.924138 0.431051
168.400000 -0.881032 0.519154
168.500000 -0.829117 0.602066
168.600000 -0.768910 0.678957
168.700000 -0.701015 0.749058
168.800000 -0.626109 0.811669
168.900000 -0.544942 0.866163
169.000000 -0.458326 0.911996
169.100000 -0.367126 0.948709
169.200000 -0.272255 0.975934
169.300000 -0.174662 0.993400
169.400000 -0.075322 1.000932
169.500000 0.024771 0.998455
169.600000 0.124617 0.985994
169.700000 0.223216 0.963672
169.800000 0.319584 0.931714
169.900000 0.412755 0.890438
170.000000 0.501799 0.840258
170.100000 0.585825 0.781676
170.200000 0.663992 0.715277
170.300000 0.735520 0.641725
170.400000 0.799692 0.561755
170.500000 0.855868 0.476169
170.600000 0.903485 0.385820
170.700000 0.942067 0.291613
170.800000 0.971228 0.194491
170.900000 0.990677 0.095423
171.000000 1.000219 -0.004599
171.100000 0.999760 -0.104575
171.200000 0.989302 -0.203505
171.300000 0.968952 -0.300400
171.400000 0.938911 -0.394291
171.500000 0.899482 -0.484240
171.600000 0.851058 -0.569345
171.700000 0.794124 -0.648758
171.800000 0.729248 -0.721683
171.900000 0.657080 -0.787391
172.000000 0.578341 -0.845225
172.100000 0.493818 -0.894607
172.200000 0.404358 -0.935042
172.300000 0.310853 -0.966128
172.400000 0.214241 -0.987552
172.500000 0.115485 -0.999100
172.600000 0.015575 -1.000658
172.700000 -0.084490 -0.992209
172.800000 -0.183711 -0.973838
172.900000 -0.281095 -0.945728
173.000000 -0.375668 -0.908161
173.100000 -0.466484 -0.861513
173.200000 -0.552635 -0.806249
173.300000 -0.633260 -0.742923
173.400000 -0.707553 -0.672168
173.500000 -0.774769 -0.594691
173.600000 -0.834238 -0.511267
173.700000 -0.885365 -0.422731
173.800000 -0.927638 -0.329967
173.900000 -0.960635 -0.233904
174.000000 -0.984025 -0.135501
174.100000 -0.997575 -0.035743
174.200000 -1.001150 0.064372
174.300000 -0.994713 0.163843
174.400000 -0.978328 0.261676
174.500000 -0.952161 0.356892
174.600000 -0.916472 0.448539
174.700000 -0.871618 0.535701
174.800000 -0.818048 0.617505
174.900000 -0.756297 0.693135
175.000000 -0.686984 0.761833
175.100000 -0.610800 0.822914
175.200000 -0.528509 0.875764
175.300000 -0.440932 0.919858
175.400000 -0.348947 0.954752
175.500000 -0.253471 0.980099
175.600000 -0.155462 0.995646
175.700000 -0.055897 1.001235
175.800000 0.044227 0.996813
175.900000 0.143908 0.982422
176.000000 0.242150 0.958207
176.100000 0.337971 0.924410
176.200000 0.430412 0.881369
176.300000 0.518549 0.829514
176.400000 0.601500 0.769364
176.500000 0.678436 0.701520
176.600000 0.748588 0.626661
176.700000 0.811254 0.545536
176.800000 0.865808 0.458955
176.900000 0.911704 0.367785
177.000000 0.948482 0.272936
177.100000 0.975776 0.175359
177.200000 0.993312 0.076028
177.300000 1.000914 -0.024064
177.400000 0.998508 -0.123914
177.500000 0.986117 -0.222526
177.600000 0.963864 -0.318913
177.700000 0.931973 -0.412110
177.800000 0.890762 -0.501186
177.900000 0.840643 -0.585250
178.000000 0.782118 -0.663462
178.100000 0.715772 -0.735039
178.200000 0.642268 -0.799266
178.300000 0.562341 -0.855500
178.400000 0.476791 -0.903179
178.500000 0.386473 -0.941827
178.600000 0.292291 -0.971056
178.700000 0.195185 -0.990574
178.800000 0.096128 -1.000187
178.900000 -0.003891 -0.999798
179.000000 -0.103871 -0.989411
179.100000 -0.202812 -0.969130
179.200000 -0.299725 -0.939157
179.300000 -0.393641 -0.899793
179.400000 -0.483620 -0.851431
179.500000 -0.568763 -0.794555
179.600000 -0.648218 -0.729733
179.700000 -0.721192 -0.657614
179.800000 -0.786953 -0.578919
179.900000 -0.844845 -0.494434
180.000000 -0.894288 -0.405005
180.100000 -0.934789 -0.311526
180.200000 -0.965942 -0.214932
180.300000 -0.987435 -0.116189
180.400000 -0.999054 -0.016283
180.500000 -1.000682 0.083785
180.600000 -0.992303 0.183015
180.700000 -0.974002 0.280415
180.800000 -0.945960 0.375011
180.900000 -0.908459 0.465857
181.000000 -0.861873 0.552045
181.100000 -0.806669 0.632712
181.200000 -0.743398 0.707051
181.300000 -0.672693 0.774321
181.400000 -0.595261 0.833847
181.500000 -0.511876 0.885034
181.600000 -0.423373 0.927372
181.700000 -0.330635 0.960435
181.800000 -0.234592 0.983894
181.900000 -0.136202 0.997515
182.000000 -0.036451 1.001160
182.100000 0.063665 0.994793
182.200000 0.163144 0.978479
182.300000 0.260992 0.952380
182.400000 0.356230 0.916756
182.500000 0.447906 0.871966
182.600000 0.535102 0.818456
182.700000 0.616948 0.756761
182.800000 0.692624 0.687498
182.900000 0.761374 0.611361
183.000000 0.822510 0.529110
183.100000 0.875421 0.441568
183.200000 0.919578 0.349610
183.300000 0.954539 0.254156
183.400000 0.979954 0.156161
183.500000 0.995571 0.056604
183.600000 1.001231 -0.043519
183.700000 0.996879 -0.143207
183.800000 0.982558 -0.241463
183.900000 0.958412 -0.337304
184.000000 0.924682 -0.429772
184.100000 0.881704 -0.517943
184.200000 0.829910 -0.600934
184.300000 0.769817 -0.677915
184.400000 0.702025 -0.748118
184.500000 0.627213 -0.810839
184.600000 0.546129 -0.865452
184.700000 0.459584 -0.911411
184.800000 0.368443 -0.948255
184.900000 0.273618 -0.975617
185.000000 0.176056 -0.993222
185.100000 0.076734 -1.000896
185.200000 -0.023356 -0.998560
185.300000 -0.123212 -0.986239
185.400000 -0.221836 -0.964055
185.500000 -0.318241 -0.932231
185.600000 -0.411464 -0.891085
185.700000 -0.500573 -0.841027
185.800000 -0.584676 -0.782560
185.900000 -0.662932 -0.716267
186.000000 -0.734558 -0.642811
186.100000 -0.798839 -0.562927
186.200000 -0.855132 -0.477414
186.300000 -0.902873 -0.387126
186.400000 -0.941586 -0.292968
186.500000 -0.970883 -0.195880
186.600000 -0.990471 -0.096832
186.700000 -1.000154 0.003183
186.800000 -0.999836 0.103167
186.900000 -0.989519 0.202118
187.000000 -0.969307 0.299049
187.100000 -0.939402 0.392989
187.200000 -0.900103 0.483000
187.300000 -0.851803 0.568180
187.400000 -0.794985 0.647679
187.500000 -0.730218 0.720700
187.600000 -0.658148 0.786515
187.700000 -0.579496 0.844465
187.800000 -0.495050 0.893970
187.900000 -0.405653 0.934535
188.000000 -0.312199 0.965755
188.100000 -0.215624 0.987317
188.200000 -0.116892 0.999006
188.300000 -0.016991 1.000706
188.400000 0.083079 0.992398
188.500000 0.182319 0.974166
188.600000 0.279736 0.946192
188.700000 0.374355 0.908757
188.800000 0.465231 0.862234
188.900000 0.551454 0.807088
189.000000 0.632163 0.743872
189.100000 0.706550 0.673217
189.200000 0.773872 0.595830
189.300000 0.833455 0.512484
189.400000 0.884703 0.424014
189.500000 0.927104 0.331304
189.600000 0.960235 0.235280
189.700000 0.983763 0.136904
189.800000 0.997453 0.037158
189.900000 1.001169 -0.062958
190.000000 0.994873 -0.162446
190.100000 0.978629 -0.260309
190.200000 0.952598 -0.355568
190.300000 0.917041 -0.447272
190.400000 0.872314 -0.534504
190.500000 0.818863 -0.616390
190.600000 0.757224 -0.692113
190.700000 0.688013 -0.760914
190.800000 0.611922 -0.822106
190.900000 0.529711 -0.875077
191.000000 0.442203 -0.919297
191.100000 0.350274 -0.954325
191.200000 0.254841 -0.979809
191.300000 0.156860 -0.995495
191.400000 0.057311 -1.001226
191.500000 -0.042812 -0.996945
191.600000 -0.142506 -0.982694
191.700000 -0.240776 -0.958617
191.800000 -0.336637 -0.924953
191.900000 -0.429133 -0.882040
192.000000 -0.517337 -0.830306
192.100000 -0.600367 -0.770269
192.200000 -0.677394 -0.702530
192.300000 -0.747647 -0.627765
192.400000 -0.810424 -0.546723
192.500000 -0.865096 -0.460213
192.600000 -0.911117 -0.369101
192.700000 -0.948027 -0.274299
192.800000 -0.975457 -0.176753
192.900000 -0.993133 -0.077440
193.000000 -1.000877 0.022648
193.100000 -0.998612 0.122509
193.200000 -0.986361 0.221145
193.300000 -0.964246 0.317570
193.400000 -0.932489 0.410819
193.500000 -0.891407 0.499960
193.600000 -0.841411 0.584101
193.700000 -0.783001 0.662401
193.800000 -0.716761 0.734077
193.900000 -0.643354 0.798412
194.000000 -0.563512 0.854764
194.100000 -0.478036 0.902567
194.200000 -0.387779 0.941345
194.300000 -0.293645 0.970710
194.400000 -0.196574 0.990367
194.500000 -0.097537 1.000121
194.600000 0.002475 0.999873
194.700000 0.102462 0.989627
194.800000 0.201425 0.969484
194.900000 0.298373 0.939647
195.000000 0.392338 0.900413
195.100000 0.482379 0.852175
195.200000 0.567597 0.795416
195.300000 0.647139 0.730702
195.400000 0.720209 0.658681
195.500000 0.786077 0.580073
195.600000 0.844084 0.495665
195.700000 0.893651 0.406300
195.800000 0.934281 0.312872
195.900000 0.965568 0.216315
196.000000 0.987199 0.117595
196.100000 0.998959 0.017699
196.200000 1.000729 -0.082374
196.300000 0.992491 -0.181623
196.400000 0.974329 -0.279056
196.500000 0.946423 -0.373698
196.600000 0.909054 -0.464604
196.700000 0.862593 -0.550863
196.800000 0.807507 -0.631614
196.900000 0.744346 -0.706048
197.000000 0.673741 -0.773422
197.100000 0.596399 -0.833062
197.200000 0.513092 -0.884371
197.300000 0.424655 -0.926837
197.400000 0.331972 -0.960034
197.500000 0.235968 -0.983631
197.600000 0.137605 -0.997391
197.700000 0.037866 -1.001178
197.800000 -0.062252 -0.994953
197.900000 -0.161747 -0.978778
198.000000 -0.259625 -0.952816
198.100000 -0.354906 -0.917325
198.200000 -0.446639 -0.872661
198.300000 -0.533905 -0.819271
198.400000 -0.615832 -0.757687
198.500000 -0.691601 -0.688527
198.600000 -0.760454 -0.612482
198.700000 -0.821702 -0.530312
198.800000 -0.874733 -0.442838
198.900000 -0.919017 -0.350937
199.000000 -0.954110 -0.255526
199.100000 -0.979663 -0.157559
199.200000 -0.995419 -0.058018
199.300000 -1.001221 0.042105
199.400000 -0.997010 0.141806
199.500000 -0.982830 0.240089
199.600000 -0.958821 0.335971
199.700000 -0.925224 0.428493
199.800000 -0.882374 0.516730
199.900000 -0.830701 0.599801
200.000000 -0.770721 0.676873
200.100000 -0.703034 0.747176
200.200000 -0.628316 0.810008
200.300000 -0.547316 0.864739
200.400000 -0.460842 0.910823
200.500000 -0.369759 0.947799
200.600000 -0.274979 0.975297
200.700000 -0.177450 0.993042
200.800000 -0.078145 1.000857
200.900000 0.021940 0.998663
201.000000 0.121807 0.986482
201.100000 0.220455 0.964437
201.200000 0.316898 0.932747
201.300000 0.410173 0.891730
201.400000 0.499346 0.841795
201.500000 0.583526 0.783442
201.600000 0.661870 0.717255
201.700000 0.733595 0.643896
201.800000 0.797985 0.564097
201.900000 0.854395 0.478658
202.000000 0.902260 0.388432
202.100000 0.941104 0.294322
202.200000 0.970536 0.197268
202.300000 0.990263 0.098242
202.400000 1.000087 -0.001767
202.500000 0.999910 -0.101758
202.600000 0.989734 -0.200731
202.700000 0.969661 -0.297698
202.800000 0.939891 -0.391687
202.900000 0.900723 -0.481759
203.000000 0.852547 -0.567014
203.100000 0.795845 -0.646598
203.200000 0.731186 -0.719717
203.300000 0.659214 -0.785638
203.400000 0.580650 -0.843703
203.500000 0.496280 -0.893331
203.600000 0.406947 -0.934026
203.700000 0.313544 -0.965380
203.800000 0.217006 -0.987081
203.900000 0.118298 -0.998911
204.000000 0.018407 -1.000751
204.100000 -0.081668 -0.992585
204.200000 -0.180927 -0.974492
204.300000 -0.278376 -0.946654
204.400000 -0.373041 -0.909350
204.500000 -0.463976 -0.862953
204.600000 -0.550271 -0.807925
204.700000 -0.631064 -0.744819
204.800000 -0.705546 -0.674264
204.900000 -0.772972 -0.596967
205.000000 -0.832669 -0.513700
205.100000 -0.884039 -0.425296
205.200000 -0.926569 -0.332639
205.300000 -0.959833 -0.236656
205.400000 -0.983498 -0.138306
205.500000 -0.997329 -0.038573
205.600000 -1.001186 0.061545
205.700000 -0.995032 0.161048
205.800000 -0.978927 0.258941
205.900000 -0.953033 0.354244
206.000000 -0.917608 0.446005
206.100000 -0.873008 0.533306
206.200000 -0.819677 0.615274
206.300000 -0.758150 0.691089
206.400000 -0.689041 0.759993
206.500000 -0.613042 0.821297
206.600000 -0.530912 0.874388
206.700000 -0.443473 0.918735
206.800000 -0.351600 0.953895
206.900000 -0.256210 0.979516
207.000000 -0.158259 0.995342
207.100000 -0.058724 1.001215
207.200000 0.041397 0.997075
207.300000 0.141105 0.982965
207.400000 0.239401 0.959024
207.500000 0.335304 0.925494
207.600000 0.427853 0.882709
207.700000 0.516124 0.831096
207.800000 0.599234 0.771173
207.900000 0.676351 0.703538
208.000000 0.746705 0.628868
208.100000 0.809591 0.547908
208.200000 0.864382 0.461470
208.300000 0.910529 0.370417
208.400000 0.947571 0.275660
208.500000 0.975137 0.178146
208.600000 0.992952 0.078851
208.700000 1.000837 -0.021232
208.800000 0.998714 -0.121104
208.900000 0.986603 -0.219764
209.000000 0.964627 -0.316227
209.100000 0.933004 -0.409527
209.200000 0.892051 -0.498732
209.300000 0.842178 -0.582950
209.400000 0.783883 -0.661338
209.500000 0.717749 -0.733113
209.600000 0.644438 -0.797557
209.700000 0.564682 -0.854025
209.800000 0.479280 -0.901953
209.900000 0.389084 -0.940862
210.000000 0.294998 -0.970362
210.100000 0.197962 -0.990158
210.200000 0.098946 -1.000052
210.300000 -0.001059 -0.999946
210.400000 -0.101054 -0.989841
210.500000 -0.200038 -0.969837
210.600000 -0.297021 -0.940135
210.700000 -0.391035 -0.901032
210.800000 -0.481138 -0.852918
210.900000 -0.566430 -0.796275
211.000000 -0.646057 -0.731669
211.100000 -0.719224 -0.659747
211.200000 -0.785199 -0.581227
211.300000 -0.843322 -0.496895
211.400000 -0.893011 -0.407594
211.500000 -0.933771 -0.314216
211.600000 -0.965192 -0.217697
211.700000 -0.986962 -0.119001
211.800000 -0.998862 -0.019115
211.900000 -1.000773 0.080962
212.000000 -0.992677 0.180230
212.100000 -0.974654 0.277696
212.200000 -0.946885 0.372384
212.300000 -0.909646 0.463349
212.400000 -0.863311 0.549680
212.500000 -0.808343 0.630514
212.600000 -0.745292 0.705043
212.700000 -0.674788 0.772522
212.800000 -0.597535 0.832276
212.900000 -0.514308 0.883706
213.000000 -0.425937 0.926300
213.100000 -0.333307 0.959631
213.200000 -0.237344 0.983365
213.300000 -0.139008 0.997266
213.400000 -0.039281 1.001194
213.500000 0.060838 0.995110
213.600000 0.160350 0.979075
213.700000 0.258257 0.953250
213.800000 0.353582 0.917891
213.900000 0.445371 0.873354
214.000000 0.532707 0.820084
214.100000 0.614715 0.758612
214.200000 0.690576 0.689555
214.300000 0.759532 0.613601
214.400000 0.820892 0.531512
214.500000 0.874043 0.444108
214.600000 0.918454 0.352263
214.700000 0.953680 0.256895
214.800000 0.979370 0.158958
214.900000 0.995265 0.059431
215.000000 1.001208 -0.040690
215.100000 0.997139 -0.140404
215.200000 0.983099 -0.238714
215.300000 0.959228 -0.334636
215.400000 0.925764 -0.427213
215.500000 0.883043 -0.515517
215.600000 0.831491 -0.598666
215.700000 0.771624 -0.675829
215.800000 0.704042 -0.746233
215.900000 0.629418 -0.809175
216.000000 0.548501 -0.864025
216.100000 0.462098 -0.910235
216.200000 0.371075 -0.947342
216.300000 0.276341 -0.974976
216.400000 0.178843 -0.992860
216.500000 0.079557 -1.000816
216.600000 -0.020525 -0.998764
216.700000 -0.120401 -0.986724
216.800000 -0.219073 -0.964816
216.900000 -0.315555 -0.933261
217.000000 -0.408881 -0.892373
217.100000 -0.498118 -0.842561
217.200000 -0.582374 -0.784323
217.300000 -0.660807 -0.718243
217.400000 -0.732631 -0.644980
217.500000 -0.797129 -0.565267
217.600000 -0.853656 -0.479901
217.700000 -0.901646 -0.389737
217.800000 -0.940619 -0.295675
217.900000 -0.970187 -0.198656
218.000000 -0.990052 -0.099651
218.100000 -1.000017 0.000351
218.200000 -0.999982 0.100349
218.300000 -0.989947 0.199344
218.400000 -0.970013 0.296345
218.500000 -0.940379 0.390383
218.600000 -0.901340 0.480517
218.700000 -0.853289 0.565846
218.800000 -0.796704 0.645516
218.900000 -0.732152 0.718732
219.000000 -0.660279 0.784760
219.100000 -0.581803 0.842940
219.200000 -0.497509 0.892691
219.300000 -0.408240 0.933515
219.400000 -0.314889 0.965004
219.500000 -0.218388 0.986842
219.600000 -0.119704 0.998813
219.700000 -0.019823 1.000795
219.800000 0.080257 0.992769
219.900000 0.179534 0.974816
220.000000 0.277015 0.947115
220.100000 0.371727 0.909942
220.200000 0.462721 0.863670
220.300000 0.549088 0.808761
220.400000 0.629964 0.745765
220.500000 0.704541 0.675311
220.600000 0.772072 0.598103
220.700000 0.831882 0.514915
220.800000 0.883373 0.426578
220.900000 0.926031 0.333975
221.000000 0.959429 0.238032
221.100000 0.983232 0.139709
221.200000 0.997203 0.039988
221.300000 1.001202 -0.060132
221.400000 0.995188 -0.159651
221.500000 0.979223 -0.257573
221.600000 0.953466 -0.352920
221.700000 0.918174 -0.444737
221.800000 0.873700 -0.532107
221.900000 0.820490 -0.614156
222.000000 0.759074 -0.690063
222.100000 0.690068 -0.759070
222.200000 0.614161 -0.820486
222.300000 0.532112 -0.873697
222.400000 0.444742 -0.918172
222.500000 0.352925 -0.953464
222.600000 0.257579 -0.979222
222.700000 0.159657 -0.995188
222.800000 0.060138 -1.001202
222.900000 -0.039982 -0.997203
223.000000 -0.139703 -0.983233
223.100000 -0.238026 -0.959430
223.200000 -0.333969 -0.926034
223.300000 -0.426572 -0.883376
223.400000 -0.514910 -0.831885
223.500000 -0.598099 -0.772075
223.600000 -0.675306 -0.704545
223.700000 -0.745761 -0.629969
223.800000 -0.808757 -0.549093
223.900000 -0.863667 -0.462726
224.000000 -0.909939 -0.371732
224.100000 -0.947113 -0.277021
224.200000 -0.974815 -0.179540
224.300000 -0.992769 -0.080263
224.400000 -1.000795 0.019817
224.500000 -0.998813 0.119698
224.600000 -0.986843 0.218382
224.700000 -0.965005 0.314883
224.800000 -0.933517 0.408235
224.900000 -0.892694 0.497504
225.000000 -0.842943 0.581798
225.100000 -0.784763 0.660275
225.200000 -0.718736 0.732148
225.300000 -0.645521 0.796700
225.400000 -0.565851 0.853285
225.500000 -0.480522 0.901338
225.600000 -0.390389 0.940376
225.700000 -0.296351 0.970012
225.800000 -0.199350 0.989947
225.900000 -0.100355 0.999982
226.000000 -0.000357 1.000018
226.100000 0.099645 0.990053
226.200000 0.198650 0.970188
226.300000 0.295669 0.940621
226.400000 0.389731 0.901648
226.500000 0.479896 0.853659
226.600000 0.565262 0.797133
226.700000 0.644975 0.732635
226.800000 0.718239 0.660811
226.900000 0.784320 0.582379
227.000000 0.842558 0.498123
227.100000 0.892370 0.408886
227.200000 0.933259 0.315561
227.300000 0.964815 0.219079
227.400000 0.986723 0.120407
227.500000 0.998763 0.020531
227.600000 1.000816 -0.079551
227.700000 0.992861 -0.178837
227.800000 0.974977 -0.276335
227.900000 0.947344 -0.371069
228.000000 0.910237 -0.462093
228.100000 0.864028 -0.548496
228.200000 0.809178 -0.629414
228.300000 0.746237 -0.704037
228.400000 0.675833 -0.771621
228.500000 0.598671 -0.831488
228.600000 0.515522 -0.883040
228.700000 0.427218 -0.925762
228.800000 0.334642 -0.959226
228.900000 0.238719 -0.983098
229.000000 0.140410 -0.997139
229.100000 0.040696 -1.001208
229.200000 -0.059425 -0.995266
229.300000 -0.158952 -0.979371
229.400000 -0.256889 -0.953682
229.500000 -0.352257 -0.918456
229.600000 -0.444103 -0.874046
229.700000 -0.531507 -0.820895
229.800000 -0.613597 -0.759536
229.900000 -0.689550 -0.690581
230.000000 -0.758608 -0.614720
230.100000 -0.820080 -0.532712
230.200000 -0.873351 -0.445377
230.300000 -0.917889 -0.353588
230.400000 -0.953248 -0.258263
230.500000 -0.979074 -0.160355
230.600000 -0.995110 -0.060845
230.700000 -1.001194 0.039275
230.800000 -0.997267 0.139002
230.900000 -0.983366 0.237338
231.000000 -0.959633 0.333301
231.100000 -0.926303 0.425932
231.200000 -0.883709 0.514303
231.300000 -0.832279 0.597531
231.400000 -0.772526 0.674783
231.500000 -0.705048 0.745288
231.600000 -0.630519 0.808340
231.700000 -0.549685 0.863308
231.800000 -0.463354 0.909644
231.900000 -0.372390 0.946883
232.000000 -0.277701 0.974653
232.100000 -0.180236 0.992676
232.200000 -0.080969 1.000773
232.300000 0.019109 0.998862
232.400000 0.118995 0.986963
232.500000 0.217691 0.965194
232.600000 0.314211 0.933773
232.700000 0.407588 0.893014
232.800000 0.496889 0.843325
232.900000 0.581222 0.785203
233.000000 0.659742 0.719229
233.100000 0.731665 0.646062
233.200000 0.796271 0.566435
233.300000 0.852915 0.481143
233.400000 0.901029 0.391041
233.500000 0.940133 0.297027
233.600000 0.969836 0.200044
233.700000 0.989840 0.101060
233.800000 0.999946 0.001065
233.900000 1.000053 -0.098940
234.000000 0.990159 -0.197956
234.100000 0.970363 -0.294992
234.200000 0.940864 -0.389079
234.300000 0.901956 -0.479274
234.400000 0.854028 -0.564677
234.500000 0.797561 -0.644433
234.600000 0.733117 -0.717745
234.700000 0.661343 -0.783879
234.800000 0.582955 -0.842175
234.900000 0.498738 -0.892049
235.000000 0.409533 -0.933002
235.100000 0.316232 -0.964625
235.200000 0.219770 -0.986602
235.300000 0.121110 -0.998713
235.400000 0.021238 -1.000837
235.500000 -0.078845 -0.992952
235.600000 -0.178140 -0.975138
235.700000 -0.275654 -0.947573
235.800000 -0.370412 -0.910532
235.900000 -0.461465 -0.864385
236.000000 -0.547903 -0.809595
236.100000 -0.628863 -0.746709
236.200000 -0.703534 -0.676355
236.300000 -0.771169 -0.599238
236.400000 -0.831093 -0.516129
236.500000 -0.882706 -0.427858
236.600000 -0.925492 -0.335309
236.700000 -0.959023 -0.239407
236.800000 -0.982963 -0.141111
236.900000 -0.997075 -0.041403
237.000000 -1.001215 0.058718
237.100000 -0.995343 0.158253
237.200000 -0.979518 0.256204
237.300000 -0.953897 0.351594
237.400000 -0.918738 0.443468
237.500000 -0.874391 0.530907
237.600000 -0.821300 0.613037
237.700000 -0.759997 0.689037
237.800000 -0.691093 0.758146
237.900000 -0.615278 0.819674
238.000000 -0.533311 0.873005
238.100000 -0.446011 0.917606
238.200000 -0.354250 0.953031
238.300000 -0.258947 0.978926
238.400000 -0.161054 0.995031
238.500000 -0.061551 1.001186
238.600000 0.038567 0.997329
238.700000 0.138300 0.983499
238.800000 0.236650 0.959834
238.900000 0.332634 0.926571
239.000000 0.425291 0.884042
239.100000 0.513695 0.832672
239.200000 0.596962 0.772976
239.300000 0.674260 0.705550
239.400000 0.744815 0.631069
239.500000 0.807922 0.550277
239.600000 0.862949 0.463982
239.700000 0.909348 0.373047
239.800000 0.946652 0.278382
239.900000 0.974490 0.180933
240.000000 0.992584 0.081674
240.100000 1.000751 -0.018401
240.200000 0.998911 -0.118292
240.300000 0.987082 -0.217000
240.400000 0.965382 -0.313538
240.500000 0.934028 -0.406941
240.600000 0.893334 -0.496275
240.700000 0.843706 -0.580645
240.800000 0.785642 -0.659209
240.900000 0.719721 -0.731182
241.000000 0.646603 -0.795842
241.100000 0.567019 -0.852544
241.200000 0.481764 -0.900720
241.300000 0.391692 -0.939889
241.400000 0.297703 -0.969660
241.500000 0.200737 -0.989733
241.600000 0.101764 -0.999910
241.700000 0.001773 -1.000087
241.800000 -0.098236 -0.990264
241.900000 -0.197262 -0.970537
242.000000 -0.294316 -0.941106
242.100000 -0.388426 -0.902263
242.200000 -0.478653 -0.854398
242.300000 -0.564092 -0.797989
242.400000 -0.643891 -0.733599
242.500000 -0.717251 -0.661874
242.600000 -0.783439 -0.583530
242.700000 -0.841792 -0.499351
242.800000 -0.891727 -0.410179
242.900000 -0.932745 -0.316904
243.000000 -0.964435 -0.220461
243.100000 -0.986481 -0.121813
243.200000 -0.998662 -0.021946
243.300000 -1.000857 0.078139
243.400000 -0.993043 0.177444
243.500000 -0.975299 0.274974
243.600000 -0.947801 0.369754
243.700000 -0.910826 0.460836
243.800000 -0.864742 0.547311
243.900000 -0.810011 0.628312
244.000000 -0.747180 0.703030
244.100000 -0.676877 0.770717
244.200000 -0.599805 0.830698
244.300000 -0.516736 0.882372
244.400000 -0.428498 0.925221
244.500000 -0.335976 0.958819
244.600000 -0.240094 0.982828
244.700000 -0.141812 0.997010
244.800000 -0.042111 1.001221
244.900000 0.058011 0.995420
245.000000 0.157553 0.979664
245.100000 0.255520 0.954112
245.200000 0.350931 0.919019
245.300000 0.442833 0.874736
245.400000 0.530307 0.821705
245.500000 0.612477 0.760457
245.600000 0.688523 0.691605
245.700000 0.757683 0.615837
245.800000 0.819267 0.533910
245.900000 0.872658 0.446644
246.000000 0.917322 0.354912
246.100000 0.952814 0.259631
246.200000 0.978777 0.161753
246.300000 0.994952 0.062258
246.400000 1.001178 -0.037860
246.500000 0.997392 -0.137599
246.600000 0.983632 -0.235962
246.700000 0.960036 -0.331966
246.800000 0.926839 -0.424650
246.900000 0.884374 -0.513087
247.000000 0.833065 -0.596394
247.100000 0.773426 -0.673736
247.200000 0.706052 -0.744342
247.300000 0.631618 -0.807503
247.400000 0.550868 -0.862590
247.500000 0.464609 -0.909051
247.600000 0.373704 -0.946421
247.700000 0.279062 -0.974328
247.800000 0.181629 -0.992491
247.900000 0.082380 -1.000729
248.000000 -0.017693 -0.998959
248.100000 -0.117589 -0.987200
248.200000 -0.216309 -0.965569
248.300000 -0.312866 -0.934283
248.400000 -0.406294 -0.893653
248.500000 -0.495660 -0.844087
248.600000 -0.580068 -0.786081
248.700000 -0.658676 -0.720213
248.800000 -0.730698 -0.647143
248.900000 -0.795412 -0.567602
249.000000 -0.852172 -0.482385
249.100000 -0.900411 -0.392344
249.200000 -0.939645 -0.298379
249.300000 -0.969483 -0.201431
249.400000 -0.989626 -0.102468
249.500000 -0.999873 -0.002481
249.600000 -1.000121 0.097531
249.700000 -0.990368 0.196568
249.800000 -0.970711 0.293639
249.900000 -0.941347 0.387774
250.000000 -0.902570 0.478031
250.100000 -0.854767 0.563507
250.200000 -0.798416 0.643349
250.300000 -0.734081 0.716757
250.400000 -0.662405 0.782998
250.500000 -0.584106 0.841408
250.600000 -0.499965 0.891405
250.700000 -0.410824 0.932487
250.800000 -0.317576 0.964245
250.900000 -0.221151 0.986360
251.000000 -0.122515 0.998611
251.100000 -0.022654 1.000877
251.200000 0.077434 0.993133
251.300000 0.176747 0.975459
251.400000 0.274293 0.948029
251.500000 0.369096 0.911120
251.600000 0.460208 0.865099
251.700000 0.546718 0.810427
251.800000 0.627760 0.747651
251.900000 0.702525 0.677399
252.000000 0.770265 0.600372
252.100000 0.830303 0.517342
252.200000 0.882037 0.429138
252.300000 0.924951 0.336643
252.400000 0.958615 0.240782
252.500000 0.982693 0.142512
252.600000 0.996944 0.042818
252.700000 1.001226 -0.057305
252.800000 0.995496 -0.156854
252.900000 0.979810 -0.254835
253.000000 0.954327 -0.350268
253.100000 0.919300 -0.442198
253.200000 0.875080 -0.529706
253.300000 0.822110 -0.611917
253.400000 0.760918 -0.688009
253.500000 0.692117 -0.757220
253.600000 0.616395 -0.818860
253.700000 0.534509 -0.872311
253.800000 0.447278 -0.917038
253.900000 0.355574 -0.952596
254.000000 0.260314 -0.978627
254.100000 0.162452 -0.994873
254.200000 0.062964 -1.001169
254.300000 -0.037152 -0.997454
254.400000 -0.136898 -0.983764
254.500000 -0.235274 -0.960237
254.600000 -0.331298 -0.927107
254.700000 -0.424009 -0.884706
254.800000 -0.512479 -0.833458
254.900000 -0.595825 -0.773875
255.000000 -0.673212 -0.706554
255.100000 -0.743868 -0.632167
255.200000 -0.807085 -0.551459
255.300000 -0.862231 -0.465236
255.400000 -0.908754 -0.374361
255.500000 -0.946190 -0.279741
255.600000 -0.974164 -0.182325
255.700000 -0.992397 -0.083085
255.800000 -1.000705 0.016985
255.900000 -0.999007 0.116886
256.000000 -0.987318 0.215618
256.100000 -0.965756 0.312193
256.200000 -0.934537 0.405647
256.300000 -0.893972 0.495044
256.400000 -0.844468 0.579491
256.500000 -0.786519 0.658143
256.600000 -0.720705 0.730213
256.700000 -0.647683 0.794982
256.800000 -0.568185 0.851800
256.900000 -0.483005 0.900101
257.000000 -0.392995 0.939400
257.100000 -0.299055 0.969306
257.200000 -0.202124 0.989518
257.300000 -0.103173 0.999835
257.400000 -0.003189 1.000154
257.500000 0.096826 0.990472
257.600000 0.195874 0.970884
257.700000 0.292962 0.941588
257.800000 0.387121 0.902876
257.900000 0.477408 0.855135
258.000000 0.562922 0.798843
258.100000 0.642806 0.734562
258.200000 0.716263 0.662936
258.300000 0.782556 0.584681
258.400000 0.841024 0.500578
258.500000 0.891082 0.411470
258.600000 0.932229 0.318247
258.700000 0.964054 0.221842
258.800000 0.986238 0.123218
258.900000 0.998560 0.023362
259.000000 1.000896 -0.076728
259.100000 0.993223 -0.176050
259.200000 0.975618 -0.273612
259.300000 0.948257 -0.368437
259.400000 0.911413 -0.459579
259.500000 0.865455 -0.546124
259.600000 0.810843 -0.627209
259.700000 0.748122 -0.702021
259.800000 0.677920 -0.769813
259.900000 0.600939 -0.829907
260.000000 0.517948 -0.881701
260.100000 0.429778 -0.924679
260.200000 0.337310 -0.958410
260.300000 0.241469 -0.982557
260.400000 0.143213 -0.996878
260.500000 0.043525 -1.001231
260.600000 -0.056598 -0.995571
260.700000 -0.156155 -0.979956
260.800000 -0.254150 -0.954541
260.900000 -0.349605 -0.919580
261.000000 -0.441563 -0.875424
261.100000 -0.529105 -0.822513
261.200000 -0.611356 -0.761378
261.300000 -0.687494 -0.692628
261.400000 -0.756757 -0.616953
261.500000 -0.818452 -0.535107
261.600000 -0.871963 -0.447911
261.700000 -0.916754 -0.356236
261.800000 -0.952378 -0.260998
261.900000 -0.978477 -0.163150
262.000000 -0.994792 -0.063671
262.100000 -1.001160 0.036445
262.200000 -0.997515 0.136196
262.300000 -0.983895 0.234586
262.400000 -0.960437 0.330630
262.500000 -0.927374 0.423367
262.600000 -0.885037 0.511871
262.700000 -0.833850 0.595256
262.800000 -0.774325 0.672688
262.900000 -0.707056 0.743394
263.000000 -0.632716 0.806665
263.100000 -0.552050 0.861870
263.200000 -0.465863 0.908457
263.300000 -0.375017 0.945958
263.400000 -0.280421 0.974000
263.500000 -0.183021 0.992303
263.600000 -0.083791 1.000682
263.700000 0.016277 0.999054
263.800000 0.116183 0.987436
263.900000 0.214926 0.965943
264.000000 0.311521 0.934791
264.100000 0.405000 0.894291
264.200000 0.494429 0.844848
264.300000 0.578914 0.786957
264.400000 0.657609 0.721196
264.500000 0.729729 0.648223
264.600000 0.794551 0.568768
264.700000 0.851428 0.483625
264.800000 0.899790 0.393646
264.900000 0.939155 0.299731
265.000000 0.969128 0.202818
265.100000 0.989410 0.103877
265.200000 0.999798 0.003897
265.300000 1.000187 -0.096122
265.400000 0.990575 -0.195179
265.500000 0.971057 -0.292285
265.600000 0.941829 -0.386468
265.700000 0.903182 -0.476786
265.800000 0.855503 -0.562336
265.900000 0.799270 -0.642263
266.000000 0.735043 -0.715768
266.100000 0.663467 -0.782114
266.200000 0.585255 -0.840640
266.300000 0.501191 -0.890759
266.400000 0.412115 -0.931970
266.500000 0.318918 -0.963862
266.600000 0.222532 -0.986115
266.700000 0.123920 -0.998508
266.800000 0.024070 -1.000914
266.900000 -0.076022 -0.993312
267.000000 -0.175353 -0.975777
267.100000 -0.272931 -0.948484
267.200000 -0.367779 -0.911706
267.300000 -0.458950 -0.865811
267.400000 -0.545531 -0.811258
267.500000 -0.626657 -0.748592
267.600000 -0.701516 -0.678441
267.700000 -0.769360 -0.601505
267.800000 -0.829510 -0.518554
267.900000 -0.881366 -0.430417
268.000000 -0.924407 -0.337976
268.100000 -0.958205 -0.242156
268.200000 -0.982421 -0.143914
268.300000 -0.996812 -0.044233
268.400000 -1.001235 0.055891
268.500000 -0.995646 0.155456
268.600000 -0.980101 0.253466
268.700000 -0.954754 0.348941
268.800000 -0.919860 0.440927
268.900000 -0.875767 0.528504
269.000000 -0.822917 0.610795
269.100000 -0.761837 0.686979
269.200000 -0.693139 0.756293
269.300000 -0.617510 0.818044
269.400000 -0.535706 0.871615
269.500000 -0.448544 0.916469
269.600000 -0.356897 0.952159
269.700000 -0.261681 0.978327
269.800000 -0.163849 0.994712
269.900000 -0.064378 1.001150
270.000000 0.035737 0.997576
270.100000 0.135495 0.984026
270.200000 0.233898 0.960637
270.300000 0.329961 0.927641
270.400000 0.422725 0.885368
270.500000 0.511262 0.834242
270.600000 0.594686 0.774773
270.700000 0.672164 0.707557
270.800000 0.742919 0.633265
270.900000 0.806246 0.552640
271.000000 0.861510 0.466489
271.100000 0.908159 0.375673
271.200000 0.945726 0.281101
271.300000 0.973836 0.183717
271.400000 0.992208 0.084496
271.500000 1.000658 -0.015569
271.600000 0.999101 -0.115479
271.700000 0.987553 -0.214235
271.800000 0.966129 -0.310848
271.900000 0.935044 -0.404352
272.000000 0.894609 -0.493813
272.100000 0.845228 -0.578336
272.200000 0.787394 -0.657075
272.300000 0.721687 -0.729244
272.400000 0.648762 -0.794120
272.500000 0.569350 -0.851055
272.600000 0.484245 -0.899480
272.700000 0.394297 -0.938909
272.800000 0.300406 -0.968950
272.900000 0.203511 -0.989301
273.000000 0.104581 -0.999759
273.100000 0.004605 -1.000220
273.200000 -0.095417 -0.990678
273.300000 -0.194485 -0.971230
273.400000 -0.291608 -0.942069
273.500000 -0.385815 -0.903487
273.600000 -0.476163 -0.855871
273.700000 -0.561750 -0.799696
273.800000 -0.641720 -0.735524
273.900000 -0.715272 -0.663997
274.000000 -0.781672 -0.585829
274.100000 -0.840255 -0.501804
274.200000 -0.890435 -0.412760
274.300000 -0.931711 -0.319589
274.400000 -0.963670 -0.223222
274.500000 -0.985993 -0.124623
274.600000 -0.998455 -0.024778
274.700000 -1.000933 0.075316
274.800000 -0.993401 0.174656
274.900000 -0.975935 0.272249
275.000000 -0.948711 0.367120
275.100000 -0.911998 0.458320
275.200000 -0.866166 0.544937
275.300000 -0.811673 0.626104
275.400000 -0.749062 0.701010
275.500000 -0.678961 0.768907
275.600000 -0.602071 0.829114
275.700000 -0.519159 0.881030
275.800000 -0.431056 0.924135
275.900000 -0.338643 0.957999
276.000000 -0.242843 0.982284
276.100000 -0.144614 0.996745
276.200000 -0.044940 1.001239
276.300000 0.055184 0.995721
276.400000 0.154756 0.980245
276.500000 0.252781 0.954967
276.600000 0.348277 0.920139
276.700000 0.440291 0.876110
276.800000 0.527902 0.823320
276.900000 0.610234 0.762297
277.000000 0.686464 0.693650
277.100000 0.755829 0.618067
277.200000 0.817636 0.536304
277.300000 0.871266 0.449177
277.400000 0.916184 0.357559
277.500000 0.951940 0.262365
277.600000 0.978176 0.164547
277.700000 0.994631 0.065084
277.800000 1.001139 -0.035030
277.900000 0.997636 -0.134793
278.000000 0.984157 -0.233209
278.100000 0.960836 -0.329293
278.200000 0.927907 -0.422083
278.300000 0.885698 -0.510653
278.400000 0.834633 -0.594117
278.500000 0.775221 -0.671639
278.600000 0.708058 -0.742444
278.700000 0.633813 -0.805826
278.800000 0.553231 -0.861149
278.900000 0.467116 -0.907860
279.000000 0.376330 -0.945493
279.100000 0.281780 -0.973671
279.200000 0.184413 -0.992113
279.300000 0.085202 -1.000633
279.400000 -0.014861 -0.999147
279.500000 -0.114776 -0.987669
279.600000 -0.213543 -0.966315
279.700000 -0.310174 -0.935297
279.800000 -0.403704 -0.894927
279.900000 -0.493197 -0.845607
280.000000 -0.577758 -0.787832
280.100000 -0.656541 -0.722177
280.200000 -0.728759 -0.649302
280.300000 -0.793689 -0.569933
280.400000 -0.850682 -0.484865
280.500000 -0.899168 -0.394948
280.600000 -0.938663 -0.301081
280.700000 -0.968771 -0.204204
280.800000 -0.989192 -0.105285
280.900000 -0.999720 -0.005313
281.000000 -1.000252 0.094712
281.100000 -0.990780 0.193790
281.200000 -0.971401 0.290930
281.300000 -0.942308 0.385161
281.400000 -0.903792 0.475540
281.500000 -0.856238 0.561164
281.600000 -0.800122 0.641176
281.700000 -0.736004 0.714777
281.800000 -0.664526 0.781229
281.900000 -0.586403 0.839870
282.000000 -0.502417 0.890111
282.100000 -0.413405 0.931452
282.200000 -0.320260 0.963478
282.300000 -0.223912 0.985869
282.400000 -0.125325 0.998402
282.500000 -0.025485 1.000950
282.600000 0.074610 0.993489
282.700000 0.173959 0.976093
282.800000 0.271568 0.948937
282.900000 0.366462 0.912290
283.000000 0.457691 0.866521
283.100000 0.544343 0.812087
283.200000 0.625552 0.749532
283.300000 0.700505 0.679481
283.400000 0.768453 0.602636
283.500000 0.828717 0.519765
283.600000 0.880693 0.431695
283.700000 0.923863 0.339309
283.800000 0.957793 0.243530
283.900000 0.982146 0.145315
284.000000 0.996678 0.045647
284.100000 1.001243 -0.054477
284.200000 0.995795 -0.154057
284.300000 0.980389 -0.252095
284.400000 0.955180 -0.347613
284.500000 0.920418 -0.439655
284.600000 0.876453 -0.527301
284.700000 0.823723 -0.609673
284.800000 0.762755 -0.685948
284.900000 0.694161 -0.755364
285.000000 0.618624 -0.817227
285.100000 0.536902 -0.870917
285.200000 0.449810 -0.915898
285.300000 0.358220 -0.951720
285.400000 0.263048 -0.978025
285.500000 0.165246 -0.994549
285.600000 0.065791 -1.001128
285.700000 -0.034322 -0.997696
285.800000 -0.134092 -0.984287
285.900000 -0.232521 -0.961035
286.000000 -0.328624 -0.928173
286.100000 -0.421441 -0.886028
286.200000 -0.510044 -0.835024
286.300000 -0.593547 -0.775669
286.400000 -0.671113 -0.708558
286.500000 -0.741969 -0.634361
286.600000 -0.805405 -0.553821
286.700000 -0.860787 -0.467742
286.800000 -0.907562 -0.376986
286.900000 -0.945260 -0.282460
287.000000 -0.973506 -0.185109
287.100000 -0.992017 -0.085907
287.200000 -1.000608 0.014153
287.300000 -0.999192 0.114073
287.400000 -0.987785 0.212851
287.500000 -0.966500 0.309501
287.600000 -0.935550 0.403056
287.700000 -0.895244 0.492581
287.800000 -0.845986 0.577179
287.900000 -0.788268 0.656006
288.000000 -0.722668 0.728273
288.100000 -0.649840 0.793257
288.200000 -0.570515 0.850308
288.300000 -0.485484 0.898857
288.400000 -0.395598 0.938417
288.500000 -0.301757 0.968592
288.600000 -0.204897 0.989082
288.700000 -0.105989 0.999681
288.800000 -0.006021 1.000283
288.900000 0.094007 0.990882
289.000000 0.193096 0.971573
289.100000 0.290253 0.942547
289.200000 0.384508 0.904097
289.300000 0.474917 0.856605
289.400000 0.560578 0.800547
289.500000 0.640632 0.736484
289.600000 0.714281 0.665056
289.700000 0.780786 0.586977
289.800000 0.839484 0.503029
289.900000 0.889787 0.414050
290.000000 0.931192 0.320931
290.100000 0.963285 0.224602
290.200000 0.985745 0.126028
290.300000 0.998348 0.026193
290.400000 1.000967 -0.073904
290.500000 0.993577 -0.173261
290.600000 0.976251 -0.270886
290.700000 0.949162 -0.365803
290.800000 0.912582 -0.457061
290.900000 0.866876 -0.543749
291.000000 0.812501 -0.624999
291.100000 0.750001 -0.699999
291.200000 0.680001 -0.767999
291.300000 0.603201 -0.828319
291.400000 0.520370 -0.880356
291.500000 0.432334 -0.923589
291.600000 0.339975 -0.957587
291.700000 0.244216 -0.982008
291.800000 0.146015 -0.996610
291.900000 0.046354 -1.001245
292.000000 -0.053770 -0.995868
292.100000 -0.153357 -0.980533
292.200000 -0.251410 -0.955392
292.300000 -0.346949 -0.920697
292.400000 -0.439019 -0.876795
292.500000 -0.526699 -0.824125
292.600000 -0.609111 -0.763214
292.700000 -0.685432 -0.694671
292.800000 -0.754900 -0.619181
292.900000 -0.816818 -0.537499
293.000000 -0.870567 -0.450442
293.100000 -0.915612 -0.358881
293.200000 -0.951500 -0.263731
293.300000 -0.977873 -0.165944
293.400000 -0.994467 -0.066497
293.500000 -1.001117 0.033615
293.600000 -0.997756 0.133390
293.700000 -0.984417 0.231832
293.800000 -0.961233 0.327955
293.900000 -0.928438 0.420799
294.000000 -0.886358 0.509435
294.100000 -0.835414 0.592976
294.200000 -0.776117 0.670588
294.300000 -0.709058 0.741494
294.400000 -0.634909 0.804985
294.500000 -0.554410 0.860426
294.600000 -0.468368 0.907262
294.700000 -0.377641 0.945026
294.800000 -0.283139 0.973340
294.900000 -0.185805 0.991921
295.000000 -0.086613 1.000582
295.100000 0.013446 0.999238
295.200000 0.113369 0.987901
295.300000 0.212159 0.966685
295.400000 0.308828 0.935802
295.500000 0.402408 0.895561
295.600000 0.491964 0.846365
295.700000 0.576601 0.788705
295.800000 0.655471 0.723158
295.900000 0.727787 0.650379
296.000000 0.792825 0.571096
296.100000 0.849934 0.486103
296.200000 0.898545 0.396248
296.300000 0.938169 0.302432
296.400000 0.968413 0.205590
296.500000 0.988972 0.106693
296.600000 0.999641 0.006729
296.700000 1.000314 -0.093302
296.800000 0.990984 -0.192401
296.900000 0.971744 -0.289575
297.000000 0.942786 -0.383854
297.100000 0.904401 -0.474294
297.200000 0.856971 -0.559991
297.300000 0.800972 -0.640088
297.400000 0.736963 -0.713784
297.500000 0.665585 -0.780343
297.600000 0.587551 -0.839098
297.700000 0.503641 -0.889462
297.800000 0.414695 -0.930932
297.900000 0.321601 -0.963092
298.000000 0.225292 -0.985621
298.100000 0.126730 -0.998294
298.200000 0.026901 -1.000984
298.300000 -0.073198 -0.993664
298.400000 -0.172564 -0.976408
298.500000 -0.270205 -0.949387
298.600000 -0.365144 -0.912873
298.700000 -0.456431 -0.867230
298.800000 -0.543154 -0.812915
298.900000 -0.624445 -0.750470
299.000000 -0.699492 -0.680521
299.100000 -0.767544 -0.603766
299.200000 -0.827921 -0.520974
299.300000 -0.880018 -0.432972
299.400000 -0.923316 -0.340641
299.500000 -0.957380 -0.244903
299.600000 -0.981870 -0.146716
299.700000 -0.996542 -0.047062
299.800000 -1.001248 0.053063
299.900000 -0.995942 0.152657
