0.05 0.05 1 
0.1 0.1 0.9975010415 
0.15 0.1498750521 0.9925093707 
0.2 0.1995005206 0.9850436414 
0.25 0.2487527027 0.9751346522 
0.3 0.2975094353 0.96282489 
0.35 0.3456506798 0.9481678917 
0.4 0.3930590744 0.9312274445 
0.45 0.4396204466 0.9120766446 
0.5 0.4852242788 0.890796843 
0.55 0.529764121 0.8674765049 
0.6 0.5731379462 0.8422100144 
0.65 0.6152484469 0.8150964531 
0.7 0.6560032696 0.7862383816 
0.75 0.6953151887 0.7557406527 
0.8 0.7331022213 0.7237092782 
0.85 0.7692876852 0.6902503723 
0.9 0.8038002038 0.6554691881 
0.95 0.8365736633 0.6194692615 
1 0.8675471263 0.5823516715 
1.05 0.8966647099 0.5442144234 
1.1 0.9238754311 0.5051519581 
1.15 0.949133029 0.4652547854 
1.2 0.9723957682 0.4246092405 
1.25 0.9936262303 0.383297357 
1.3 1.012791098 0.3413968493 
1.35 1.029860941 0.2989811983 
1.4 1.044810001 0.2561198288 
1.45 1.057615992 0.2128783707 
1.5 1.06825991 0.1693189943 
1.55 1.07672586 0.1255008084 
1.6 1.083000901 0.08148031402 
1.65 1.087074916 0.03731190186 
1.7 1.088940511 -0.006951613889 
1.75 1.088592931 -0.05125843484 
1.8 1.086030009 -0.09555719924 
1.85 1.081252149 -0.1397963927 
1.9 1.074262329 -0.1839237571 
1.95 1.065066142 -0.227885706 
2 1.053671856 -0.2716267546 
2.05 1.040090518 -0.3150889738 
2.1 1.02433607 -0.3582114761 
2.15 1.006425496 -0.4009299439 
2.2 0.9863789988 -0.4431762089 
2.25 0.9642201884 -0.4848778937 
2.3 0.9399762937 -0.5259581251 
2.35 0.9136783874 -0.566335331 
2.4 0.8853616209 -0.6059231304 
2.45 0.8550654643 -0.6446303278 
2.5 0.822833948 -0.6823610215 
2.55 0.7887158969 -0.719014835 
2.6 0.7527651551 -0.7544872788 
2.65 0.7150407912 -0.7886702481 
2.7 0.6756072788 -0.8214526589 
2.75 0.6345346458 -0.8527212243 
2.8 0.5918985846 -0.8823613647 
2.85 0.5477805164 -0.9102582462 
2.9 0.5022676041 -0.9362979351 
2.95 0.4554527073 -0.9603686508 
3 0.4074342748 -0.9823620968 
3.05 0.3583161699 -1.002174844 
3.1 0.3082074278 -1.019709736 
3.15 0.257221941 -1.034877287 
3.2 0.2054780766 -1.047597031 
3.25 0.1530982251 -1.057798791 
3.3 0.1002082856 -1.065423833 
3.35 0.0469370939 -1.070425866 
3.4 -0.006584199402 -1.072771859 
3.45 -0.06022279236 -1.072442651 
3.5 -0.1138449249 -1.069433332 
3.55 -0.1673165915 -1.063753373 
3.6 -0.2205042602 -1.055426523 
3.65 -0.2732755863 -1.044490437 
3.7 -0.3255001082 -1.030996092 
3.75 -0.3770499128 -1.015006958 
3.8 -0.4278002607 -0.9965979971 
3.85 -0.4776301605 -0.9758544817 
3.9 -0.5264228846 -0.9528706895 
3.95 -0.5740664191 -0.9277485018 
4 -0.6204538442 -0.9005959468 
4.05 -0.6654836415 -0.8715257231 
4.1 -0.7090599277 -0.8406537408 
4.15 -0.7510926147 -0.8080977124 
4.2 -0.7914975003 -0.773975822 
4.25 -0.8301962914 -0.7384054978 
4.3 -0.8671165663 -0.7015023064 
4.35 -0.9021916816 -0.663378984 
4.4 -0.9353606308 -0.6241446141 
4.45 -0.9665678615 -0.5839039553 
4.5 -0.9957630593 -0.5427569217 
4.55 -1.022900905 -0.5007982112 
4.6 -1.047940816 -0.4581170777 
4.65 -1.07084667 -0.4147972379 
4.7 -1.091586532 -0.370916903 
4.75 -1.110132377 -0.3265489257 
4.8 -1.126459823 -0.2817610487 
4.85 -1.140547876 -0.236616245 
4.9 -1.152378688 -0.1911731375 
4.95 -1.161937345 -0.1454864865 
5 -1.169211669 -0.09960773417 
5.05 -1.174192056 -0.05358559702 
5.1 -1.176871336 -0.007466695006 
5.15 -1.17724467 0.03870379015 
5.2 -1.175309481 0.08488143668 
5.25 -1.171065409 0.1310218923 
5.3 -1.164514314 0.1770801796 
5.35 -1.155660305 0.2230100049 
5.4 -1.144509805 0.2687630784 
5.45 -1.131071651 0.3142884543 
5.5 -1.115357229 0.3595318994 
5.55 -1.097380634 0.4044352981 
5.6 -1.077158869 0.4489361066 
5.65 -1.054712063 0.4929668637 
5.7 -1.03006372 0.5364547724 
5.75 -1.003240982 0.579321362 
5.8 -0.9742749134 0.6214822456 
5.85 -0.9432008012 0.6628469844 
5.9 -0.910058452 0.7033190721 
5.95 -0.8748924983 0.7427960527 
6 -0.8377526957 0.7811697822 
6.05 -0.7986942066 0.8183268447 
6.1 -0.7577778644 0.8541491309 
6.15 -0.7150704078 0.888514584 
6.2 -0.6706446786 0.9212981129 
6.25 -0.624579773 0.9523726715 
6.3 -0.5769611394 0.9816104931 
6.35 -0.5278806147 1.008884469 
6.4 -0.4774363913 1.034069648 
6.45 -0.4257329089 1.057044836 
6.5 -0.3728806671 1.077694255 
6.55 -0.3189959543 1.095909238 
6.6 -0.2642004925 1.111589904 
6.65 -0.2086209973 1.124646783 
6.7 -0.1523886581 1.135002333 
6.75 -0.09563854147 1.14259231 
6.8 -0.03850892598 1.14736695 
6.85 0.01885942155 1.149291921 
6.9 0.07632401759 1.148349006 
6.95 0.1337414679 1.144536509 
7 0.1909682933 1.137869353 
7.05 0.247861761 1.128378869 
7.1 0.3042807044 1.116112288 
7.15 0.3600863188 1.101131938 
7.2 0.4151429157 1.083514187 
7.25 0.469318625 1.063348151 
7.3 0.5224860326 1.040734217 
7.35 0.5745227434 1.015782415 
7.4 0.6253118642 0.9886107045 
7.45 0.6747423994 0.9593431967 
7.5 0.7227095592 0.9281083875 
7.55 0.7691149786 0.8950374219 
7.6 0.8138668497 0.8602624419 
7.65 0.8568799718 0.8239150449 
7.7 0.898075724 0.7861248822 
7.75 0.9373819681 0.7470184167 
7.8 0.974732889 0.7067178541 
7.85 1.010068782 0.6653402559 
7.9 1.043335794 0.6229968347 
7.95 1.074485636 0.579792431 
8 1.103475258 0.5358251643 
8.05 1.130266516 0.4911862474 
8.1 1.154825828 0.4459599539 
8.15 1.177123826 0.4002237242 
8.2 1.197135012 0.354048395 
8.25 1.214837432 0.3074985394 
8.3 1.230212359 0.2606329017 
8.35 1.243244004 0.2135049137 
8.4 1.25391925 0.1661632807 
8.45 1.262227414 0.1186526229 
8.5 1.268160045 0.07101416491 
8.55 1.271710753 0.02328646013 
8.6 1.272875076 -0.02449385593 
8.65 1.271650383 -0.07229129278 
8.7 1.268035819 -0.1200707194 
8.75 1.262032283 -0.1677965726 
8.8 1.253642454 -0.2154320666 
8.85 1.242870851 -0.2629384101 
8.9 1.22972393 -0.3102740372 
8.95 1.214210228 -0.3573938619 
9 1.196340535 -0.4042485617 
9.05 1.176128107 -0.4507839024 
9.1 1.153588912 -0.4969401116 
9.15 1.128741907 -0.5426513158 
9.2 1.101609341 -0.5878450506 
9.25 1.072217088 -0.6324418605 
9.3 1.040594995 -0.6763550017 
9.35 1.006777245 -0.7194902654 
9.4 0.9708027319 -0.761745935 
9.45 0.9327154351 -0.8030128966 
9.5 0.8925647903 -0.8431749148 
9.55 0.8504060446 -0.8821090897 
9.6 0.8063005901 -0.919686506 
9.65 0.7603162648 -0.9557730804 
9.7 0.7125276107 -0.9902306129 
9.75 0.6630160801 -1.022918039 
9.8 0.6118701781 -1.053692876 
9.85 0.5591855343 -1.082412844 
9.9 0.5050648921 -1.108937642 
9.95 0.44961801 -1.133130853 
10 0.3929614674 -1.15486193 
10.05 0.3352183709 -1.174008222 
10.1 0.2765179598 -1.190456992 
10.15 0.2169951102 -1.204107369 
10.2 0.1567897417 -1.214872178 
10.25 0.09604613285 -1.222679585 
10.3 0.03491215361 -1.227474511 
10.35 -0.02646157195 -1.229219764 
10.4 -0.08792256017 -1.22789684 
10.45 -0.1493174022 -1.223506374 
10.5 -0.2104927209 -1.216068216 
10.55 -0.2712961317 -1.205621127 
10.6 -0.331577188 -1.192222108 
10.65 -0.3911882934 -1.175945372 
10.7 -0.449985562 -1.156881012 
10.75 -0.5078296126 -1.135133385 
10.8 -0.5645862819 -1.11081929 
10.85 -0.6201272464 -1.084065972 
10.9 -0.674330545 -1.055009036 
10.95 -0.7270809968 -1.02379031 
11 -0.7782705123 -0.9905557285 
11.05 -0.8277982987 -0.9554532859 
11.1 -0.875570963 -0.9186311005 
11.15 -0.9215025181 -0.8802356324 
11.2 -0.9655142997 -0.8404100835 
11.25 -1.007534804 -0.7992930006 
11.3 -1.047499454 -0.757017094 
11.35 -1.085350309 -0.7137082782 
11.4 -1.121035722 -0.669484932 
11.45 -1.154509969 -0.6244573717 
11.5 -1.185732838 -0.5787275259 
11.55 -1.214669214 -0.5323887965 
11.6 -1.241288654 -0.4855260906 
11.65 -1.265564958 -0.4382160024 
11.7 -1.287475758 -0.3905271299 
11.75 -1.307002115 -0.3425205057 
11.8 -1.32412814 -0.2942501254 
11.85 -1.338840646 -0.2457635581 
11.9 -1.351128824 -0.197102624 
11.95 -1.360983956 -0.1483041262 
12 -1.368399162 -0.09940062566 
12.05 -1.373369193 -0.0504212497 
12.1 -1.375890256 -0.001392525548 
12.15 -1.375959882 0.04766076773 
12.2 -1.373576844 0.09671473512 
12.25 -1.368741107 0.1457454947 
12.3 -1.361453832 0.1947283047 
12.35 -1.351717417 0.243636693 
12.4 -1.339535582 0.2924415952 
12.45 -1.324913502 0.3411105052 
12.5 -1.307857977 0.3896066458 
12.55 -1.288377645 0.4378881666 
12.6 -1.266483237 0.4859073772 
12.65 -1.242187868 0.5336100273 
12.7 -1.215507366 0.5809346446 
12.75 -1.186460634 0.6278119451 
12.8 -1.155070037 0.6741643308 
12.85 -1.12136182 0.7199054931 
12.9 -1.085366546 0.7649401396 
12.95 -1.047119539 0.8091638645 
13 -1.006661345 0.8524631843 
13.05 -0.9640381862 0.8947157557 
13.1 -0.9193023984 0.9357907989 
13.15 -0.8725128585 0.9755497392 
13.2 -0.8237353715 1.013847083 
13.25 -0.7730430174 1.050531537 
13.3 -0.7205164405 1.085447368 
13.35 -0.6662440721 1.11843601 
13.4 -0.6103222716 1.149337892 
13.45 -0.552855377 1.177994471 
13.5 -0.4939556534 1.20425044 
13.55 -0.4337431314 1.22795606 
13.6 -0.3723453284 1.248969573 
13.65 -0.3098968498 1.267159625 
13.7 -0.2465388685 1.282407645 
13.75 -0.1824184863 1.294610093 
13.8 -0.1176879816 1.303680516 
13.85 -0.05250395586 1.309551341 
13.9 0.01297361116 1.312175332 
13.95 0.07858237778 1.31152667 
14 0.1441587113 1.307601594 
14.05 0.209538791 1.300418598 
14.1 0.2745597209 1.290018158 
14.15 0.3390606287 1.276461999 
14.2 0.4028837287 1.259831932 
14.25 0.4658753253 1.240228291 
14.3 0.5278867398 1.21776804 
14.35 0.5887751418 1.192582596 
14.4 0.6484042717 1.164815455 
14.45 0.7066450444 1.13461969 
14.5 0.763376029 1.102155398 
14.55 0.8184837989 1.067587169 
14.6 0.8718631574 1.031081639 
14.65 0.9234172393 0.992805188 
14.7 0.9730574987 0.9529218278 
14.75 1.02070359 0.9115913149 
14.8 1.066283156 0.8689675126 
14.85 1.109731531 0.8251970175 
14.9 1.150991382 0.7804180537 
14.95 1.190012285 0.7347596308 
15 1.226750267 0.6883409541 
15.05 1.261167314 0.6412710719 
15.1 1.293230868 0.5936487381 
15.15 1.322913305 0.5455624686 
15.2 1.350191428 0.4970907687 
15.25 1.375045967 0.4483025055 
15.3 1.397461092 0.3992574056 
15.35 1.417423962 0.3500066544 
15.4 1.434924295 0.3005935796 
15.45 1.449953974 0.2510544002 
15.5 1.462506694 0.201419028 
15.55 1.472577645 0.1517119078 
15.6 1.480163241 0.1019528867 
15.65 1.485260885 0.05215810504 
15.7 1.48786879 0.002340901345 
15.75 1.487985835 -0.04748727275 
15.8 1.485611472 -0.09731593126 
15.85 1.480745675 -0.1471346294 
15.9 1.473388944 -0.1969320384 
15.95 1.463542342 -0.2466950209 
16 1.451207591 -0.2964077111 
16.05 1.436387205 -0.3460506004 
16.1 1.419084675 -0.3955996346 
16.15 1.399304693 -0.4450253268 
16.2 1.377053427 -0.4942918924 
16.25 1.352338832 -0.5433564163 
16.3 1.325171012 -0.5921680617 
16.35 1.295562609 -0.6406673348 
16.4 1.263529242 -0.6887854201 
16.45 1.229089971 -0.7364436057 
16.5 1.192267791 -0.783552818 
16.55 1.15309015 -0.8300132893 
16.6 1.111589485 -0.8757143826 
16.65 1.067803766 -0.9205345995 
16.7 1.021777036 -0.9643417957 
16.75 0.9735599463 -1.006993632 
16.8 0.9232102647 -1.048338277 
16.85 0.8707933508 -1.088215395 
16.9 0.816382581 -1.126457409 
16.95 0.7600597106 -1.162891067 
17 0.7019151572 -1.197339304 
17.05 0.642048192 -1.229623369 
17.1 0.5805670236 -1.25956522 
17.15 0.5175887626 -1.286990127 
17.2 0.4532392562 -1.311729436 
17.25 0.3876527844 -1.333623438 
17.3 0.3209716125 -1.352524258 
17.35 0.2533453996 -1.368298693 
17.4 0.184930465 -1.380830891 
17.45 0.1158889204 -1.390024801 
17.5 0.04638768036 -1.395806285 
17.55 -0.0234026339 -1.398124838 
17.6 -0.09330887578 -1.396954813 
17.65 -0.1631566164 -1.392296136 
17.7 -0.2327714232 -1.384174451 
17.75 -0.3019801457 -1.372640696 
17.8 -0.3706121806 -1.35777013 
17.85 -0.4385006871 -1.339660824 
17.9 -0.5054837283 -1.3184317 
17.95 -0.5714053133 -1.294220163 
18 -0.6361163214 -1.267179431 
18.05 -0.699475293 -1.237475638 
18.1 -0.7613490749 -1.205284824 
18.15 -0.821613316 -1.17078989 
18.2 -0.8801528105 -1.134177614 
18.25 -0.9368616912 -1.095635802 
18.3 -0.9916434814 -1.055350643 
18.35 -1.044411014 -1.013504312 
18.4 -1.095086229 -0.9702728737 
18.45 -1.143599873 -0.9258244866 
18.5 -1.189891097 -0.8803179419 
18.55 -1.233906994 -0.8339015176 
18.6 -1.27560207 -0.7867121441 
18.65 -1.314937677 -0.7388748618 
18.7 -1.35188142 -0.6905025443 
18.75 -1.386406548 -0.6416958606 
18.8 -1.418491341 -0.5925434449 
18.85 -1.448118513 -0.5431222449 
18.9 -1.475274625 -0.4934980194 
18.95 -1.499949526 -0.4437259559 
19 -1.522135824 -0.3938513852 
19.05 -1.541828393 -0.3439105696 
19.1 -1.559023922 -0.2939315467 
19.15 -1.573720499 -0.2439350114 
19.2 -1.58591725 -0.1939352251 
19.25 -1.595614011 -0.1439409411 
19.3 -1.602811058 -0.09395633823 
19.35 -1.607508875 -0.04398195962 
19.4 -1.609707973 0.005984348886 
19.45 -1.609408755 0.05594650076 
19.5 -1.60661143 0.1059092324 
19.55 -1.601315969 0.1558771678 
19.6 -1.59352211 0.2058538834 
19.65 -1.583229416 0.2558409724 
19.7 -1.570437367 0.3058371079 
19.75 -1.555145512 0.3558371047 
19.8 -1.537353657 0.4058309811 
19.85 -1.517062108 0.4558030234 
19.9 -1.494271957 0.5057308566 
19.95 -1.468985414 0.5555845286 
20 -1.441206187 0.6053256158 
20.05 -1.410939907 0.6549063629 
20.1 -1.378194588 0.7042688703 
20.15 -1.342981145 0.7533443478 
20.2 -1.305313928 0.8020524558 
20.25 -1.265211305 0.850300758 
20.3 -1.222696267 0.8979843136 
20.35 -1.177797051 0.9449854387 
20.4 -1.130547779 0.9911736693 
20.45 -1.080989096 1.036405958 
20.5 -1.029168798 1.080527136 
20.55 -0.9751424411 1.123370675 
20.6 -0.9189739073 1.164759765 
20.65 -0.8607359191 1.204508744 
20.7 -0.8005104819 1.242424869 
20.75 -0.7383892384 1.278310452 
20.8 -0.6744737158 1.311965329 
20.85 -0.6088754494 1.343189646 
20.9 -0.5417159671 1.371786915 
20.95 -0.4731266213 1.397567266 
21 -0.403248258 1.420350849 
21.05 -0.3322307155 1.439971256 
21.1 -0.2602321528 1.456278884 
21.15 -0.1874182085 1.469144129 
21.2 -0.1139610021 1.478460276 
21.25 -0.04003798828 1.484146001 
21.3 0.03416931176 1.486147365 
21.35 0.10847668 1.484439232 
21.4 0.1826986416 1.479026029 
21.45 0.2566499431 1.469941831 
21.5 0.3301470346 1.457249748 
21.55 0.403009522 1.441040642 
21.6 0.4750615541 1.421431216 
21.65 0.5461331149 1.398561556 
21.7 0.6160611927 1.372592221 
21.75 0.6846908038 1.343700973 
21.8 0.7518758524 1.312079296 
21.85 0.8174798172 1.277928791 
21.9 0.8813762568 1.241457582 
21.95 0.9434491359 1.20287683 
22 1.003592977 1.162397453 
22.05 1.06171285 1.120227111 
22.1 1.117724206 1.076567532 
22.15 1.171552582 1.031612203 
22.2 1.223133192 0.9855444413 
22.25 1.272410414 0.9385358687 
22.3 1.319337208 0.8907452567 
22.35 1.363874471 0.8423177367 
22.4 1.405990358 0.7933843392 
22.45 1.445659574 0.7440618289 
22.5 1.482862666 0.6944527985 
22.55 1.517585306 0.6446459822 
22.6 1.549817605 0.5947167508 
22.65 1.579553442 0.544727753 
22.7 1.60678983 0.4947296702 
22.75 1.631526314 0.444762055 
22.8 1.653764416 0.39485423 
22.85 1.673507128 0.3450262239 
22.9 1.690758439 0.2952897298 
22.95 1.705522926 0.2456490713 
23 1.717805379 0.1961021667 
23.05 1.727610487 0.1466414859 
23.1 1.734942562 0.09725499416 
23.15 1.739805311 0.04792708272 
23.2 1.742201666 -0.00136051454 
23.25 1.74213364 -0.0506278163 
23.3 1.739602249 -0.09989569809 
23.35 1.734607464 -0.1491850021 
23.4 1.727148214 -0.1985156487 
23.45 1.717222432 -0.2479057449 
23.5 1.704827144 -0.2973706868 
23.55 1.68995861 -0.3469222522 
23.6 1.672612497 -0.3965676809 
23.65 1.652784113 -0.4463087414 
23.7 1.630468676 -0.4961407855 
23.75 1.605661637 -0.5460517922 
23.8 1.578359047 -0.5960214056 
23.85 1.548557977 -0.6460199757 
23.9 1.516256978 -0.6960076126 
23.95 1.481456598 -0.7459332675 
24 1.444159934 -0.7957338605 
24.05 1.404373241 -0.8453334766 
24.1 1.362106568 -0.8946426572 
24.15 1.317374435 -0.9435578176 
24.2 1.270196544 -0.9919608256 
24.25 1.220598502 -1.039718779 
24.3 1.168612564 -1.086684022 
24.35 1.114278362 -1.132694442 
24.4 1.05764364 -1.177574087 
24.45 0.9987649359 -1.221134143 
24.5 0.9377082288 -1.263174294 
24.55 0.8745495141 -1.30348451 
24.6 0.8093752886 -1.341847244 
24.65 0.7422829264 -1.378040058 
24.7 0.6733809235 -1.41183866 
24.75 0.6027889905 -1.443020283 
24.8 0.5306379763 -1.47136739 
24.85 0.4570696068 -1.496671574 
24.9 0.3822360281 -1.518737595 
24.95 0.3062991484 -1.537387398 
25 0.2294297785 -1.552464004 
25.05 0.1518065783 -1.563835118 
25.1 0.07361482242 -1.571396327 
25.15 -0.004954993909 -1.575073744 
25.2 -0.08370868112 -1.574825996 
25.25 -0.1624499809 -1.570645448 
25.3 -0.2409822533 -1.562558627 
25.35 -0.3191101846 -1.550625796 
25.4 -0.3966414745 -1.534939707 
25.45 -0.4733884598 -1.51562357 
25.5 -0.5491696383 -1.492828333 
25.55 -0.623811055 -1.466729376 
25.6 -0.6971475238 -1.437522743 
25.65 -0.7690236609 -1.405421074 
25.7 -0.8392947146 -1.370649375 
25.75 -0.9078271834 -1.333440766 
25.8 -0.9744992216 -1.29403235 
25.85 -1.039200839 -1.252661312 
25.9 -1.101833905 -1.209561342 
25.95 -1.162311972 -1.164959456 
26 -1.220559945 -1.11907326 
26.05 -1.276513608 -1.072108678 
26.1 -1.330119041 -1.024258156 
26.15 -1.381331949 -0.9756993184 
26.2 -1.430116915 -0.9265940559 
26.25 -1.476446618 -0.8770880078 
26.3 -1.520301018 -0.8273103895 
26.35 -1.561666538 -0.7773741204 
26.4 -1.600535244 -0.7273762042 
26.45 -1.636904054 -0.6773983126 
26.5 -1.67077397 -0.6275075286 
26.55 -1.702149346 -0.5777572088 
26.6 -1.731037207 -0.5281879293 
26.65 -1.757446603 -0.4788284854 
26.7 -1.781388027 -0.4296969179 
26.75 -1.802872873 -0.3808015481 
26.8 -1.821912951 -0.3321420036 
26.85 -1.838520051 -0.2837102255 
26.9 -1.852705562 -0.2354914479 
26.95 -1.864480135 -0.1874651449 
27 -1.873853392 -0.1396059458 
27.05 -1.880833689 -0.09188451566 
27.1 -1.885427915 -0.04426840708 
27.15 -1.887641335 0.003277115643 
27.2 -1.887477479 0.05078827299 
27.25 -1.884938066 0.09830198233 
27.3 -1.880022967 0.1458550789 
27.35 -1.872730213 0.1934835392 
27.4 -1.863056036 0.2412216992 
27.45 -1.850994951 0.2891014623 
27.5 -1.836539878 0.3371514887 
27.55 -1.819682303 0.3853963633 
27.6 -1.800412485 0.433855735 
27.65 -1.778719698 0.4825434265 
27.7 -1.754592527 0.5314665115 
27.75 -1.728019201 0.5806243601 
27.8 -1.698987983 0.6300076563 
27.85 -1.667487601 0.679597391 
27.9 -1.633507731 0.729363843 
27.95 -1.597039539 0.7792655572 
28 -1.558076261 0.8292483405 
28.05 -1.516613844 0.8792442956 
28.1 -1.472651629 0.92917092 
28.15 -1.426193083 0.9789303037 
28.2 -1.377246568 1.028408462 
28.25 -1.325826145 1.077474844 
28.3 -1.271952403 1.125982072 
28.35 -1.215653299 1.173765946 
28.4 -1.156965002 1.220645785 
28.45 -1.095932713 1.266425129 
28.5 -1.032611456 1.310892884 
28.55 -0.967066812 1.353824908 
28.6 -0.8993755666 1.39498611 
28.65 -0.8296262611 1.43413304 
28.7 -0.7579196091 1.471016995 
28.75 -0.6843687593 1.505387596 
28.8 -0.6090993795 1.536996798 
28.85 -0.5322495397 1.565603249 
28.9 -0.4539693772 1.590976898 
28.95 -0.3744205323 1.612903714 
29 -0.2937753466 1.631190377 
29.05 -0.2122158277 1.645668771 
29.1 -0.1299323891 1.656200098 
29.15 -0.04712238423 1.662678453 
29.2 0.03601153843 1.665033701 
29.25 0.1192632235 1.663233513 
29.3 0.2024248991 1.657284478 
29.35 0.285289123 1.647232213 
29.4 0.3676507336 1.633160468 
29.45 0.449308757 1.61518926 
29.5 0.53006822 1.59347211 
29.55 0.6097418255 1.5681925 
29.6 0.6881514505 1.539559708 
29.65 0.7651294359 1.507804188 
29.7 0.8405196453 1.47317267 
29.75 0.9141782788 1.435923177 
29.8 0.9859744377 1.396320115 
29.85 1.055790443 1.354629593 
29.9 1.123521923 1.311115102 
29.95 1.189077678 1.266033637 
30 1.25237936 1.219632348 
30.05 1.313360977 1.172145738 
30.1 1.371968264 1.123793432 
30.15 1.428157936 1.074778495 
30.2 1.481896861 1.025286276 
30.25 1.533161175 0.9754837242 
30.3 1.581935361 0.9255191302 
30.35 1.628211317 0.8755222321 
30.4 1.671987429 0.8256046215 
30.45 1.71326766 0.7758603941 
30.5 1.75206068 0.7263669883 
30.55 1.788379029 0.6771861608 
30.6 1.822238337 0.6283650547 
30.65 1.85365659 0.5799373219 
30.7 1.882653456 0.531924269 
30.75 1.909249669 0.4843359992 
30.8 1.933466469 0.4371725328 
30.85 1.955325096 0.3904248895 
30.9 1.97484634 0.3440761243 
30.95 1.992050147 0.2981023096 
31 2.006955262 0.2524734613 
31.05 2.019578935 0.207154409 
31.1 2.029936656 0.1621056111 
31.15 2.038041936 0.1172839203 
31.2 2.043906132 0.07264330381 
31.25 2.047538297 0.02813552426 
31.3 2.048945074 -0.01628921087 
31.35 2.048130613 -0.0606816245 
31.4 2.045096532 -0.1050927615 
31.45 2.039841894 -0.1495733889 
31.5 2.032363224 -0.1941733955 
31.55 2.022654555 -0.2389411843 
31.6 2.010707495 -0.2839230485 
31.65 1.996511343 -0.3291625233 
31.7 1.980053217 -0.3746997075 
31.75 1.961318231 -0.4205705465 
31.8 1.940289704 -0.4668060721 
31.85 1.9169494 -0.5134315935 
31.9 1.891277821 -0.5604658366 
31.95 1.863254529 -0.6079200289 
32 1.832858528 -0.6557969315 
32.05 1.800068681 -0.7040898201 
32.1 1.76486419 -0.7527814213 
32.15 1.727225119 -0.8018428143 
32.2 1.687132978 -0.8512323116 
32.25 1.644571363 -0.9008943376 
32.3 1.599526646 -0.9507583304 
32.35 1.551988729 -1.000737696 
32.4 1.501951844 -1.050728853 
32.45 1.449415402 -1.100610411 
32.5 1.394384881 -1.15024253 
32.55 1.336872755 -1.19946652 
32.6 1.276899429 -1.248104741 
32.65 1.214494192 -1.295960855 
32.7 1.149696149 -1.342820509 
32.75 1.082555123 -1.388452498 
32.8 1.013132498 -1.43261046 
32.85 0.9415019755 -1.475035147 
32.9 0.8677502181 -1.515457298 
32.95 0.7919773532 -1.553601113 
33 0.7142972976 -1.589188294 
33.05 0.6348378829 -1.621942627 
33.1 0.5537407515 -1.651594976 
33.15 0.4711610027 -1.677888609 
33.2 0.3872665723 -1.700584663 
33.25 0.3022373391 -1.719467605 
33.3 0.2162639589 -1.734350448 
33.35 0.1295464365 -1.745079554 
33.4 0.04229245874 -1.751538774 
33.45 -0.04528447995 -1.753652767 
33.5 -0.1329671183 -1.751389316 
33.55 -0.2205365841 -1.744760534 
33.6 -0.3077746108 -1.733822872 
33.65 -0.3944657544 -1.718675943 
33.7 -0.4803995515 -1.699460192 
33.75 -0.5653725611 -1.676353515 
33.8 -0.6491902369 -1.649566993 
33.85 -0.7316685865 -1.619339915 
33.9 -0.8126355822 -1.58593431 
33.95 -0.8919322977 -1.549629216 
34 -0.9694137585 -1.51071489 
34.05 -1.044949503 -1.469487182 
34.1 -1.118423862 -1.426242222 
34.15 -1.189735973 -1.381271591 
34.2 -1.258799553 -1.33485805 
34.25 -1.325542455 -1.287271923 
34.3 -1.389906051 -1.238768138 
34.35 -1.451844458 -1.189583942 
34.4 -1.511323655 -1.139937263 
34.45 -1.568320519 -1.090025662 
34.5 -1.622821802 -1.040025816 
34.55 -1.674823092 -0.9900934666 
34.6 -1.724327766 -0.9403637619 
34.65 -1.771345954 -0.8909519028 
34.7 -1.815893549 -0.841954041 
34.75 -1.857991251 -0.7934483541 
34.8 -1.897663669 -0.745496243 
34.85 -1.934938481 -0.6981436022 
34.9 -1.969845661 -0.6514221209 
34.95 -2.002416767 -0.6053505817 
35 -2.032684296 -0.5599361296 
35.05 -2.060681103 -0.5151754926 
35.1 -2.086439877 -0.4710561386 
35.15 -2.109992684 -0.42755736 
35.2 -2.131370552 -0.3846512807 
35.25 -2.150603116 -0.3423037832 
35.3 -2.167718305 -0.3004753573 
35.35 -2.182742073 -0.2591218731 
35.4 -2.195698167 -0.2181952825 
35.45 -2.206607931 -0.177644255 
35.5 -2.215490144 -0.1374147547 
35.55 -2.222360882 -0.09745056441 
35.6 -2.22723341 -0.05769376554 
35.65 -2.230118098 -0.01808518068 
35.7 -2.231022357 0.02143521348 
35.75 -2.229950596 0.0609278949 
35.8 -2.226904202 0.1004534189 
35.85 -2.221881531 0.1400720474 
35.9 -2.214877928 0.1798433764 
35.95 -2.205885759 0.2198259548 
36 -2.194894462 0.260076887 
36.05 -2.181890617 0.3006514104 
36.1 -2.166858047 0.3416024426 
36.15 -2.149777925 0.3829800891 
36.2 -2.13062892 0.4248311053 
36.25 -2.109387365 0.4671983065 
36.3 -2.08602745 0.5101199179 
36.35 -2.060521454 0.553628861 
36.4 -2.032840011 0.5977519704 
36.45 -2.002952412 0.6425091372 
36.5 -1.970826955 0.6879123787 
36.55 -1.936431336 0.733964832 
36.6 -1.899733095 0.7806596773 
36.65 -1.860700111 0.8279789944 
36.7 -1.819301161 0.8758925636 
36.75 -1.775506533 0.924356626 
36.8 -1.729288702 0.9733126228 
36.85 -1.680623071 1.02268594 
36.9 -1.629488774 1.072384696 
36.95 -1.575869539 1.1222986 
37 -1.519754609 1.172297957 
37.05 -1.461139711 1.22223284 
37.1 -1.400028069 1.271932526 
37.15 -1.336431443 1.321205251 
37.2 -1.27037118 1.369838353 
37.25 -1.201879262 1.417598891 
37.3 -1.130999318 1.464234811 
37.35 -1.057787577 1.509476716 
37.4 -0.9823137416 1.553040304 
37.45 -0.9046617263 1.594629502 
37.5 -0.8249302512 1.63394031 
37.55 -0.7432332357 1.670665333 
37.6 -0.6596999691 1.704498934 
37.65 -0.5744750224 1.735142924 
37.7 -0.4877178762 1.762312632 
37.75 -0.3996022446 1.785743186 
37.8 -0.3103150853 1.805195783 
37.85 -0.2200552961 1.820463718 
37.9 -0.1290321103 1.831377897 
37.95 -0.03746321541 1.837811615 
38 0.05442736534 1.839684338 
38.05 0.1464115822 1.836964313 
38.1 0.2382597979 1.82966986 
38.15 0.3297432909 1.817869263 
38.2 0.420636754 1.801679255 
38.25 0.5107207168 1.781262166 
38.3 0.599783825 1.75682186 
38.35 0.687624918 1.728598657 
38.4 0.7740548509 1.696863477 
38.45 0.8588980247 1.66191145 
38.5 0.9419935972 1.624055294 
38.55 1.023196362 1.583618679 
38.6 1.102377296 1.540929852 
38.65 1.179423788 1.496315694 
38.7 1.254239573 1.450096375 
38.75 1.326744392 1.402580729 
38.8 1.396873428 1.354062387 
38.85 1.464576548 1.304816712 
38.9 1.529817383 1.255098513 
38.95 1.592572309 1.205140489 
39 1.652829333 1.155152343 
39.05 1.710586951 1.105320484 
39.1 1.765852975 1.055808225 
39.15 1.818643386 1.00675639 
39.2 1.868981206 0.958284249 
39.25 1.916895418 0.910490683 
39.3 1.962419952 0.8634555242 
39.35 2.005592728 0.8172409964 
39.4 2.046454778 0.7718932053 
39.45 2.085049438 0.7274436356 
39.5 2.12142162 0.6839106182 
39.55 2.155617151 0.641300742 
39.6 2.187682188 0.5996101914 
39.65 2.217662698 0.5588259948 
39.7 2.245603998 0.518927179 
39.75 2.271550356 0.4798858229 
39.8 2.295544648 0.4416680123 
39.85 2.317628048 0.4042346975 
39.9 2.337839783 0.3675424568 
39.95 2.356216906 0.3315441727 
40 2.372794115 0.2961896261 
40.05 2.387603596 0.2614260164 
40.1 2.400674897 0.2271984125 
40.15 2.412034817 0.1934501444 
40.2 2.421707325 0.1601231403 
40.25 2.429713482 0.1271582175 
40.3 2.436071392 0.09449533189 
40.35 2.440796159 0.0620737949 
40.4 2.443899849 0.02983246112 
40.45 2.445391472 -0.002290105575 
40.5 2.445276967 -0.03435548305 
40.55 2.443559192 -0.06642525321 
40.6 2.44023793 -0.09856087074 
40.65 2.435309886 -0.130823533 
40.7 2.42876871 -0.1632740464 
40.75 2.420605007 -0.1959726834 
40.8 2.410806373 -0.2289790268 
40.85 2.399357422 -0.2623517941 
40.9 2.386239832 -0.2961486378 
40.95 2.3714324 -0.3304259166 
41 2.354911104 -0.3652384304 
41.05 2.336649183 -0.4006391149 
41.1 2.316617227 -0.4366786879 
41.15 2.294783293 -0.4734052433 
41.2 2.27111303 -0.5108637841 
41.25 2.245569841 -0.5490956903 
41.3 2.218115057 -0.5881381134 
41.35 2.188708151 -0.6280232935 
41.4 2.157306986 -0.6687777928 
41.45 2.123868097 -0.7104216402 
41.5 2.088347015 -0.7529673866 
41.55 2.050698645 -0.7964190661 
41.6 2.010877692 -0.8407710674 
41.65 1.968839139 -0.8860069176 
41.7 1.924538793 -0.9320979873 
41.75 1.877933894 -0.97900213 
41.8 1.828983787 -1.026662274 
41.85 1.777650673 -1.075004992 
41.9 1.723900424 -1.123939083 
41.95 1.66770347 -1.173354205 
42 1.609035759 -1.223119614 
42.05 1.547879779 -1.273083062 
42.1 1.484225626 -1.323069933 
42.15 1.418072129 -1.372882688 
42.2 1.349427995 -1.422300704 
42.25 1.278312959 -1.4710806 
42.3 1.204758929 -1.51895714 
42.35 1.128811072 -1.565644788 
42.4 1.050528833 -1.610840002 
42.45 0.9699868329 -1.654224314 
42.5 0.8872756172 -1.695468227 
42.55 0.8025022059 -1.734235932 
42.6 0.7157904092 -1.77019079 
42.65 0.6272808698 -1.803001492 
42.7 0.5371307952 -1.832348765 
42.75 0.4455133569 -1.857932411 
42.8 0.3526167364 -1.879478471 
42.85 0.2586428128 -1.896746207 
42.9 0.1638055025 -1.909534644 
42.95 0.0683287703 -1.917688341 
43 -0.02755564674 -1.921102122 
43.05 -0.1236107528 -1.919724514 
43.1 -0.2195969785 -1.913559703 
43.15 -0.3152749637 -1.902667888 
43.2 -0.4104083581 -1.887163994 
43.25 -0.5047665578 -1.867214803 
43.3 -0.5981272979 -1.843034647 
43.35 -0.6902790303 -1.814879853 
43.4 -0.7810230229 -1.783042235 
43.45 -0.8701751347 -1.747841919 
43.5 -0.9575672306 -1.709619826 
43.55 -1.043048222 -1.668730131 
43.6 -1.126484728 -1.625532966 
43.65 -1.207761377 -1.580387627 
43.7 -1.286780758 -1.533646458 
43.75 -1.363463081 -1.48564956 
43.8 -1.437745559 -1.436720392 
43.85 -1.509581579 -1.387162303 
43.9 -1.578939694 -1.337255954 
43.95 -1.645802492 -1.287257612 
44 -1.710165372 -1.237398195 
44.05 -1.772035282 -1.187883002 
44.1 -1.831429432 -1.138892018 
44.15 -1.888374033 -1.090580667 
44.2 -1.942903066 -1.043080937 
44.25 -1.995057113 -0.9965027642 
44.3 -2.044882251 -0.9509356004 
44.35 -2.092429031 -0.9064500808 
44.4 -2.137751535 -0.8630997425 
44.45 -2.180906522 -0.8209227357 
44.5 -2.221952659 -0.7799434914 
44.55 -2.260949834 -0.7401743179 
44.6 -2.29795855 -0.7016169033 
44.65 -2.333039395 -0.6642637119 
44.7 -2.36625258 -0.6280992674 
44.75 -2.397657544 -0.5931013179 
44.8 -2.42731261 -0.5592418859 
44.85 -2.455274704 -0.5264882053 
44.9 -2.481599114 -0.49480355 
44.95 -2.506339292 -0.4641479625 
45 -2.52954669 -0.4344788891 
45.05 -2.551270634 -0.4057517276 
45.1 -2.571558221 -0.3779202989 
45.15 -2.590454236 -0.350937247 
45.2 -2.608001098 -0.3247543761 
45.25 -2.624238817 -0.2993229314 
45.3 -2.639204963 -0.2745938309 
45.35 -2.652934655 -0.2505178527 
45.4 -2.665460548 -0.227045784 
45.45 -2.676812837 -0.2041285376 
45.5 -2.687019264 -0.1817172383 
45.55 -2.696105126 -0.159763285 
45.6 -2.70409329 -0.1382183911 
45.65 -2.711004209 -0.1170346071 
45.7 -2.71685594 -0.09616432681 
45.75 -2.721664156 -0.07556028163 
45.8 -2.72544217 -0.05517552344 
45.85 -2.728200946 -0.03496339897 
45.9 -2.729949116 -0.01487751723 
45.95 -2.730692992 0.005128288327 
46 -2.730436578 0.02510000157 
46.05 -2.729181578 0.0450834677 
46.1 -2.726927404 0.06512443846 
46.15 -2.723671182 0.08526861706 
46.2 -2.719407751 0.1055617017 
46.25 -2.714129666 0.1260494261 
46.3 -2.707827195 0.1467775963 
46.35 -2.700488315 0.1677921219 
46.4 -2.692098709 0.1891390398 
46.45 -2.682641757 0.2108645299 
46.5 -2.672098531 0.2330149204 
46.55 -2.660447785 0.2556366806 
46.6 -2.647665951 0.2787763989 
46.65 -2.633727131 0.3024807444 
46.7 -2.618603093 0.3267964085 
46.75 -2.602263273 0.3517700241 
46.8 -2.584674772 0.3774480581 
46.85 -2.565802369 0.403876675 
46.9 -2.545608535 0.4311015661 
46.95 -2.524053457 0.4591677401 
47 -2.50109507 0.4881192705 
47.05 -2.476689106 0.5179989943 
47.1 -2.450789157 0.5488481558 
47.15 -2.423346749 0.5807059893 
47.2 -2.394311449 0.6136092353 
47.25 -2.363630988 0.6475915818 
47.3 -2.331251409 0.6826830258 
47.35 -2.297117257 0.7189091468 
47.4 -2.2611718 0.7562902875 
47.45 -2.223357286 0.7948406354 
47.5 -2.183615254 0.834567202 
47.55 -2.141886894 0.8754686966 
47.6 -2.098113459 0.9175342951 
47.65 -2.052236744 0.9607423073 
47.7 -2.004199629 1.00505875 
47.75 -1.953946691 1.050435837 
47.8 -1.901424899 1.096810412 
47.85 -1.846584379 1.144102336 
47.9 -1.789379262 1.192212881 
47.95 -1.729768618 1.241023167 
48 -1.66771746 1.290392691 
48.05 -1.603197825 1.340158032 
48.1 -1.536189923 1.390131788 
48.15 -1.466683334 1.440101851 
48.2 -1.394678241 1.489831108 
48.25 -1.320186686 1.539057671 
48.3 -1.243233803 1.587495742 
48.35 -1.163859015 1.63483721 
48.4 -1.082117155 1.680754077 
48.45 -0.9980794511 1.724901763 
48.5 -0.9118343629 1.76692335 
48.55 -0.8234881954 1.806454763 
48.6 -0.7331654573 1.843130817 
48.65 -0.6410089164 1.876592073 
48.7 -0.5471793128 1.906492292 
48.75 -0.4518546982 1.932506314 
48.8 -0.3552293825 1.954338057 
48.85 -0.2575124796 1.971728328 
48.9 -0.1589260632 1.984462121 
48.95 -0.05970295719 1.992375015 
49 0.03991579357 1.99535839 
49.05 0.1396837131 1.99336313 
49.1 0.2393518696 1.986401635 
49.15 0.3386719513 1.974547983 
49.2 0.4373993505 1.957936245 
49.25 0.5352961627 1.93675699 
49.3 0.6321340123 1.911252201 
49.35 0.7276966223 1.881708813 
49.4 0.8217820629 1.84845124 
49.45 0.9142046249 1.811833219 
49.5 1.004796286 1.772229353 
49.55 1.093407754 1.730026716 
49.6 1.179909089 1.685616826 
49.65 1.264189931 1.639388257 
49.7 1.346159343 1.59172009 
49.75 1.425745348 1.542976338 
49.8 1.502894165 1.493501412 
49.85 1.577569235 1.443616635 
49.9 1.649750067 1.393617782 
49.95 1.719430956 1.343773543 
50 1.786619633 1.294324833 
50.05 1.851335875 1.245484813 
50.1 1.913610116 1.197439503 
50.15 1.973482091 1.150348874 
50.2 2.030999535 1.104348285 
50.25 2.086216949 1.059550172 
50.3 2.139194457 1.016045898 
50.35 2.189996752 0.9739076824 
50.4 2.238692136 0.9331905435 
50.45 2.285351664 0.8939342134 
50.5 2.330048374 0.8561649786 
50.55 2.372856623 0.8198974242 
50.6 2.413851494 0.7851360609 
50.65 2.453108297 0.7518768257 
50.7 2.490702139 0.7201084498 
50.75 2.526707561 0.6898136953 
50.8 2.561198246 0.6609704621 
50.85 2.594246769 0.633552772 
50.9 2.625924408 0.6075316374 
50.95 2.65630099 0.582875822 
51 2.685444781 0.5595525036 
51.05 2.713422406 0.5375278479 
51.1 2.740298798 0.5167675018 
51.15 2.766137173 0.497237015 
51.2 2.790999024 0.478902199 
51.25 2.814944134 0.4617294297 
51.3 2.838030606 0.4456859011 
51.35 2.860314901 0.4307398372 
51.4 2.881851892 0.4168606665 
51.45 2.902694926 0.4040191656 
51.5 2.922895884 0.3921875754 
51.55 2.942505263 0.3813396945 
51.6 2.961572248 0.371450953 
51.65 2.980144795 0.3624984705 
51.7 2.998269719 0.3544611003 
51.75 3.015992774 0.3473194622 
51.8 3.033358747 0.3410559667 
51.85 3.050411545 0.3356548311 
51.9 3.067194287 0.3311020904 
51.95 3.083749391 0.3273856028 
52 3.100118671 0.3244950522 
52.05 3.116343424 0.3224219475 
52.1 3.132464521 0.3211596202 
52.15 3.148522502 0.3207032199 
52.2 3.164557663 0.3210497096 
52.25 3.180610149 0.3221978592 
52.3 3.196720042 0.324148239 
52.35 3.212927454 0.3269032125 
52.4 3.229272614 0.3304669283 
52.45 3.245795961 0.3348453113 
52.5 3.262538226 0.3400460528 
52.55 3.279540529 0.3460785991 
52.6 3.296844459 0.3529541379 
52.65 3.314492166 0.360685582 
52.7 3.332526445 0.3692875494 
52.75 3.350990822 0.3787763394 
52.8 3.369929639 0.389169902 
52.85 3.389388135 0.4004878014 
52.9 3.409412525 0.4127511701 
52.95 3.430050083 0.4259826531 
53 3.451349216 0.4402063395 
53.05 3.473359533 0.4554476791 
53.1 3.496131917 0.4717333823 
53.15 3.519718586 0.4890912983 
53.2 3.544173151 0.5075502703 
53.25 3.569550664 0.5271399622 
53.3 3.595907662 0.547890654 
53.35 3.623302195 0.5698329995 
53.4 3.651793845 0.5929977422 
53.45 3.681443732 0.6174153835 
53.5 3.712314501 0.6431157963 
53.55 3.744470291 0.6701277779 
53.6 3.77797668 0.6984785353 
53.65 3.812900607 0.7281930946 
53.7 3.849310262 0.7592936275 
53.75 3.887274943 0.7917986873 
53.8 3.926864877 0.8257223471 
53.85 3.968150995 0.8610732332 
53.9 4.011204656 0.8978534489 
53.95 4.056097329 0.9360573833 
54 4.102900198 0.9756704056 
54.05 4.151683718 1.016667444 
54.1 4.20251709 1.059011458 
54.15 4.255467663 1.10265181 
54.2 4.310600254 1.147522561 
54.25 4.367976382 1.193540709 
54.3 4.427653417 1.240604406 
54.35 4.489683638 1.288591205 
54.4 4.554113198 1.337356379 
54.45 4.620981017 1.386731405 
54.5 4.690317587 1.436522665 
54.55 4.76214372 1.486510487 
54.6 4.836469245 1.536448611 
54.65 4.913291675 1.586064207 
54.7 4.992594886 1.635058549 
54.75 5.074347813 1.683108475 
54.8 5.158503237 1.729868724 
54.85 5.244996673 1.774975247 
54.9 5.333745435 1.81804954 
54.95 5.424647912 1.858704018 
55 5.517583113 1.896548393 
55.05 5.612410533 1.931196957 
55.1 5.708970381 1.962276612 
55.15 5.807084211 1.989435401 
55.2 5.906555981 2.01235127 
55.25 6.007173545 2.030740677 
55.3 6.108710579 2.044366704 
55.35 6.210928914 2.053046247 
55.4 6.313581226 2.056655924 
55.45 6.416414023 2.055136362 
55.5 6.519170841 2.048494615 
55.55 6.621595571 2.03680455 
55.6 6.723435799 2.020205152 
55.65 6.824446057 1.998896848 
55.7 6.924390899 1.973136001 
55.75 7.023047699 1.943227901 
55.8 7.120209094 1.909518587 
55.85 7.215685023 1.872385921 
55.9 7.309304319 1.832230329 
55.95 7.400915836 1.789465602 
56 7.490389116 1.744510134 
56.05 7.577614623 1.697778872 
56.1 7.662503566 1.649676218 
56.15 7.744987377 1.600590017 
56.2 7.825016878 1.550886717 
56.25 7.902561214 1.500907689 
56.3 7.977606598 1.450966677 
56.35 8.050154932 1.401348269 
56.4 8.120222346 1.352307287 
56.45 8.18783771 1.304068946 
56.5 8.253041157 1.256829657 
56.55 8.31588264 1.210758316 
56.6 8.376420556 1.16599797 
56.65 8.434720454 1.122667732 
56.7 8.490853841 1.080864856 
56.75 8.544897084 1.040666869 
56.8 8.596930427 1.00213372 
56.85 8.647037113 0.9653098694 
56.9 8.695302607 0.9302262912 
56.95 8.741813921 0.8969023617 
57 8.786659039 0.865347611 
57.05 8.82992642 0.835563332 
57.1 8.871704587 0.8075440419 
57.15 8.912081789 0.7812787977 
57.2 8.951145729 0.7567523707 
57.25 8.988983347 0.733946287 
57.3 9.025680661 0.7128397431 
57.35 9.061322649 0.693410406 
57.4 9.095993169 0.675635109 
57.45 9.129774924 0.6594904515 
57.5 9.162749447 0.6449533137 
57.55 9.194997113 0.6320012958 
57.6 9.226597177 0.620613089 
57.65 9.257627832 0.6107687865 
57.7 9.288166271 0.6024501427 
57.75 9.318288778 0.5956407846 
57.8 9.348070817 0.590326383 
57.85 9.377587137 0.5864947859 
57.9 9.406911876 0.5841361204 
57.95 9.436118682 0.5832428636 
58 9.465280825 0.5838098876 
58.05 9.49447132 0.5858344771 
58.1 9.523763043 0.5893163248 
58.15 9.55322886 0.5942575007 
58.2 9.582941735 0.6006623986 
58.25 9.612974855 0.608537657 
58.3 9.643401737 0.6178920535 
58.35 9.67429634 0.6287363717 
58.4 9.705733159 0.6410832358 
58.45 9.73778732 0.6549469118 
58.5 9.770534666 0.6703430701 
58.55 9.80405182 0.687288505 
58.6 9.838416245 0.7058008065 
58.65 9.873706285 0.7258979779 
58.7 9.910001184 0.7475979927 
58.75 9.947381084 0.7709182841 
58.8 9.985926998 0.7958751587 
58.85 10.02572076 0.8224831275 
58.9 10.06684491 0.8507541447 
58.95 10.10938262 0.8806967476 
59 10.15341746 0.9123150877 
59.05 10.19903321 0.9456078479 
59.1 10.2463136 0.9805670388 
59.15 10.29534196 1.01717667 
59.2 10.34620079 1.055411294 
59.25 10.39897135 1.095234434 
59.3 10.45373308 1.136596883 
59.35 10.51056292 1.179434912 
59.4 10.56953467 1.223668395 
59.45 10.63071808 1.269198874 
59.5 10.69417803 1.315907628 
59.55 10.75997341 1.363653775 
59.6 10.8281561 1.412272488 
59.65 10.89876972 1.461573402 
59.7 10.97184839 1.511339306 
59.75 11.04741536 1.561325234 
59.8 11.12548162 1.611258062 
59.85 11.20604452 1.660836757 
59.9 11.28908636 1.709733396 
59.95 11.37457303 1.75759508 
60 11.46245278 1.804046858 
60.05 11.55265513 1.848695739 
60.1 11.64508991 1.891135845 
60.15 11.73964671 1.930954687 
60.2 11.83619444 1.96774051 
60.25 11.93458147 2.001090555 
60.3 12.03463599 2.03062003 
60.35 12.136167 2.055971491 
60.4 12.23896557 2.076824285 
60.45 12.34280678 2.092903635 
60.5 12.44745197 2.103988943 
60.55 12.55265141 2.109920871 
60.6 12.65814746 2.11060681 
60.65 12.7636778 2.106024407 
60.7 12.86897902 2.096222933 
60.75 12.97379016 2.081322378 
60.8 13.07785628 2.061510307 
60.85 13.1809318 2.037036641 
60.9 13.28278363 2.008206638 
60.95 13.38319396 1.975372452 
61 13.48196259 1.938923704 
61.05 13.57890877 1.899277533 
61.1 13.67387265 1.85686858 
61.15 13.76671608 1.812139322 
61.2 13.85732304 1.765531112 
61.25 13.9455996 1.717476184 
61.3 14.03147341 1.668390833 
61.35 14.11489295 1.618669851 
61.4 14.19582644 1.568682253 
61.45 14.27426055 1.518768252 
61.5 14.35019897 1.469237383 
61.55 14.42366084 1.420367665 
61.6 14.49467922 1.372405637 
61.65 14.5632995 1.325567123 
61.7 14.62957786 1.280038564 
61.75 14.69357979 1.235978781 
61.8 14.75537872 1.193521026 
61.85 14.81505478 1.152775217 
61.9 14.87269354 1.113830263 
61.95 14.92838505 1.076756386 
62 14.98222287 1.041607411 
62.05 15.03430324 1.008422939 
62.1 15.08472439 0.9772304071 
62.15 15.13358591 0.9480469989 
62.2 15.18098826 0.9208813904 
62.25 15.22703233 0.8957353378 
62.3 15.27181909 0.8726051021 
62.35 15.31544935 0.8514827149 
62.4 15.35802348 0.832357097 
62.45 15.39964134 0.8152150349 
62.5 15.44040209 0.8000420287 
62.55 15.48040419 0.7868230197 
62.6 15.51974534 0.7755430097 
62.65 15.55852249 0.7661875802 
62.7 15.59683187 0.758743322 
62.75 15.63476904 0.7531981827 
62.8 15.67242895 0.7495417381 
62.85 15.70990603 0.747765396 
62.9 15.7472943 0.7478625342 
62.95 15.78468743 0.7498285791 
63 15.82217886 0.7536610247 
63.05 15.85986191 0.759359396 
63.1 15.89782988 0.7669251553 
63.15 15.93617614 0.7763615506 
63.2 15.97499422 0.7876734053 
63.25 16.01437789 0.8008668443 
63.3 16.05442123 0.8159489545 
63.35 16.09521868 0.832927373 
63.4 16.13686505 0.8518097974 
63.45 16.17945554 0.8726034126 
63.5 16.22308571 0.8953142246 
63.55 16.26785142 0.9199462947 
63.6 16.31384873 0.9465008661 
63.65 16.36117378 0.9749753736 
63.7 16.40992254 1.005362329 
63.75 16.46019066 1.037648079 
63.8 16.51207306 1.07181142 
63.85 16.56566364 1.107822087 
63.9 16.62105474 1.145639097 
63.95 16.67833669 1.185208964 
64 16.73759714 1.226463802 
64.05 16.79892033 1.269319324 
64.1 16.8623863 1.313672781 
64.15 16.92806994 1.359400869 
64.2 16.99603998 1.406357669 
64.25 17.06635786 1.454372684 
64.3 17.1390765 1.503249056 
64.35 17.21423895 1.552762064 
64.4 17.29187706 1.602658028 
64.45 17.37200996 1.652653726 
64.5 17.45464264 1.702436493 
64.55 17.53976447 1.751665113 
64.6 17.62734772 1.799971671 
64.65 17.71734631 1.846964466 
64.7 17.80969453 1.892232103 
64.75 17.90430614 1.935348806 
64.8 18.00107358 1.975880966 
64.85 18.09986762 2.013394862 
64.9 18.20053737 2.047465395 
64.95 18.30291064 2.077685635 
65 18.40679492 2.103676851 
65.05 18.51197876 2.125098644 
65.1 18.61823369 2.141658743 
65.15 18.72531663 2.153121979 
65.2 18.83297273 2.159317976 
65.25 18.94093863 2.160147097 
65.3 19.04894598 2.155584318 
65.35 19.1567252 2.145680743 
65.4 19.26400924 2.130562662 
65.45 19.37053737 2.110428182 
65.5 19.47605878 2.085541601 
65.55 19.58033586 2.056225833 
65.6 19.68314715 2.022853301 
65.65 19.78428981 1.985835789 
65.7 19.8835816 1.945613738 
65.75 19.98086229 1.902645511 
65.8 20.07599457 1.857397072 
65.85 20.16886442 1.810332447 
65.9 20.25938104 1.761905284 
65.95 20.34747631 1.71255168 
66 20.43310389 1.662684394 
66.05 20.51623811 1.612688459 
66.1 20.59687253 1.562918135 
66.15 20.67501844 1.5136951 
66.2 20.7507032 1.465307728 
66.25 20.82396858 1.4180113 
66.3 20.89486915 1.372028964 
66.35 20.96347059 1.327553286 
66.4 21.02984826 1.284748223 
66.45 21.09408567 1.243751392 
66.5 21.15627324 1.204676501 
66.55 21.21650707 1.16761586 
66.6 21.27488786 1.132642864 
66.65 21.33152 1.099814421 
66.7 21.38651072 1.069173252 
66.75 21.43996938 1.040750043 
66.8 21.49200689 1.014565436 
66.85 21.54273516 0.9906318294 
66.9 21.59226675 0.9689550118 
66.95 21.6407145 0.9495356022 
67 21.68819128 0.9323703256 
67.05 21.7348098 0.9174531196 
67.1 21.78068245 0.9047760861 
67.15 21.82592126 0.8943302982 
67.2 21.87063777 0.8861064704 
67.25 21.9149431 0.8800955043 
67.3 21.95894787 0.8762889172 
67.35 22.00276232 0.8746791602 
67.4 22.04649628 0.8752598342 
67.45 22.09025927 0.8780258065 
67.5 22.13416056 0.8829732321 
67.55 22.17830922 0.8900994816 
67.6 22.22281419 0.8994029755 
67.65 22.26778434 0.9108829236 
67.7 22.31332849 0.9245389674 
67.75 22.35955544 0.9403707205 
67.8 22.40657397 0.9583772029 
67.85 22.45449283 0.978556162 
67.9 22.50342064 1.000903274 
67.95 22.5534658 1.02541122 
68 22.60473637 1.052068623 
68.05 22.6573398 1.080858848 
68.1 22.71138274 1.111758652 
68.15 22.76697067 1.144736687 
68.2 22.82420751 1.179751845 
68.25 22.8831951 1.216751461 
68.3 22.94403267 1.255669372 
68.35 23.00681614 1.296423859 
68.4 23.07163733 1.338915489 
68.45 23.13858311 1.383024892 
68.5 23.20773435 1.428610541 
68.55 23.27916488 1.475506571 
68.6 23.35294021 1.523520743 
68.65 23.42911624 1.572432639 
68.7 23.50773788 1.621992201 
68.75 23.58883749 1.671918759 
68.8 23.67243342 1.721900679 
68.85 23.75852846 1.771595797 
68.9 23.84710825 1.820632777 
68.95 23.93813989 1.868613563 
69 24.03157056 1.915117026 
69.05 24.12732642 1.959703914 
69.1 24.22531161 2.001923127 
69.15 24.32540777 2.041319306 
69.2 24.42747373 2.077441607 
69.25 24.53134581 2.109853484 
69.3 24.63683849 2.138143164 
69.35 24.74374565 2.161934456 
69.4 24.85184237 2.180897418 
69.45 24.96088724 2.194758387 
69.5 25.07062516 2.203308853 
69.55 25.1807906 2.20641266 
69.6 25.29111124 2.204011116 
69.65 25.40131179 2.196125675 
69.7 25.51111807 2.182857999 
69.75 25.62026097 2.164387368 
69.8 25.72848034 2.140965566 
69.85 25.83552862 2.112909532 
69.9 25.9411741 2.080592177 
69.95 26.04520371 2.044431889 
70 26.1474253 2.004881255 
70.05 26.24766936 1.962415564 
70.1 26.34579014 1.917521607 
70.15 26.44166622 1.870687208 
70.2 26.53520058 1.822391848 
70.25 26.62632018 1.77309861 
70.3 26.71497511 1.723247599 
70.35 26.80113749 1.673250869 
70.4 26.88480003 1.623488824 
70.45 26.96597447 1.574307979 
70.5 27.04468987 1.526019948 
70.55 27.12099087 1.47890146 
70.6 27.19493594 1.433195239 
70.65 27.2665957 1.389111545 
70.7 27.33605128 1.34683021 
70.75 27.40339279 1.306503009 
70.8 27.46871794 1.268256237 
70.85 27.53213075 1.232193366 
70.9 27.59374042 1.198397705 
70.95 27.65366031 1.166934987 
71 27.71200705 1.137855825 
71.05 27.76889985 1.111198016 
71.1 27.82445975 1.086988654 
71.15 27.87880918 1.065246044 
71.2 27.93207148 1.045981422 
71.25 27.98437055 1.029200466 
71.3 28.03583058 1.014904611 
71.35 28.08657581 1.003092183 
71.4 28.13673042 0.993759341 
71.45 28.18641838 0.9869008594 
71.5 28.23576343 0.9825107449 
71.55 28.28488896 0.9805827002 
71.6 28.3339181 0.9811104444 
71.65 28.38297362 0.9840878927 
71.7 28.43217801 0.9895092006 
71.75 28.48165347 0.997368676 
71.8 28.53152191 1.007660558 
71.85 28.58190494 1.020378661 
71.9 28.63292387 1.03551589 
71.95 28.68469966 1.053063603 
72 28.73735284 1.073010841 
72.05 28.79100339 1.095343403 
72.1 28.84577056 1.120042759 
72.15 28.90177269 1.14708481 
72.2 28.95912693 1.176438476 
72.25 29.01794886 1.208064113 
72.3 29.07835206 1.241911765 
72.35 29.14044765 1.277919254 
72.4 29.20434362 1.316010116 
72.45 29.27014412 1.356091404 
72.5 29.33794869 1.398051397 
72.55 29.40785126 1.441757245 
72.6 29.47993912 1.487052611 
72.65 29.55429175 1.533755388 
72.7 29.63097952 1.581655577 
72.75 29.7100623 1.630513439 
72.8 29.79158797 1.680058048 
72.85 29.87559088 1.729986396 
72.9 29.9620902 1.779963201 
72.95 30.05108836 1.8296216 
73 30.14256944 1.878564875 
73.05 30.23649768 1.92636938 
73.1 30.33281615 1.972588795 
73.15 30.43144559 2.016759773 
73.2 30.53228358 2.058409023 
73.25 30.63520403 2.097061767 
73.3 30.74005712 2.132251411 
73.35 30.84666969 2.163530203 
73.4 30.9548462 2.190480515 
73.45 31.06437022 2.212726309 
73.5 31.17500654 2.229944277 
73.55 31.28650375 2.241874085 
73.6 31.39859746 2.248327173 
73.65 31.51101382 2.249193584 
73.7 31.62347349 2.244446381 
73.75 31.73569581 2.234143375 
73.8 31.84740298 2.218425998 
73.85 31.95832428 2.197515378 
73.9 32.06820005 2.171705824 
73.95 32.17678534 2.141356087 
74 32.28385315 2.106878903 
74.05 32.38919709 2.068729387 
74.1 32.49263356 2.02739288 
74.15 32.59400321 1.983372832 
74.2 32.69317185 1.937179249 
74.25 32.79003081 1.889318128 
74.3 32.88449672 1.840282208 
74.35 32.97651083 1.790543235 
74.4 33.06603799 1.740545842 
74.45 33.15306528 1.690703032 
74.5 33.23760043 1.641393184 
74.55 33.31967009 1.592958437 
74.6 33.39931801 1.545704277 
74.65 33.47660323 1.499900112 
74.7 33.55159823 1.455780655 
74.75 33.62438727 1.413547888 
74.8 33.69506466 1.37337347 
74.85 33.76373333 1.335401384 
74.9 33.8305034 1.299750743 
74.95 33.89549094 1.266518597 
75 33.95881687 1.235782703 
75.05 34.020606 1.207604154 
75.1 34.08098621 1.182029856 
75.15 34.1400877 1.159094797 
75.2 34.19804244 1.138824106 
75.25 34.25498365 1.121234882 
75.3 34.31104539 1.106337805 
75.35 34.36636228 1.094138512 
75.4 34.42106921 1.08463877 
75.45 34.47530115 1.077837422 
75.5 34.52919302 1.07373115 
75.55 34.58287958 1.072315031 
75.6 34.63649533 1.073582914 
75.65 34.69017447 1.077527617 
75.7 34.74405086 1.084140945 
75.75 34.7982579 1.093413538 
75.8 34.85292858 1.105334543 
75.85 34.90819531 1.119891119 
75.9 34.96418986 1.137067762 
75.95 35.02104325 1.156845449 
76 35.07888552 1.179200603 
76.05 35.13784555 1.204103873 
76.1 35.19805075 1.231518718 
76.15 35.25962668 1.261399804 
76.2 35.32269667 1.293691212 
76.25 35.38738123 1.328324463 
76.3 35.45379746 1.365216376 
76.35 35.52205828 1.404266777 
76.4 35.59227161 1.445356096 
76.45 35.66453942 1.488342893 
76.5 35.73895656 1.533061379 
76.55 35.81560963 1.579319008 
76.6 35.89457558 1.62689424 
76.65 35.97592029 1.675534588 
76.7 36.05969702 1.724955103 
76.75 36.14594478 1.774837437 
76.8 36.23468665 1.824829667 
76.85 36.32592813 1.874547064 
76.9 36.41965549 1.923573968 
76.95 36.51583419 1.97146696 
77 36.61440753 2.017759439 
77.05 36.71529551 2.061967705 
77.1 36.81839389 2.10359856 
77.15 36.92357382 2.142158366 
77.2 37.03068174 2.177163384 
77.25 37.13953991 2.208151119 
77.3 37.24994746 2.234692293 
77.35 37.36168208 2.25640294 
77.4 37.47450222 2.272956085 
77.45 37.58815003 2.284092375 
77.5 37.70235465 2.289629088 
77.55 37.8168361 2.289466948 
77.6 37.93130945 2.283594321 
77.65 38.04548917 2.272088486 
77.7 38.15909359 2.25511386 
77.75 38.27184928 2.232917273 
77.8 38.38349515 2.205820539 
77.85 38.49378617 2.174210773 
77.9 38.60249671 2.138528998 
77.95 38.70942316 2.099257674 
78 38.81438605 2.056907805 
78.05 38.91723144 2.012006232 
78.1 39.01783175 1.965083657 
78.15 39.11608593 1.916663826 
78.2 39.21191912 1.867254193 
78.25 39.30528183 1.817338237 
78.3 39.39614874 1.767369516 
78.35 39.48451722 1.717767405 
78.4 39.57040559 1.668914418 
78.45 39.65385131 1.621154949 
78.5 39.73490906 1.574795208 
78.55 39.81364882 1.53010415 
78.6 39.89015403 1.487315176 
78.65 39.96451978 1.446628396 
78.7 40.0368512 1.408213278 
78.75 40.10726187 1.37221151 
78.8 40.17587244 1.338739958 
78.85 40.24280944 1.30789361 
78.9 40.30820412 1.279748413 
78.95 40.37219154 1.254363958 
79 40.43490974 1.231785959 
79.05 40.49649904 1.212048504 
79.1 40.55710146 1.195176061 
79.15 40.61686027 1.181185233 
79.2 40.67591953 1.170086254 
79.25 40.73442384 1.161884244 
79.3 40.79251805 1.156580209 
79.35 40.85034706 1.154171819 
79.4 40.90805565 1.15465394 
79.45 40.96578835 1.158018953 
79.5 41.0236893 1.164256849 
79.55 41.08190214 1.173355117 
79.6 41.1405699 1.185298406 
79.65 41.19983482 1.200067986 
79.7 41.25983822 1.217640995 
79.75 41.32072027 1.23798946 
79.8 41.38261974 1.261079119 
79.85 41.4456737 1.286868007 
79.9 41.5100171 1.315304844 
79.95 41.57578234 1.346327196 
80 41.6430987 1.379859441 
80.05 41.71209167 1.415810546 
80.1 41.7828822 1.45407168 
80.15 41.85558578 1.494513708 
80.2 41.93031147 1.536984604 
80.25 42.0071607 1.581306857 
80.3 42.08622604 1.627274967 
80.35 42.16758979 1.674653115 
80.4 42.25132244 1.723173159 
80.45 42.3374811 1.772533102 
80.5 42.42610776 1.822396191 
80.55 42.51722757 1.872390857 
80.6 42.61084711 1.922111664 
80.65 42.70695269 1.971121476 
80.7 42.80550877 2.018955009 
80.75 42.90645652 2.065123902 
80.8 43.00971271 2.10912339 
80.85 43.11516888 2.150440587 
80.9 43.22269091 2.188564288 
80.95 43.33211913 2.222996087 
81 43.44326893 2.253262493 
81.05 43.55593205 2.278927605 
81.1 43.66987843 2.299605808 
81.15 43.78485872 2.314973866 
81.2 43.90060742 2.324781775 
81.25 44.01684651 2.32886172 
81.3 44.13328959 2.327134596 
81.35 44.24964632 2.319613628 
81.4 44.365627 2.306404842 
81.45 44.48094725 2.287704306 
81.5 44.59533246 2.263792284 
81.55 44.70852208 2.235024648 
81.6 44.82027331 2.201822058 
81.65 44.93036441 2.164657521 
81.7 45.03859729 2.124043033 
81.75 45.14479944 2.080515996 
81.8 45.24882524 2.034626021 
81.85 45.35055654 1.986922699 
81.9 45.44990267 1.937944728 
81.95 45.54679991 1.8882107 
82 45.64121045 1.838211691 
82.05 45.73312103 1.78840568 
82.1 45.82254131 1.739213742 
82.15 45.909502 1.691017841 
82.2 45.99405289 1.644160042 
82.25 46.0762609 1.598942912 
82.3 46.15620804 1.555630862 
82.35 46.23398958 1.514452212 
82.4 46.30971219 1.475601765 
82.45 46.38349228 1.4392437 
82.5 46.45545447 1.40551463 
82.55 46.5257302 1.374526689 
82.6 46.59445653 1.34637056 
82.65 46.66177506 1.321118346 
82.7 46.72783098 1.298826245 
82.75 46.79277229 1.279536981 
82.8 46.85674914 1.26328198 
82.85 46.91991324 1.250083249 
82.9 46.9824174 1.239954997 
82.95 47.04441515 1.232904949 
83 47.1060604 1.228935398 
83.05 47.16750717 1.228043975 
83.1 47.22890937 1.230224152 
83.15 47.29042058 1.235465483 
83.2 47.35219385 1.243753589 
83.25 47.41438153 1.255069885 
83.3 47.47713502 1.269391054 
83.35 47.54060458 1.286688277 
83.4 47.60493899 1.306926205 
83.45 47.6702853 1.330061682 
83.5 47.73678838 1.356042228 
83.55 47.8045905 1.384804271 
83.6 47.87383071 1.416271156 
83.65 47.94464427 1.450350932 
83.7 48.01716181 1.486933949 
83.75 48.09150851 1.5258903 
83.8 48.16780303 1.567067162 
83.85 48.24615638 1.61028609 
83.9 48.32667069 1.655340372 
83.95 48.40943771 1.70199253 
84 48.49453733 1.749972119 
84.05 48.58203594 1.798973969 
84.1 48.67198464 1.848657053 
84.15 48.76441749 1.89864417 
84.2 48.8593497 1.948522657 
84.25 48.95677583 1.997846335 
84.3 49.05666815 2.046138868 
84.35 49.15897509 2.092898706 
84.4 49.26362003 2.137605715 
84.45 49.37050031 2.179729505 
84.5 49.47948679 2.218739401 
84.55 49.59042376 2.254115859 
84.6 49.70312955 2.285363016 
84.65 49.8173977 2.312021928 
84.7 49.9329988 2.333683936 
84.75 50.049683 2.350003519 
84.8 50.16718317 2.36070994 
84.85 50.28521867 2.365616993 
84.9 50.40349952 2.364630246 
84.95 50.52173103 2.357751281 
85 50.63961859 2.345078611 
85.05 50.75687253 2.326805183 
85.1 50.87321278 2.303212586 
85.15 50.98837341 2.274662303 
85.2 51.10210653 2.241584536 
85.25 51.21418576 2.204465257 
85.3 51.32440902 2.163832229 
85.35 51.43260063 2.120240719 
85.4 51.53861267 2.074259598 
85.45 51.64232565 2.026458418 
85.5 51.74364857 1.977395919 
85.55 51.84251836 1.927610275 
85.6 51.93889888 1.877611248 
85.65 52.03277944 1.827874289 
85.7 52.12417315 1.7788365 
85.75 52.21311498 1.730894306 
85.8 52.29965969 1.684402631 
85.85 52.38387983 1.63967531 
85.9 52.46586359 1.596986511 
85.95 52.54571292 1.556572909 
86 52.62354156 1.518636378 
86.05 52.69947338 1.483347025 
86.1 52.77364073 1.450846368 
86.15 52.84618305 1.42125055 
86.2 52.91724558 1.394653461 
86.25 52.98697825 1.371129687 
86.3 53.05553474 1.350737242 
86.35 53.1230716 1.333520023 
86.4 53.1897476 1.319509972 
86.45 53.2557231 1.308728933 
86.5 53.32115954 1.301190192 
86.55 53.38621905 1.296899696 
86.6 53.45106404 1.295856969 
86.65 53.51585689 1.298055706 
86.7 53.58075967 1.303484074 
86.75 53.64593388 1.312124706 
86.8 53.71154011 1.323954403 
86.85 53.77773783 1.338943544 
86.9 53.84468501 1.357055206 
86.95 53.91253777 1.378243996 
87 53.98144997 1.40245461 
87.05 54.0515727 1.429620114 
87.1 54.1230537 1.459659958 
87.15 54.1960367 1.49247776 
87.2 54.27066059 1.52795886 
87.25 54.34705853 1.56596771 
87.3 54.42535692 1.606345126 
87.35 54.50567418 1.648905502 
87.4 54.58811945 1.693434053 
87.45 54.67279115 1.739684219 
87.5 54.75977536 1.787375361 
87.55 54.84914413 1.83619092 
87.6 54.94095368 1.885777224 
87.65 55.03524254 1.935743155 
87.7 55.1320297 1.985660891 
87.75 55.23131274 2.035067948 
87.8 55.33306614 2.083470712 
87.85 55.43723967 2.130349652 
87.9 55.54375716 2.175166291 
87.95 55.65251547 2.217371994 
88 55.76338407 2.256418461 
88.05 55.87620499 2.291769752 
88.1 55.99079348 2.322915476 
88.15 56.10693926 2.349384675 
88.2 56.22440849 2.37075981 
88.25 56.34294648 2.386690147 
88.3 56.46228099 2.396903812 
88.35 56.58212618 2.40121778 
88.4 56.70218707 2.399545172 
88.45 56.82216433 2.391899323 
88.5 56.94175929 2.378394338 
88.55 57.06067901 2.35924204 
88.6 57.17864111 2.334745462 
88.65 57.29537838 2.305289301 
88.7 57.41064285 2.271327887 
88.75 57.52420924 2.233371402 
88.8 57.63587781 2.19197112 
88.85 57.74547637 2.147704463 
88.9 57.85286159 2.101160567 
88.95 57.95791962 2.052926989 
89 58.06056597 2.003577987 
89.05 58.16074487 1.953664687 
89.1 58.2584281 1.903707283 
89.15 58.35361347 1.854189282 
89.2 58.44632293 1.805553679 
89.25 58.53660062 1.758200902 
89.3 58.62451066 1.712488262 
89.35 58.71013507 1.668730665 
89.4 58.79357161 1.627202305 
89.45 58.87493172 1.588139088 
89.5 58.95433868 1.551741538 
89.55 59.03192575 1.518178006 
89.6 59.10783465 1.487587985 
89.65 59.18221405 1.460085416 
89.7 59.25521832 1.435761852 
89.75 59.32700642 1.414689423 
89.8 59.39774089 1.396923534 
89.85 59.46758706 1.382505252 
89.9 59.53671233 1.371463364 
89.95 59.6052855 1.363816093 
90 59.6734763 1.359572458 
90.05 59.74145492 1.358733291 
90.1 59.80939159 1.361291899 
90.15 59.87745618 1.367234378 
90.2 59.9458179 1.376539597 
90.25 60.01464488 1.389178838 
90.3 60.08410382 1.405115109 
90.35 60.15435958 1.424302129 
90.4 60.22557469 1.446683 
90.45 60.29790884 1.472188569 
90.5 60.37151826 1.500735489 
90.55 60.44655504 1.532224019 
90.6 60.52316624 1.566535565 
90.65 60.60149302 1.603530031 
90.7 60.68166952 1.643043013 
90.75 60.76382167 1.684882929 
90.8 60.84806582 1.728828168 
90.85 60.93450722 1.774624393 
90.9 61.02323844 1.821982134 
90.95 61.11433755 1.870574847 
91 61.20786629 1.920037649 
91.05 61.30386818 1.969966935 
91.1 61.40236652 2.019921121 
91.15 61.50336258 2.06942274 
91.2 61.60683372 2.117962104 
91.25 61.71273182 2.165002724 
91.3 61.82098196 2.209988586 
91.35 61.93148139 2.252353328 
91.4 62.04409905 2.291531223 
91.45 62.15867561 2.326969756 
91.5 62.2750241 2.358143427 
91.55 62.39293127 2.38456827 
91.6 62.51215969 2.405816455 
91.65 62.63245051 2.42153023 
91.7 62.75352702 2.431434418 
91.75 62.87509874 2.435346718 
91.8 62.99686608 2.433185108 
91.85 63.11852533 2.42497185 
91.9 63.23977393 2.410833757 
91.95 63.36031561 2.390998675 
92 63.47986555 2.365788364 
92.05 63.59815497 2.335608216 
92.1 63.71493538 2.300934437 
92.15 63.8299821 2.262299482 
92.2 63.94309707 2.220276551 
92.25 64.0541109 2.175463993 
92.3 64.1628841 2.12847035 
92.35 64.26930762 2.079900663 
92.4 64.37330265 2.030344506 
92.45 64.47481987 1.980366035 
92.5 64.57383818 1.930496193 
92.55 64.67036299 1.881227046 
92.6 64.76442434 1.833008134 
92.65 64.85607475 1.78624463 
92.7 64.94538698 1.741297034 
92.75 65.03245183 1.698482135 
92.8 65.11737594 1.65807494 
92.85 65.20027968 1.620311315 
92.9 65.28129525 1.585391081 
92.95 65.3605648 1.553481368 
93 65.43823887 1.524720047 
93.05 65.51447487 1.499219098 
93.1 65.58943583 1.477067813 
93.15 65.66328922 1.458335747 
93.2 65.73620601 1.443075363 
93.25 65.80835977 1.431324335 
93.3 65.87992599 1.423107479 
93.35 65.95108136 1.418438306 
93.4 66.02200328 1.417320181 
93.45 66.09286929 1.419747104 
93.5 66.16385664 1.425704099 
93.55 66.23514185 1.435167219 
93.6 66.30690021 1.448103184 
93.65 66.37930537 1.464468643 
93.7 66.4525288 1.484209079 
93.75 66.52673926 1.507257363 
93.8 66.60210212 1.533531973 
93.85 66.67877872 1.562934901 
93.9 66.75692547 1.595349271 
93.95 66.83669293 1.630636719 
94 66.91822477 1.668634577 
94.05 67.0016565 1.709152951 
94.1 67.08711414 1.751971776 
94.15 67.17471273 1.796837969 
94.2 67.26455463 1.843462841 
94.25 67.35672777 1.89151993 
94.3 67.45130377 1.940643462 
94.35 67.54833594 1.99042768 
94.4 67.64785733 2.040427261 
94.45 67.74987869 2.090159098 
94.5 67.85438664 2.139105657 
94.55 67.96134193 2.18672013 
94.6 68.07067793 2.232433512 
94.65 68.18229961 2.275663681 
94.7 68.29608279 2.315826394 
94.75 68.41187411 2.352348039 
94.8 68.52949151 2.38467977 
94.85 68.6487255 2.412312532 
94.9 68.76934113 2.434792326 
94.95 68.89108075 2.451734964 
95 69.01366749 2.462839472 
95.05 69.13680947 2.46789934 
95.1 69.26020443 2.466810871 
95.15 69.38354498 2.459578034 
95.2 69.50652388 2.446313442 
95.25 69.62883955 2.427235344 
95.3 69.75020132 2.402660786 
95.35 69.87033436 2.372995352 
95.4 69.98898413 2.338720142 
95.45 70.10592013 2.300376777 
95.5 70.22093897 2.258551304 
95.55 70.33386654 2.213857888 
95.6 70.44455943 2.166923088 
95.65 70.55290559 2.118371385 
95.7 70.65882416 2.068812489 
95.75 70.76226478 2.018830727 
95.8 70.86320632 1.968976695 
95.85 70.96165515 1.919761152 
95.9 71.05764321 1.871651048 
95.95 71.15122576 1.825067456 
96 71.24247913 1.780385149 
96.05 71.33149839 1.73793351 
96.1 71.41839507 1.697998481 
96.15 71.50329499 1.660825254 
96.2 71.58633625 1.626621459 
96.25 71.66766733 1.595560608 
96.3 71.74744536 1.567785627 
96.35 71.82583464 1.543412308 
96.4 71.90300525 1.522532579 
96.45 71.97913188 1.505217504 
96.5 72.05439276 1.491519938 
96.55 72.12896875 1.481476813 
96.6 72.2030426 1.475111024 
96.65 72.27679815 1.472432884 
96.7 72.35041979 1.473441171 
96.75 72.42409185 1.478123737 
96.8 72.49799804 1.486457699 
96.85 72.57232092 1.49840921 
96.9 72.64724138 1.513932827 
96.95 72.72293802 1.53297047 
97 72.79958655 1.555450002 
97.05 72.87735905 1.581283437 
97.1 72.95642322 1.610364813 
97.15 73.03694146 1.64256775 
97.2 73.11906985 1.677742753 
97.25 73.20295698 1.715714328 
97.3 73.2887427 1.756277972 
97.35 73.3765566 1.799197182 
97.4 73.46651646 1.844200583 
97.45 73.55872649 1.89097936 
97.5 73.65327546 1.93918519 
97.55 73.75023472 1.988428882 
97.6 73.84965616 2.038279989 
97.65 73.95157016 2.088267636 
97.7 74.05598354 2.137882845 
97.75 74.16287768 2.186582572 
97.8 74.27220681 2.23379568 
97.85 74.3838966 2.278930959 
97.9 74.49784314 2.321387225 
97.95 74.6139125 2.360565395 
98 74.73194077 2.395882283 
98.05 74.85173489 2.426785691 
98.1 74.97307417 2.452770222 
98.15 75.09571268 2.473393072 
98.2 75.21938234 2.488288978 
98.25 75.34379679 2.497183454 
98.3 75.46865596 2.499903456 
98.35 75.59365113 2.496384753 
98.4 75.71847037 2.48667546 
98.45 75.84280414 2.470935424 
98.5 75.96635091 2.449431466 
98.55 76.08882249 2.422528746 
98.6 76.20994892 2.390678801 
98.65 76.32948286 2.354405019 
98.7 76.44720312 2.314286415 
98.75 76.56291744 2.270940666 
98.8 76.67646447 2.225007296 
98.85 76.78771483 2.177131797 
98.9 76.89657142 2.127951337 
98.95 77.00296899 2.0780825 
99 77.10687312 2.028111311 
99.05 77.20827868 1.978585646 
99.1 77.30720796 1.930009949 
99.15 77.40370846 1.882842079 
99.2 77.49785057 1.837492014 
99.25 77.58972517 1.794322131 
99.3 77.67944127 1.753648704 
99.35 77.76712371 1.715744343 
99.4 77.85291092 1.680841054 
99.45 77.93695298 1.649133681 
99.5 78.01940966 1.620783512 
99.55 78.10044884 1.595921861 
99.6 78.18024493 1.574653504 
99.65 78.25897761 1.55705985 
99.7 78.3368306 1.543201769 
99.75 78.41399069 1.533122036 
99.8 78.49064679 1.526847341 
99.85 78.56698916 1.524389854 
99.9 78.64320865 1.525748327 
99.95 78.71949606 1.530908737 
100 78.7960415 1.53984446 
