0.05 0.05 0.9987501302 
0.1 0.09987503255 0.9950052028 
0.15 0.1495006563 0.9887838607 
0.2 0.1987536689 0.9801168484 
0.25 0.2475127017 0.9690465205 
0.3 0.2956587862 0.9556261755 
0.35 0.3430758823 0.9399192334 
0.4 0.3896513624 0.9219982816 
0.45 0.435276444 0.9019440163 
0.5 0.4798465685 0.8798441071 
0.55 0.52326172 0.8557920161 
0.6 0.5654266857 0.829885799 
0.65 0.6062512555 0.8022269171 
0.7 0.6456503629 0.7729190849 
0.75 0.6835441696 0.7420671773 
0.8 0.7198580973 0.709776214 
0.85 0.7545228105 0.6761504391 
0.9 0.7874741561 0.641292505 
0.95 0.8186530649 0.6053027722 
1 0.8480054207 0.5682787267 
1.05 0.8754819039 0.5303145191 
1.1 0.9010378144 0.4915006229 
1.15 0.9246328811 0.451923609 
1.2 0.9462310618 0.4116660311 
1.25 0.9658003416 0.3708064148 
1.3 0.9833125319 0.3294193423 
1.35 0.9987430765 0.2875756245 
1.4 1.012070869 0.2453425503 
1.45 1.023278082 0.2027842048 
1.5 1.032350018 0.1599618459 
1.55 1.039274978 0.1169343306 
1.6 1.044044148 0.07375858135 
1.65 1.046651521 0.03049008424 
1.7 1.047093835 -0.0128165905 
1.75 1.045370539 -0.05610725352 
1.8 1.041483788 -0.09932755568 
1.85 1.035438467 -0.1424224497 
1.9 1.027242237 -0.1853356626 
1.95 1.016905609 -0.2280091877 
2 1.004442044 -0.2703828038 
2.05 0.9898680756 -0.3123936319 
2.1 0.973203452 -0.3539757366 
2.15 0.9544712997 -0.3950597833 
2.2 0.9336983002 -0.4355727597 
2.25 0.9109148804 -0.4754377705 
2.3 0.8861554108 -0.5145739164 
2.35 0.8594584072 -0.5528962643 
2.4 0.8308667326 -0.5903159191 
2.45 0.8004277917 -0.6267402023 
2.5 0.7681937139 -0.6620729465 
2.55 0.7342215199 -0.6962149062 
2.6 0.6985732628 -0.7290642909 
2.65 0.661316141 -0.7605174177 
2.7 0.622522575 -0.7904694801 
2.75 0.5822702431 -0.8188154269 
2.8 0.5406420699 -0.8454509407 
2.85 0.4977261646 -0.8702735005 
2.9 0.4536157035 -0.8931835129 
2.95 0.4084087548 -0.9140854876 
3 0.3622080436 -0.9328892351 
3.05 0.315120657 -0.9495110591 
3.1 0.2672576901 -0.9638749135 
3.15 0.2187338351 -0.9759134963 
3.2 0.169666918 -0.98556925 
3.25 0.1201773879 -0.9927952413 
3.3 0.07038776546 -0.9975558942 
3.35 0.02042205868 -0.9998275553 
3.4 -0.02959484488 -0.9995988746 
3.45 -0.07953780046 -0.9968709889 
3.5 -0.1292820324 -0.9916575036 
3.55 -0.1787037549 -0.9839842731 
3.6 -0.2276807759 -0.9738889853 
3.65 -0.2760930767 -0.9614205651 
3.7 -0.3238233565 -0.9466384125 
3.75 -0.3707575352 -0.9296114994 
3.8 -0.4167852082 -0.91041735 
3.85 -0.461800047 -0.889140933 
3.9 -0.5057001432 -0.865873496 
3.95 -0.5483882929 -0.8407113699 
4 -0.5897722208 -0.8137547734 
4.05 -0.6297647448 -0.785106643 
4.1 -0.6682838836 -0.7548715129 
4.15 -0.7052529093 -0.7231544662 
4.2 -0.7406003496 -0.6900601736 
4.25 -0.7742599444 -0.6556920335 
4.3 -0.8061705621 -0.6201514234 
4.35 -0.8362760814 -0.5835370694 
4.4 -0.8645252444 -0.5459445352 
4.45 -0.8908714871 -0.5074658319 
4.5 -0.9152727537 -0.468189146 
4.55 -0.9376912999 -0.4281986801 
4.6 -0.958093491 -0.3875746004 
4.65 -0.9764496002 -0.3463930835 
4.7 -0.9927336113 -0.3047264543 
4.75 -1.006923031 -0.2626434045 
4.8 -1.018998712 -0.220209284 
4.85 -1.028944696 -0.1774864549 
4.9 -1.036748075 -0.1345346986 
4.95 -1.042398868 -0.09141166673 
5 -1.045889931 -0.04817336803 
5.05 -1.047216886 -0.004874680213 
5.1 -1.046378076 0.0384301196 
5.15 -1.043374551 0.0816868155 
5.2 -1.038210076 0.1248407125 
5.25 -1.030891169 0.1678361035 
5.3 -1.021427167 0.2106157521 
5.35 -1.009830312 0.2531203997 
5.4 -0.9961158653 0.2952883058 
5.45 -0.9803022424 0.3370548298 
5.5 -0.9624111688 0.3783520643 
5.55 -0.9424678506 0.4191085293 
5.6 -0.9205011602 0.4592489355 
5.65 -0.896543832 0.4986940281 
5.7 -0.8706326633 0.5373605182 
5.75 -0.8428087164 0.5751611125 
5.8 -0.8131175172 0.6120046473 
5.85 -0.7816092433 0.6477963349 
5.9 -0.7483388984 0.6824381266 
5.95 -0.7133664641 0.7158291957 
6 -0.6767570255 0.7478665416 
6.05 -0.6385808633 0.7784457116 
6.1 -0.598913507 0.8074616364 
6.15 -0.5578357434 0.8348095687 
6.2 -0.5154335759 0.8603861145 
6.25 -0.47179813 0.8840903376 
6.3 -0.4270255022 0.9058249207 
6.35 -0.3812165496 0.9254973573 
6.4 -0.3344766193 0.943021149 
6.45 -0.2869152183 0.9583169816 
6.5 -0.2386456256 0.9713138477 
6.55 -0.1897844497 0.9819500895 
6.6 -0.1404511362 0.9901743306 
6.65 -0.09076743235 0.9959462724 
6.7 -0.04085681517 0.9992373302 
6.75 0.00915610815 1.000031091 
6.8 0.05914621772 0.9983235787 
6.85 0.108988507 0.9941233192 
6.9 0.1585587069 0.9874512017 
6.95 0.207733898 0.9783401424 
7 0.2563931013 0.9668345603 
7.05 0.3044178378 0.95298968 
7.1 0.3516926495 0.9368706833 
7.15 0.3981055745 0.9185517337 
7.2 0.4435485702 0.8981149013 
7.25 0.4879178811 0.8756490169 
7.3 0.5311143473 0.8512484851 
7.35 0.5730436534 0.825012085 
7.4 0.6136165177 0.7970417872 
7.45 0.652748822 0.7674416101 
7.5 0.690361687 0.7363165396 
7.55 0.7263814939 0.7037715301 
7.6 0.7607398593 0.6699106018 
7.65 0.7933735675 0.6348360458 
7.7 0.8242244652 0.5986477443 
7.75 0.8532393258 0.5614426108 
7.8 0.8803696883 0.5233141507 
7.85 0.9055716779 0.4843521415 
7.9 0.9288058123 0.444642428 
7.95 0.9500368019 0.4042668271 
8 0.9692333471 0.3633031348 
8.05 0.9863679388 0.3218252286 
8.1 1.001416666 0.2799032531 
8.15 1.014359034 0.2376038841 
8.2 1.0251778 0.1949906571 
8.25 1.033858825 0.1521243546 
8.3 1.040390944 0.1090634399 
8.35 1.044765863 0.06586453036 
8.4 1.046978081 0.02258290038 
8.45 1.047024831 -0.02072699479 
8.5 1.044906058 -0.06401098228 
8.55 1.040624412 -0.1072146306 
8.6 1.03418528 -0.1502827126 
8.65 1.025596837 -0.1931586807 
8.7 1.014870123 -0.2357841631 
8.75 1.00201915 -0.2780984891 
8.8 0.9870610253 -0.3200382529 
8.85 0.9700161005 -0.3615369249 
8.9 0.9509081357 -0.4025245196 
8.95 0.9297644804 -0.4429273294 
9 0.9066162651 -0.4826677345 
9.05 0.8814986003 -0.521664097 
9.1 0.8544507794 -0.5598307499 
9.15 0.8255164789 -0.5970780872 
9.2 0.7947439518 -0.6333127635 
9.25 0.7621862083 -0.6684380091 
9.3 0.7279011773 -0.7023540636 
9.35 0.6919518439 -0.7349587306 
9.4 0.6544063557 -0.7661480518 
9.45 0.6153380927 -0.7958170968 
9.5 0.5748256946 -0.8238608614 
9.55 0.5329530409 -0.8501752623 
9.6 0.4898091789 -0.8746582141 
9.65 0.4454881963 -0.8972107704 
9.7 0.4000890347 -0.9177383055 
9.75 0.353715244 -0.9361517135 
9.8 0.3064746765 -0.9523685965 
9.85 0.2584791224 -0.9663144125 
9.9 0.2098438887 -0.977923555 
9.95 0.1606873269 -0.9871403332 
10 0.1111303143 -0.9939198273 
10.05 0.06129569582 -0.9982285924 
10.1 0.01130769455 -1.000045192 
10.15 -0.03870869934 -0.9993605412 
10.2 -0.08862835261 -0.9961780583 
10.25 -0.1383266151 -0.9905136053 
10.3 -0.1876799379 -0.9823952335 
10.35 -0.2365664745 -0.9718627341 
10.4 -0.2848666536 -0.9589670095 
10.45 -0.3324637172 -0.9437692838 
10.5 -0.3792442154 -0.9263401762 
10.55 -0.4250984511 -0.9067586628 
10.6 -0.4699208711 -0.8851109563 
10.65 -0.5136103993 -0.861489332 
10.7 -0.5560707096 -0.8359909302 
10.75 -0.5972104399 -0.8087165628 
10.8 -0.6369433455 -0.779769551 
10.85 -0.6751883969 -0.7492546167 
10.9 -0.7118698223 -0.7172768474 
10.95 -0.7469171014 -0.6839407531 
11 -0.7802649143 -0.6493494257 
11.05 -0.8118530509 -0.6136038114 
11.1 -0.841626287 -0.576802102 
11.15 -0.8695342325 -0.5390392455 
11.2 -0.8955311592 -0.5004065782 
11.25 -0.9195758116 -0.4609915734 
11.3 -0.9416312095 -0.4208777018 
11.35 -0.9616644457 -0.3801443983 
11.4 -0.9796464844 -0.3388671257 
11.45 -0.9955519652 -0.297117528 
11.5 -1.009359017 -0.2549636632 
11.55 -1.021049087 -0.2124703069 
11.6 -1.030606782 -0.1696993164 
11.65 -1.038019733 -0.1267100468 
11.7 -1.043278486 -0.08355980937 
11.75 -1.046376402 -0.04030436343 
11.8 -1.047309602 0.003001567507 
11.85 -1.046076922 0.04630376296 
11.9 -1.042679903 0.08954796524 
11.95 -1.037122808 0.1326793397 
12 -1.02941266 0.175641944 
12.05 -1.019559318 0.2183782144 
12.1 -1.00757556 0.2608284783 
12.15 -0.9934772116 0.3029305009 
12.2 -0.9772832755 0.3446190764 
12.25 -0.9590160954 0.3858256709 
12.3 -0.9387015282 0.4264781282 
12.35 -0.9163691323 0.4665004479 
12.4 -0.892052364 0.5058126431 
12.45 -0.8657887795 0.5443306903 
12.5 -0.8376202366 0.5819665763 
12.55 -0.8075930921 0.6186284527 
12.6 -0.7757583875 0.6542209033 
12.65 -0.7421720203 0.6886453281 
12.7 -0.706894891 0.7218004493 
12.75 -0.6699930237 0.7535829361 
12.8 -0.6315376513 0.7838881484 
12.85 -0.5916052607 0.8126109916 
12.9 -0.5502775934 0.8396468736 
12.95 -0.5076415949 0.8648927502 
13 -0.4637893104 0.8882482425 
13.05 -0.4188177228 0.9096168048 
13.1 -0.3728285318 0.9289069204 
13.15 -0.3259278719 0.9460332972 
13.2 -0.2782259721 0.9609180361 
13.25 -0.2298367574 0.9734917421 
13.3 -0.1808773971 0.9836945491 
13.35 -0.1314678038 0.9914770291 
13.4 -0.08173009052 0.9968009611 
13.45 -0.03178799355 0.9996399368 
13.5 0.01823373159 0.9999797839 
13.55 0.06820992988 0.997818796 
13.6 0.1180156734 0.9931677597 
13.65 0.167526884 0.9860497807 
13.7 0.2166209425 0.9764999119 
13.75 0.2651772747 0.9645645959 
13.8 0.313077904 0.9503009393 
13.85 0.3602079655 0.9337758388 
13.9 0.4064561714 0.915064985 
13.95 0.4517152247 0.8942517728 
14 0.4958821767 0.8714261449 
14.05 0.5388587242 0.8466834005 
14.1 0.5805514483 0.8201229973 
14.15 0.6208719918 0.7918473726 
14.2 0.6597371796 0.7619608101 
14.25 0.6970690836 0.7305683729 
14.3 0.7327950357 0.6977749206 
14.35 0.7668475945 0.6636842249 
14.4 0.7991644699 0.6283981957 
14.45 0.8296884125 0.5920162225 
14.5 0.8583670723 0.5546346362 
14.55 0.8851528339 0.5163462917 
14.6 0.9100026338 0.4772402696 
14.65 0.9328777656 0.4374016911 
14.7 0.9537436789 0.3969116424 
14.75 0.9725697767 0.3558471999 
14.8 0.9893292171 0.3142815474 
14.85 1.003998722 0.2722841783 
14.9 1.0165584 0.2299211704 
14.95 1.026991582 0.1872555274 
15 1.035284675 0.1443475741 
15.05 1.041427044 0.1012553992 
15.1 1.045410907 0.05803533408 
15.15 1.04723126 0.01474246035 
15.2 1.04688583 -0.0285688631 
15.25 1.04437505 -0.07184446195 
15.3 1.039702064 -0.1150298054 
15.35 1.032872757 -0.1580694706 
15.4 1.023895815 -0.2009066212 
15.45 1.012782809 -0.2434825075 
15.5 0.9995482976 -0.2857359986 
15.55 0.9842099641 -0.3276031537 
15.6 0.9667887626 -0.369016843 
15.65 0.9473090878 -0.4099064263 
15.7 0.9257989573 -0.4501975003 
15.75 0.9022902056 -0.4898117229 
15.8 0.8768186839 -0.5286667237 
15.85 0.8494244627 -0.5666761102 
15.9 0.8201520316 -0.603749578 
15.95 0.7890504908 -0.6397931303 
16 0.7561737285 -0.6747094142 
16.05 0.7215805791 -0.7083981765 
16.1 0.6853349551 -0.7407568401 
16.15 0.6475059476 -0.7716811992 
16.2 0.6081678888 -0.8010662299 
16.25 0.5674003713 -0.8288070068 
16.3 0.525288219 -0.8547997138 
16.35 0.4819214053 -0.8789427346 
16.4 0.4373949153 -0.9011378029 
16.45 0.3918085488 -0.9212911895 
16.5 0.3452666637 -0.9393149017 
16.55 0.2978778591 -0.9551278665 
16.6 0.2497546005 -0.9686570691 
16.65 0.2010127893 -0.979838616 
16.7 0.1517712813 -0.9886186957 
16.75 0.1021513599 -0.9949544078 
16.8 0.05227617223 -0.9988144382 
16.85 0.002270134864 -1.000179559 
16.9 -0.04774168076 -0.9990429393 
16.95 -0.09763417329 -0.9954102551 
17 -0.1472828371 -0.9892995983 
17.05 -0.1965643784 -0.9807411843 
17.1 -0.2453573113 -0.9697768692 
17.15 -0.2935425261 -0.9564594903 
17.2 -0.3410038193 -0.9408520502 
17.25 -0.3876283802 -0.9230267673 
17.3 -0.4333072263 -0.9030640209 
17.35 -0.477935584 -0.8810512184 
17.4 -0.5214132111 -0.8570816149 
17.45 -0.5636446593 -0.8312531137 
17.5 -0.6045394767 -0.8036670772 
17.55 -0.6440123515 -0.7744271716 
17.6 -0.681983199 -0.7436382703 
17.65 -0.7183771951 -0.7114054343 
17.7 -0.7531247621 -0.6778329865 
17.75 -0.7861615092 -0.6430236909 
17.8 -0.8174281359 -0.607078046 
17.85 -0.8468703021 -0.5700936972 
17.9 -0.874438473 -0.5321649702 
17.95 -0.9000877422 -0.4933825236 
18 -0.9237776416 -0.4538331185 
18.05 -0.9454719419 -0.413599499 
18.1 -0.9651384502 -0.3727603766 
18.15 -0.9827488094 -0.3313905111 
18.2 -0.9982783032 -0.2895608789 
18.25 -1.011705673 -0.2473389196 
18.3 -1.023012947 -0.2047888509 
18.35 -1.032185288 -0.161972043 
18.4 -1.039210862 -0.1189474435 
18.45 -1.044080729 -0.07577204193 
18.5 -1.046788753 -0.03250136712 
18.55 -1.047331545 0.01080999293 
18.6 -1.04570843 0.05410785631 
18.65 -1.041921437 0.0973379063 
18.7 -1.035975323 0.1404451525 
18.75 -1.027877615 0.1833734024 
18.8 -1.017638689 0.2260647519 
18.85 -1.005271865 0.2684591027 
18.9 -0.9907935249 0.310493717 
18.95 -0.9742232626 0.3521028165 
19 -0.9555840396 0.3932172362 
19.05 -0.9349023641 0.4337641424 
19.1 -0.9122084806 0.4736668243 
19.15 -0.8875365678 0.5128445678 
19.2 -0.8609249408 0.5512126216 
19.25 -0.8324162526 0.5886822639 
19.3 -0.8020576896 0.6251609759 
19.35 -0.7699011556 0.6605527299 
19.4 -0.7360034387 0.694758396 
19.45 -0.7004263549 0.7276762685 
19.5 -0.6632368618 0.7592027135 
19.55 -0.6245071378 0.7892329323 
19.6 -0.5843146193 0.8176618363 
19.65 -0.5427419926 0.8443850207 
19.7 -0.4998771342 0.8692998244 
19.75 -0.4558129959 0.8923064587 
19.8 -0.4106474324 0.9133091819 
19.85 -0.3644829695 0.9322174972 
19.9 -0.3174265118 0.9489473465 
19.95 -0.2695889912 0.9634222699 
20 -0.2210849585 0.9755745047 
20.05 -0.1720321229 0.9853459905 
20.1 -0.1225508424 0.9926892562 
20.15 -0.07276357417 0.997568161 
20.2 -0.02279429189 0.9999584681 
20.25 0.02723212191 0.9998482347 
20.3 0.0771904977 0.9972380054 
20.35 0.1269560056 0.9921408034 
20.4 0.1764047768 0.98458192 
20.45 0.2254145087 0.9745985083 
20.5 0.2738650461 0.9622389943 
20.55 0.3216389277 0.947562322 
20.6 0.3686218915 0.9306370561 
20.65 0.4147033315 0.9115403663 
20.7 0.4597767018 0.890356923 
20.75 0.5037398629 0.8671777326 
20.8 0.5464953693 0.8420989428 
20.85 0.5879506961 0.8152206451 
20.9 0.6280184071 0.7866457029 
20.95 0.6666162642 0.7564786282 
21 0.7036672829 0.7248245285 
21.05 0.7390997365 0.6917881401 
21.1 0.772847115 0.6574729635 
21.15 0.8048480427 0.6219805087 
21.2 0.8350461615 0.5854096591 
21.25 0.8633899851 0.5478561542 
21.3 0.8898327303 0.5094121942 
21.35 0.914332132 0.4701661622 
21.4 0.9368502461 0.4302024593 
21.45 0.9573532486 0.3896014483 
21.5 0.9758112326 0.3484394949 
21.55 0.9921980113 0.3067891025 
21.6 1.006490929 0.2647191267 
21.65 1.018670685 0.222295064 
21.7 1.028721174 0.1795794028 
21.75 1.036629344 0.1366320291 
21.8 1.042385079 0.09351067509 
21.85 1.045981101 0.05027140507 
21.9 1.047412901 0.00696912653 
21.95 1.046678691 -0.03634187982 
22 1.04377939 -0.07960742073 
22.05 1.038718629 -0.1227728496 
22.1 1.031502793 -0.1657825328 
22.15 1.022141077 -0.2085793311 
22.2 1.010645577 -0.2511041053 
22.25 0.9970314033 -0.2932952542 
22.3 0.9813168114 -0.335088294 
22.35 0.963523359 -0.3764154892 
22.4 0.9436760756 -0.4172055424 
22.45 0.9218036475 -0.4573833547 
22.5 0.8979386135 -0.4968698646 
22.55 0.8721175655 -0.5355819751 
22.6 0.8443813508 -0.5734325781 
22.65 0.8147752715 -0.6103306832 
22.7 0.783349273 -0.6461816582 
22.75 0.7501581195 -0.6808875867 
22.8 0.7152615471 -0.7143477451 
22.85 0.6787243912 -0.7464592005 
22.9 0.6406166804 -0.777117528 
22.95 0.6010136916 -0.8062176401 
23 0.559995961 -0.8336547216 
23.05 0.5176492465 -0.8593252563 
23.1 0.4740644352 -0.88312813 
23.15 0.4293373959 -0.9049657886 
23.2 0.383568771 -0.9247454303 
23.25 0.3368637091 -0.9423802042 
23.3 0.289331538 -0.9577903877 
23.35 0.2410853791 -0.9709045139 
23.4 0.1922417074 -0.9816604193 
23.45 0.1429198618 -0.9900061819 
23.5 0.0932415104 -0.9959009258 
23.55 0.04333008103 -0.9993154655 
23.6 -0.006689837902 -1.000232774 
23.65 -0.05669311436 -0.9986482563 
23.7 -0.1065546987 -0.9945698264 
23.75 -0.1561502486 -0.9880177773 
23.8 -0.2053567419 -0.9790244544 
23.85 -0.2540530691 -0.96763374 
23.9 -0.3021205948 -0.9539003637 
23.95 -0.3494436812 -0.9378890607 
24 -0.3959101653 -0.9196736012 
24.05 -0.4414117852 -0.8993357191 
24.1 -0.4858445508 -0.8769639684 
24.15 -0.529109055 -0.8526525367 
24.2 -0.5711107263 -0.8265000458 
24.25 -0.61176002 -0.798608366 
24.3 -0.6509725519 -0.7690814704 
24.35 -0.688669175 -0.7380243496 
24.4 -0.7247760047 -0.7055420083 
24.45 -0.7592243954 -0.6717385575 
24.5 -0.7919508744 -0.6367164128 
24.55 -0.8228970388 -0.6005756098 
24.6 -0.8520094203 -0.5634132371 
24.65 -0.8792393258 -0.5253229918 
24.7 -0.9045426579 -0.4863948529 
24.75 -0.9278797223 -0.4467148717 
24.8 -0.9492150277 -0.4063650709 
24.85 -0.9685170829 -0.3654234473 
24.9 -0.9857581972 -0.3239640689 
24.95 -1.000914287 -0.2820572582 
25 -1.013964694 -0.2397698512 
25.05 -1.024892019 -0.1971655246 
25.1 -1.033681973 -0.1543051794 
25.15 -1.040323246 -0.1112473737 
25.2 -1.044807405 -0.06804879396 
25.25 -1.04712881 -0.02476475721 
25.3 -1.047284559 0.01855026585 
25.35 -1.045274459 0.06184211424 
25.4 -1.041101026 0.1050563954 
25.45 -1.034769505 0.1481379476 
25.5 -1.026287926 0.191030314 
25.55 -1.015667183 0.2336752372 
25.6 -1.002921131 0.2760121831 
25.65 -0.9880667146 0.3179779017 
25.7 -0.9711241149 0.3595060359 
25.75 -0.9521169123 0.4005267861 
25.8 -0.9310722667 0.4409666398 
25.85 -0.9080211091 0.4807481778 
25.9 -0.8829983406 0.5197899634 
25.95 -0.8560430352 0.558006526 
26 -0.8271986402 0.5953084461 
26.05 -0.7965131705 0.6316025491 
26.1 -0.76403939 0.6667922142 
26.15 -0.7298349746 0.7007778022 
26.2 -0.6939626512 0.7334572037 
26.25 -0.6564903056 0.7647265082 
26.3 -0.6174910546 0.7944807876 
26.35 -0.577043276 0.8226149899 
26.4 -0.5352305911 0.8490249296 
26.45 -0.4921417953 0.8736083614 
26.5 -0.447870734 0.8962661189 
26.55 -0.402516119 0.9169032955 
26.6 -0.356181286 0.9354304441 
26.65 -0.3089738916 0.9517647663 
26.7 -0.2610055517 0.9658312646 
26.75 -0.2123914232 0.9775638264 
26.8 -0.1632497342 0.9869062102 
26.85 -0.1137012667 0.993812909 
26.9 -0.0638688007 0.9982498622 
26.95 -0.01387652586 1.000194999 
27 0.03615056919 0.999638593 
27.05 0.08608732047 0.9965834206 
27.1 0.1358090152 0.9910447158 
27.15 0.1851920111 0.9830499239 
27.2 0.2341143382 0.9726382617 
27.25 0.2824562743 0.9598600972 
27.3 0.3301008849 0.944776168 
27.35 0.3769345202 0.9274566598 
27.4 0.4228472633 0.9079801733 
27.45 0.4677333237 0.8864326066 
27.5 0.5114913738 0.8629059826 
27.55 0.554024825 0.8374972513 
27.6 0.5952420448 0.8103070955 
27.65 0.6350565131 0.781438765 
27.7 0.6733869226 0.7509969644 
27.75 0.7101572243 0.719086814 
27.8 0.7452966238 0.6858129003 
27.85 0.7787395315 0.6512784303 
27.9 0.8104254746 0.6155844975 
27.95 0.8402989738 0.5788294664 
28 0.8683093939 0.5411084776 
28.05 0.8944107706 0.5025130731 
28.1 0.9185616238 0.4631309388 
28.15 0.940724759 0.4230457604 
28.2 0.9608670653 0.3823371839 
28.25 0.9789593139 0.3410808754 
28.3 0.9949759611 0.2993486695 
28.35 1.008894962 0.2572087991 
28.4 1.020697598 0.2147261952 
28.45 1.030368316 0.1719628484 
28.5 1.037894598 0.1289782233 
28.55 1.043266839 0.08582971461 
28.6 1.046478258 0.04257313762 
28.65 1.047524833 -0.0007367558595 
28.7 1.046405259 -0.04404574554 
28.75 1.043120935 -0.08729960223 
28.8 1.03767598 -0.1304435476 
28.85 1.030077271 -0.1734217224 
28.9 1.020334511 -0.2161766716 
28.95 1.008460324 -0.2586488549 
29 0.9944703662 -0.3007761914 
29.05 0.9783834685 -0.3424936473 
29.1 0.9602217914 -0.3837328765 
29.15 0.9400109991 -0.4244219222 
29.2 0.9177804473 -0.4644849905 
29.25 0.893563379 -0.5038423042 
29.3 0.8673971267 -0.5424100466 
29.35 0.8393233144 -0.5801004037 
29.4 0.8093880551 -0.6168217125 
29.45 0.7776421381 -0.652478722 
29.5 0.7441412005 -0.6869729715 
29.55 0.7089458766 -0.7202032897 
29.6 0.6721219196 -0.752066414 
29.65 0.6337402892 -0.7824577274 
29.7 0.5938771992 -0.811272109 
29.75 0.5526141205 -0.8384048851 
29.8 0.5100377337 -0.8637528716 
29.85 0.4662398274 -0.8872154882 
29.9 0.4213171397 -0.9086959247 
29.95 0.37537114 -0.9281023366 
30 0.3285077509 -0.9453490419 
30.05 0.2808370101 -0.9603576925 
30.1 0.2324726755 -0.9730583895 
30.15 0.1835317756 -0.9833907137 
30.2 0.1341341109 -0.9913046425 
30.25 0.08440171349 -0.9967613271 
30.3 0.03445827021 -0.9997337076 
30.35 -0.01557147949 -1.000206947 
30.4 -0.06556236327 -0.9981786709 
30.45 -0.1153894026 -0.9936590072 
30.5 -0.164928436 -0.9866704207 
30.55 -0.2140567299 -0.9772473526 
30.6 -0.2626535653 -0.9654356722 
30.65 -0.3106007939 -0.9512919585 
30.7 -0.3577833534 -0.9348826339 
30.75 -0.4040897366 -0.9162829729 
30.8 -0.4494124077 -0.8955760164 
30.85 -0.4936481631 -0.8728514172 
30.9 -0.5366984319 -0.8482042496 
30.95 -0.5784695176 -0.8217338099 
31 -0.6188727792 -0.7935424359 
31.05 -0.6578247543 -0.7637343701 
31.1 -0.6952472266 -0.7324146875 
31.15 -0.7310672419 -0.6996883083 
31.2 -0.7652170766 -0.6656591074 
31.25 -0.797634165 -0.6304291336 
31.3 -0.8282609894 -0.5940979452 
31.35 -0.8570449409 -0.5567620646 
31.4 -0.883938155 -0.5185145551 
31.45 -0.9088973302 -0.4794447154 
31.5 -0.9318835328 -0.4396378894 
31.55 -0.9528619966 -0.3991753846 
31.6 -0.9718019196 -0.3581344922 
31.65 -0.9886762655 -0.3165886001 
31.7 -1.003461572 -0.2746073902 
31.75 -1.016137771 -0.2322571108 
31.8 -1.026688026 -0.1896009138 
31.85 -1.035098585 -0.1466992488 
31.9 -1.041358657 -0.1036103023 
31.95 -1.045460308 -0.06039047641 
32 -1.047398388 -0.01709489437 
32.05 -1.047170475 0.02622207249 
32.1 -1.044776857 0.06950626689 
32.15 -1.040220528 0.1127032042 
32.2 -1.033507223 0.1557575362 
32.25 -1.024645472 0.198612528 
32.3 -1.013646683 0.2412095572 
32.35 -1.000525248 0.2834876433 
32.4 -0.9852986721 0.3253830163 
32.45 -0.9679877248 0.3668287348 
32.5 -0.9486166049 0.4077543611 
32.55 -0.9272131243 0.4480857036 
32.6 -0.9038089007 0.487744637 
32.65 -0.8784395578 0.5266490077 
32.7 -0.8511449277 0.5647126342 
32.75 -0.8219692516 0.6018454112 
32.8 -0.7909613712 0.6379535233 
32.85 -0.758174908 0.6729397748 
32.9 -0.7236684225 0.7067040384 
32.95 -0.6875055479 0.7391438255 
33 -0.6497550924 0.7701549753 
33.05 -0.6104911044 0.7996324594 
33.1 -0.569792894 0.8274712928 
33.15 -0.5277450073 0.8535675407 
33.2 -0.4844371472 0.8778194056 
33.25 -0.439964039 0.900128375 
33.3 -0.3944252366 0.9204004076 
33.35 -0.3479248692 0.9385471338 
33.4 -0.3005713278 0.9544870406 
33.45 -0.2524768933 0.9681466141 
33.5 -0.2037573087 0.9794614084 
33.55 -0.1545313004 0.9883770124 
33.6 -0.1049200535 0.9948498883 
33.65 -0.05504664952 0.9988480555 
33.7 -0.005035473175 1.000351601 
33.75 0.0449884012 0.9993530018 
33.8 0.09489983476 0.9958572447 
33.85 0.1445742502 0.9898817479 
33.9 0.1938882487 0.9814560786 
33.95 0.2427202079 0.9706214799 
34 0.2909508519 0.957430221 
34.05 0.3384637839 0.9419447882 
34.1 0.3851459753 0.9242369421 
34.15 0.4308882044 0.9043866671 
34.2 0.4755854403 0.8824810414 
34.25 0.5191371686 0.8586130579 
34.3 0.5614476575 0.8328804247 
34.35 0.6024261635 0.8053843739 
34.4 0.6419870782 0.7762285033 
34.45 0.6800500183 0.7455176758 
34.5 0.7165398622 0.7133569943 
34.55 0.7513867376 0.6798508703 
34.6 0.7845259652 0.6451021966 
34.65 0.8158979628 0.6092116341 
34.7 0.845448118 0.5722770175 
34.75 0.8731266333 0.5343928814 
34.8 0.8988883507 0.495650107 
34.85 0.9226925618 0.4561356848 
34.9 0.9445028086 0.4159325893 
34.95 0.9642866811 0.3751197581 
35 0.9820156158 0.3337721676 
35.05 0.9976647012 0.2919609972 
35.1 1.011212492 0.2497538712 
35.15 1.022640841 0.2072151711 
35.2 1.03193474 0.1644064072 
35.25 1.039082194 0.1213866404 
35.3 1.044074102 0.07821294582 
35.35 1.046904175 0.0349409083 
35.4 1.047568872 -0.008374858259 
35.45 1.046067365 -0.05168017661 
35.5 1.042401532 -0.09492076508 
35.55 1.036575972 -0.1380416981 
35.6 1.028598054 -0.1809868768 
35.65 1.01847799 -0.2236985176 
35.7 1.006228926 -0.2661166684 
35.75 0.9918670676 -0.3081787597 
35.8 0.9754118184 -0.3498192012 
35.85 0.9568859422 -0.390969032 
35.9 0.9363157385 -0.4315556344 
35.95 0.9137312322 -0.4715025208 
36 0.8891663708 -0.5107292024 
36.05 0.8626592272 -0.5491511502 
36.1 0.8342522012 -0.5866798547 
36.15 0.8039922154 -0.6232229939 
36.2 0.771930901 -0.6586847148 
36.25 0.7381247651 -0.6929660326 
36.3 0.702635336 -0.7259653509 
36.35 0.6655292797 -0.7575791026 
36.4 0.6268784801 -0.787702507 
36.45 0.5867600802 -0.8162304389 
36.5 0.5452564759 -0.8430583973 
36.55 0.5024552593 -0.8680835615 
36.6 0.4584491077 -0.8912059166 
36.65 0.4133356145 -0.912329427 
36.7 0.3672170603 -0.931363234 
36.75 0.3202001244 -0.9482228509 
36.8 0.2723955362 -0.9628313267 
36.85 0.2239176706 -0.975120349 
36.9 0.1748840891 -0.9850312564 
36.95 0.1254150338 -0.9925159331 
37 0.07563287902 -0.9975375594 
37.05 0.02566155006 -1.000071196 
37.1 -0.02437408315 -1.000104184 
37.15 -0.07434882778 -0.997636353 
37.2 -0.124137795 -0.9926800192 
37.25 -0.1736170219 -0.9852597901 
37.3 -0.2226640788 -0.9754121672 
37.35 -0.2711586513 -0.9631849674 
37.4 -0.3189830897 -0.9486365762 
37.45 -0.3660229171 -0.9318350575 
37.5 -0.4121672892 -0.9128571439 
37.55 -0.4573094013 -0.8917871354 
37.6 -0.5013468386 -0.8687157374 
37.65 -0.5441818667 -0.8437388657 
37.7 -0.5857216621 -0.8169564485 
37.75 -0.6258784834 -0.7884712516 
37.8 -0.6645697841 -0.7583877509 
37.85 -0.701718271 -0.7268110745 
37.9 -0.737251911 -0.6938460306 
37.95 -0.7711038926 -0.659596236 
38 -0.8032125453 -0.6241633548 
38.05 -0.8335212248 -0.5876464549 
38.1 -0.8619781685 -0.5501414844 
38.15 -0.8885363281 -0.5117408685 
38.2 -0.9131531844 -0.4725332253 
38.25 -0.9357905519 -0.4326031947 
38.3 -0.9564143763 -0.3920313759 
38.35 -0.9749945327 -0.3508943638 
38.4 -0.9915046274 -0.309264878 
38.45 -1.005921808 -0.2672119738 
38.5 -1.018226587 -0.2248013271 
38.55 -1.02840268 -0.1820955819 
38.6 -1.036436865 -0.1391547534 
38.65 -1.042318859 -0.09603667511 
38.7 -1.046041223 -0.05279748217 
38.75 -1.047599289 -0.00949212234 
38.8 -1.046991112 0.03382511502 
38.85 -1.044217453 0.07710005957 
38.9 -1.039281786 0.1202781188 
38.95 -1.03219033 0.1633037435 
39 -1.022952112 0.2061199076 
39.05 -1.011579055 0.2486676121 
39.1 -0.9980860858 0.2908854206 
39.15 -0.9824912706 0.332709036 
39.2 -0.9648159657 0.3740709273 
39.25 -0.9450849892 0.414900016 
39.3 -0.923326805 0.4551214317 
39.35 -0.8995737176 0.4946563462 
39.4 -0.8738620729 0.5334218945 
39.45 -0.8462324612 0.5713311936 
39.5 -0.8167299158 0.6082934648 
39.55 -0.7854041038 0.6442142673 
39.6 -0.7523095017 0.6789958488 
39.65 -0.7175055508 0.7125376158 
39.7 -0.6810567859 0.7447367243 
39.75 -0.6430329317 0.7754887902 
39.8 -0.6035089605 0.8046887132 
39.85 -0.562565106 0.8322316054 
39.9 -0.5202868285 0.8580138142 
39.95 -0.4767647265 0.8819340208 
40 -0.4320943916 0.9038943972 
40.05 -0.3863762047 0.923801797 
40.1 -0.3397150721 0.9415689549 
40.15 -0.2922201013 0.9571156673 
40.2 -0.2440042192 0.9703699238 
40.25 -0.1951837354 0.9812689605 
40.3 -0.1458778539 0.9897602068 
40.35 -0.09620814224 0.995802098 
40.4 -0.0462979626 0.9993647311 
40.45 0.003728125738 1.000430343 
40.5 0.05374498272 0.9989935962 
40.55 0.1036275136 0.9950616689 
40.6 0.1532512944 0.9886541351 
40.65 0.202493186 0.9798026507 
40.7 0.2512319283 0.9685504478 
40.75 0.2993487039 0.9549516552 
40.8 0.3467276643 0.9390704638 
40.85 0.3932564099 0.920980163 
40.9 0.4388264202 0.9007620737 
40.95 0.4833334272 0.8785044078 
41 0.5266777309 0.8543010826 
41.05 0.5687644549 0.8282505211 
41.1 0.6095037417 0.800454464 
41.15 0.6488108891 0.77101682 
41.2 0.6866064309 0.7400425771 
41.25 0.7228161645 0.7076367923 
41.3 0.75737113 0.6739036778 
41.35 0.7902075469 0.6389457927 
41.4 0.8212667124 0.6028633509 
41.45 0.8504948682 0.5657536468 
41.5 0.8778430419 0.5277106035 
41.55 0.9032668686 0.4888244395 
41.6 0.9267263987 0.4491814518 
41.65 0.9481858981 0.4088639094 
41.7 0.9676136449 0.3679500495 
41.75 0.9849817294 0.3265141702 
41.8 1.00026586 0.284626808 
41.85 1.013445183 0.2423549939 
41.9 1.024502108 0.199762576 
41.95 1.033422168 0.156910601 
42 1.040193878 0.1138577439 
42.05 1.044808637 0.07066077838 
42.1 1.047260641 0.02737507644 
42.15 1.047546823 -0.01594486831 
42.2 1.04566683 -0.0592449047 
42.25 1.041623011 -0.1024706825 
42.3 1.035420446 -0.145567114 
42.35 1.027066994 -0.1884778469 
42.4 1.01657337 -0.2311447574 
42.45 1.003953245 -0.2735074711 
42.5 0.9892233709 -0.3155029219 
42.55 0.9724037253 -0.3570649569 
42.6 0.9535176748 -0.3981239968 
42.65 0.9325921542 -0.4386067623 
42.7 0.9096578574 -0.4784360736 
42.75 0.8847494366 -0.5175307355 
42.8 0.8579057045 -0.5558055141 
42.85 0.8291698356 -0.5931712155 
42.9 0.7985895613 -0.629534873 
42.95 0.7662173517 -0.6648000483 
43 0.732110581 -0.6988672528 
43.05 0.6963316672 -0.7316344883 
43.1 0.6589481832 -0.7629979084 
43.15 0.6200329308 -0.7928525964 
43.2 0.5796639736 -0.8210934521 
43.25 0.5379246224 -0.8476161777 
43.3 0.49490337 -0.8723183469 
43.35 0.4506937694 -0.895100541 
43.4 0.4053942547 -0.9158675283 
43.45 0.3591079019 -0.9345294639 
43.5 0.3119421297 -0.9510030813 
43.55 0.2640083411 -0.9652128481 
43.6 0.2154215086 -0.9770920551 
43.65 0.1662997068 -0.986583811 
43.7 0.1167635985 -0.9936419131 
43.75 0.06693587975 -0.9982315706 
43.8 0.01694069383 -1.000329959 
43.85 -0.03309697896 -0.9999265853 
43.9 -0.08305194455 -0.9970234618 
43.95 -0.132799422 -0.9916350702 
44 -0.1822156637 -0.983788129 
44.05 -0.2311785589 -0.9735211647 
44.1 -0.2795682111 -0.9608839018 
44.15 -0.3272674803 -0.9459364895 
44.2 -0.3741624839 -0.9287485881 
44.25 -0.4201430469 -0.9093983414 
44.3 -0.4651031002 -0.8879712625 
44.35 -0.5089410196 -0.8645590634 
44.4 -0.5515599068 -0.8392584575 
44.45 -0.5928678091 -0.8121699633 
44.5 -0.6327778802 -0.7833967361 
44.55 -0.6712084831 -0.753043451 
44.6 -0.7080832397 -0.7212152589 
44.65 -0.7433310289 -0.6880168301 
44.7 -0.7768859404 -0.653551502 
44.75 -0.8086871878 -0.6179205377 
44.8 -0.8386789879 -0.5812225031 
44.85 -0.8668104122 -0.5435527641 
44.9 -0.893035215 -0.5050031047 
44.95 -0.917311647 -0.4656614628 
45 -0.9396022575 -0.4256117789 
45.05 -0.9598736922 -0.3849339504 
45.1 -0.9780964908 -0.3437038861 
45.15 -0.9942448906 -0.3019936493 
45.2 -1.008296639 -0.2598716829 
45.25 -1.020232817 -0.2174031058 
45.3 -1.030037685 -0.1746500707 
45.35 -1.03769854 -0.1316721758 
45.4 -1.043205603 -0.08852691892 
45.45 -1.046551921 -0.04527018658 
45.5 -1.047733302 -0.001956768402 
45.55 -1.046748274 0.04135911114 
45.6 -1.043598068 0.08462325234 
45.65 -1.03828663 0.1277809395 
45.7 -1.030820664 0.1707764083 
45.75 -1.021209692 0.2135523291 
45.8 -1.00946615 0.2560493153 
45.85 -0.9956054991 0.2982054659 
45.9 -0.9796463652 0.3399559495 
45.95 -0.9616106923 0.3812326411 
46 -0.9415239174 0.4219638198 
46.05 -0.9194151565 0.4620739368 
46.1 -0.8953174007 0.5014834645 
46.15 -0.869267718 0.5401088334 
46.2 -0.8413074556 0.5778624684 
46.25 -0.8114824382 0.61465293 
46.3 -0.7798431561 0.6503851679 
46.35 -0.7464449378 0.6849608922 
46.4 -0.7113481016 0.7182790645 
46.45 -0.674618079 0.7502365099 
46.5 -0.6363255046 0.7807286477 
46.55 -0.5965462671 0.8096503339 
46.6 -0.5553615146 0.836896808 
46.65 -0.5128576111 0.8623647294 
46.7 -0.4691260381 0.8859532891 
46.75 -0.42426324 0.9075653734 
46.8 -0.3783704095 0.9271087587 
46.85 -0.3315532133 0.9444973104 
46.9 -0.2839214577 0.9596521568 
46.95 -0.235588697 0.9725028094 
47 -0.1866717872 0.9829882005 
47.05 -0.1372903903 0.9910576081 
47.1 -0.08756643551 0.9966714434 
47.15 -0.03762354512 0.9998018771 
47.2 0.01241356707 1.000433285 
47.25 0.06241971477 0.9985625021 
47.3 0.1122698659 0.9941988716 
47.35 0.1618397668 0.9873640961 
47.4 0.2110065538 0.9780918868 
47.45 0.2596493429 0.9664274268 
47.5 0.3076497871 0.9524266626 
47.55 0.3548925957 0.936155446 
47.6 0.401266006 0.9176885492 
47.65 0.4466622033 0.8971085837 
47.7 0.4909776855 0.8745048488 
47.75 0.5341135675 0.849972142 
47.8 0.5759758268 0.8236095585 
47.85 0.6164754879 0.7955193084 
47.9 0.6555287496 0.7658055757 
47.95 0.6930570552 0.7345734414 
48 0.7289871124 0.7019278894 
48.05 0.7632508637 0.6679729094 
48.1 0.7957854165 0.6328107092 
48.15 0.8265329352 0.5965410413 
48.2 0.8554405034 0.5592606513 
48.25 0.8824599611 0.5210628457 
48.3 0.9075477235 0.4820371795 
48.35 0.9306645871 0.4422692589 
48.4 0.9517755287 0.4018406531 
48.45 0.9708495026 0.360828908 
48.5 0.9878592409 0.3193076542 
48.55 1.002781062 0.2773467991 
48.6 1.015594689 0.2350127947 
48.65 1.026283086 0.192368972 
48.7 1.03483231 0.1494759311 
48.75 1.041231386 0.1063919786 
48.8 1.045472201 0.06317360411 
48.85 1.047549429 0.01987598464 
48.9 1.047460477 -0.0234464894 
48.95 1.045205456 -0.06673967641 
49 1.040787188 -0.109949142 
49.05 1.034211228 -0.1530196219 
49.1 1.025485923 -0.1958944974 
49.15 1.01462249 -0.2385152927 
49.2 1.001635124 -0.2808212018 
49.25 0.9865411218 -0.3227486543 
49.3 0.9693610352 -0.3642309291 
49.35 0.9501188333 -0.4051978261 
49.4 0.9288420862 -0.4455754034 
49.45 0.9055621571 -0.485285792 
49.5 0.8803144021 -0.5242470952 
49.55 0.8531383734 -0.5623733827 
49.6 0.8240780193 -0.5995747875 
49.65 0.7931818776 -0.6357577125 
49.7 0.7605032555 -0.670825152 
49.75 0.7261003902 -0.7046771338 
49.8 0.6900365852 -0.7372112807 
49.85 0.6523803144 -0.7683234927 
49.9 0.6132052902 -0.7979087445 
49.95 0.5725904883 -0.8258619903 
50 0.5306201249 -0.852079165 
50.05 0.4873835813 -0.8764582675 
50.1 0.4429752732 -0.8989005048 
50.15 0.3974944612 -0.9193114781 
50.2 0.3510450005 -0.9376023829 
50.25 0.3037350323 -0.9536911966 
50.3 0.2556766145 -0.9675038254 
50.35 0.2069852982 -0.9789751793 
50.4 0.1577796511 -0.9880501472 
50.45 0.1081807365 -0.9946844444 
50.5 0.05831155192 -0.9988453082 
50.55 0.008296438371 -1.00051202 
50.6 -0.04173953308 -0.9996762412 
50.65 -0.09167118587 -0.996342145 
50.7 -0.1413738646 -0.9905263526 
50.75 -0.1907240529 -0.9822576623 
50.8 -0.2395999737 -0.9715765895 
50.85 -0.2878821606 -0.9585347263 
50.9 -0.3354539942 -0.9431939425 
50.95 -0.382202194 -0.9256254503 
51 -0.4280172607 -0.9059087586 
51.05 -0.4727938639 -0.8841305477 
51.1 -0.516431172 -0.8603834915 
51.15 -0.5588331217 -0.8347650578 
51.2 -0.5999086281 -0.8073763151 
51.25 -0.6395717351 -0.7783207712 
51.3 -0.6777417088 -0.7477032674 
51.35 -0.7143430778 -0.7156289477 
51.4 -0.7493056237 -0.6822023207 
51.45 -0.7825643266 -0.6475264242 
51.5 -0.8140592726 -0.6117021051 
51.55 -0.8437355278 -0.5748274162 
51.6 -0.8715429846 -0.5369971348 
51.65 -0.8974361876 -0.4983024015 
51.7 -0.9213741443 -0.4588304753 
51.75 -0.9433201264 -0.4186646015 
51.8 -0.9632414667 -0.377883984 
51.85 -0.981109358 -0.3365638552 
51.9 -0.9968986573 -0.2947756348 
51.95 -1.0105877 -0.2525871673 
52 -1.022158128 -0.2100630299 
52.05 -1.031594735 -0.1672649009 
52.1 -1.038885331 -0.1242519785 
52.15 -1.044020631 -0.08108144247 
52.2 -1.046994163 -0.037808948 
52.25 -1.047802205 0.005510856149 
52.3 -1.046443753 0.04882379369 
52.35 -1.042920503 0.09207561968 
52.4 -1.037236873 0.1352114805 
52.45 -1.029400047 0.1781753831 
52.5 -1.01942004 0.2209096822 
52.55 -1.0073098 0.2633545936 
52.6 -0.9930853233 0.305447743 
52.65 -0.9767657925 0.3471237586 
52.7 -0.9583737402 0.3883139178 
52.75 -0.9379352221 0.4289458554 
52.8 -0.915480006 0.468943346 
52.85 -0.8910417697 0.5082261664 
52.9 -0.8646583026 0.5467100497 
52.95 -0.8363717082 0.5843067389 
53 -0.8062286006 0.6209241467 
53.05 -0.7742802912 0.6564666295 
53.1 -0.7405829576 0.6908353788 
53.15 -0.7051977908 0.7239289331 
53.2 -0.6681911136 0.7556438111 
53.25 -0.6296344641 0.7858752618 
53.3 -0.5896046393 0.8145181259 
53.35 -0.5481836925 0.8414677993 
53.4 -0.5054588801 0.8666212842 
53.45 -0.4615225547 0.8898783104 
53.5 -0.4164719993 0.9111425079 
53.55 -0.3704092032 0.9303226032 
53.6 -0.3234405769 0.947333617 
53.65 -0.2756766078 0.9620980309 
53.7 -0.2272314587 0.9745468958 
53.75 -0.1782225126 0.9846208524 
53.8 -0.1287698693 0.9922710344 
53.85 -0.07899579975 0.9974598303 
53.9 -0.02902416616 1.000161479 
53.95 0.02102018292 1.000362485 
54 0.07101203388 0.9980618354 
54.05 0.1208264352 0.9932710174 
54.1 0.1703393202 0.9860138324 
54.15 0.2194281159 0.9763260125 
54.2 0.2679723272 0.9642546536 
54.25 0.315854089 0.9498574785 
54.3 0.3629586774 0.9332019555 
54.35 0.409174973 0.9143642948 
54.4 0.4543958721 0.8934283524 
54.45 0.4985186403 0.8704844703 
54.5 0.5414452075 0.8456282822 
54.55 0.5830824029 0.8189595148 
54.6 0.623342129 0.7905808092 
54.65 0.6621414795 0.7605965899 
54.7 0.6994028 0.7291120007 
54.75 0.735053699 0.696231926 
54.8 0.7690270116 0.6620601118 
54.85 0.8012607217 0.626698397 
54.9 0.8316978492 0.5902460608 
54.95 0.8602863071 0.5527992914 
55 0.886978735 0.5144507749 
55.05 0.9117323155 0.4752894027 
55.1 0.9345085784 0.4354000934 
55.15 0.9552731991 0.394863723 
55.2 0.9739957959 0.3537571553 
55.25 0.9906497312 0.3121533647 
55.3 1.005211922 0.2701216429 
55.35 1.017662659 0.2277278781 
55.4 1.02798545 0.1850349 
55.45 1.03616687 0.1421028789 
55.5 1.042196442 0.09898977045 
55.55 1.046066538 0.0557517975 
55.6 1.047772304 0.01244395926 
55.65 1.047311611 -0.03087944023 
55.7 1.044685036 -0.07416425289 
55.75 1.039895865 -0.1173559451 
55.8 1.032950129 -0.1603990619 
55.85 1.023856658 -0.2032367058 
55.9 1.012627173 -0.2458100381 
55.95 0.9992763879 -0.2880578122 
56 0.9838221475 -0.3299159461 
56.05 0.9662855748 -0.3713171461 
56.1 0.9466912422 -0.4121905886 
56.15 0.9250673547 -0.4524616696 
56.2 0.9014459446 -0.4920518336 
56.25 0.8758630718 -0.5308784884 
56.3 0.8483590268 -0.5688550161 
56.35 0.8189785306 -0.6058908884 
56.4 0.7877709254 -0.6418918925 
56.45 0.7547903526 -0.6767604733 
56.5 0.7200959089 -0.7103961952 
56.55 0.6837517782 -0.7426963253 
56.6 0.6458273296 -0.7735565356 
56.65 0.6063971786 -0.8028717193 
56.7 0.5655412043 -0.8305369137 
56.75 0.5233445176 -0.8564483163 
56.8 0.479897377 -0.8805043803 
56.85 0.4352950478 -0.9026069681 
56.9 0.389637602 -0.9226625413 
56.95 0.3430296584 -0.9405833612 
57 0.2955800631 -0.9562886719 
57.05 0.247401511 -0.9697058371 
57.1 0.1986101124 -0.9807714 
57.15 0.1493249087 -0.989432039 
57.2 0.09966734349 -0.9956453908 
57.25 0.04976069593 -0.9993807179 
57.3 -0.0002705151676 -1.0006194 
57.35 -0.05030114703 -0.9993552348 
57.4 -0.1002060588 -0.9955945383 
57.45 -0.1498607377 -0.9893560429 
57.5 -0.1991419143 -0.9806705953 
57.55 -0.2479281587 -0.9695806628 
57.6 -0.2961004469 -0.9561396652 
57.65 -0.3435426894 -0.9404111503 
57.7 -0.3901422158 -0.9224678369 
57.75 -0.4357902077 -0.9023905543 
57.8 -0.4803820768 -0.8802671048 
57.85 -0.5238177845 -0.8561910799 
57.9 -0.5660021014 -0.8302606601 
57.95 -0.6068448071 -0.8025774246 
58 -0.6462608302 -0.7732451981 
58.05 -0.6841703333 -0.7423689557 
58.1 -0.7204987432 -0.7100538074 
58.15 -0.7551767341 -0.6764040762 
58.2 -0.7881401662 -0.641522482 
58.25 -0.8193299866 -0.605509441 
58.3 -0.8486920979 -0.5684624833 
58.35 -0.8761772013 -0.5304757922 
58.4 -0.901740619 -0.4916398629 
58.45 -0.9253421025 -0.4520412777 
58.5 -0.9469456331 -0.4117625919 
58.55 -0.9665192189 -0.3708823239 
58.6 -0.9840346938 -0.3294750405 
58.65 -0.9994675233 -0.2876115301 
58.7 -1.012796621 -0.2453590531 
58.75 -1.024004179 -0.2027816608 
58.8 -1.033075516 -0.159940573 
58.85 -1.039998946 -0.1168946054 
58.9 -1.044765672 -0.07370063681 
58.95 -1.047369695 -0.03041410822 
59 -1.047807761 0.01291045556 
59.05 -1.046079326 0.05621891018 
59.1 -1.042186548 0.09945695008 
59.15 -1.036134314 0.1425695693 
59.2 -1.027930285 0.1855005333 
59.25 -1.017584968 0.2281918695 
59.3 -1.005111823 0.2705833863 
59.35 -0.9905273762 0.3126122286 
59.4 -0.9738513707 0.3542124785 
59.45 -0.9551069259 0.3953148121 
59.5 -0.9343207159 0.4358462198 
59.55 -0.9115231605 0.4757298007 
59.6 -0.8867486234 0.5148846411 
59.65 -0.8600356148 0.5532257842 
59.7 -0.8314269934 0.5906643015 
59.75 -0.8009701612 0.6271074715 
59.8 -0.7687172481 0.6624590737 
59.85 -0.7347252772 0.6966198002 
59.9 -0.699056308 0.7294877885 
59.95 -0.661777549 0.7609592752 
60 -0.6229614351 0.7909293651 
60.05 -0.5826856633 0.8192929119 
60.1 -0.5410331822 0.8459454968 
60.15 -0.49809213 0.8707844938 
60.2 -0.4539557173 0.8937102014 
60.25 -0.4087220522 0.9146270208 
60.3 -0.362493905 0.9334446552 
60.35 -0.3153784133 0.9500793039 
60.4 -0.2674867278 0.9644548221 
60.45 -0.2189336012 0.976503816 
60.5 -0.1698369244 0.9861686459 
60.55 -0.1203172151 0.9934023068 
60.6 -0.0704970658 0.9981691638 
60.65 -0.02050055925 1.000445519 
60.7 0.02954734058 1.00021999 
60.75 0.0795214113 0.9974937011 
60.8 0.1292967993 0.9922802567 
60.85 0.1787496411 0.9846055273 
60.9 0.2277576684 0.9745072319 
60.95 0.2762007879 0.9620343402 
61 0.3239616269 0.94724631 
61.05 0.3709260366 0.9302121823 
61.1 0.4169835474 0.9110095603 
61.15 0.4620277701 0.8897234996 
61.2 0.5059567398 0.8664453405 
61.25 0.5486732012 0.8412715109 
61.3 0.5900848322 0.8143023281 
61.35 0.6301044092 0.7856408277 
61.4 0.6686499142 0.7553916413 
61.45 0.7056445872 0.7236599463 
61.5 0.7410169288 0.6905505026 
61.55 0.7747006557 0.656166792 
61.6 0.8066346176 0.6206102688 
61.65 0.8367626777 0.5839797273 
61.7 0.8650335661 0.5463707915 
61.75 0.8914007093 0.5078755235 
61.8 0.9158220448 0.4685821518 
61.85 0.9382598228 0.4285749115 
61.9 0.9586804052 0.3879339923 
61.95 0.9770540623 0.3467355853 
62 0.9933547756 0.3050520208 
62.05 1.007560049 0.2629519879 
62.1 1.019650734 0.2205008262 
62.15 1.029610869 0.17776088 
62.2 1.03742754 0.1347919066 
62.25 1.043090761 0.09165152749 
62.3 1.046593381 0.04839571619 
62.35 1.047931013 0.005079310868 
62.4 1.047101989 -0.03824345441 
62.45 1.044107344 -0.08151840945 
62.5 1.038950829 -0.1246909066 
62.55 1.031638942 -0.1677052871 
62.6 1.022181001 -0.2105043625 
62.65 1.010589224 -0.253028921 
62.7 0.9968788462 -0.2952172665 
62.75 0.9810682573 -0.3370047994 
62.8 0.9631791524 -0.3783236491 
62.85 0.9432367065 -0.4191023665 
62.9 0.9212697596 -0.4592656864 
62.95 0.8973110125 -0.4987343704 
63 0.8713972283 -0.537425137 
63.05 0.843569435 -0.57525069 
63.1 0.8138731244 -0.6121198521 
63.15 0.7823584415 -0.64793781 
63.2 0.7490803584 -0.6826064766 
63.25 0.7140988276 -0.7160249743 
63.3 0.677478908 -0.7480902375 
63.35 0.6392908578 -0.7786977354 
63.4 0.5996101879 -0.807742307 
63.45 0.5585176716 -0.8351191008 
63.5 0.5160993045 -0.8607246061 
63.55 0.4724462101 -0.8844577596 
63.6 0.4276544897 -0.9062211071 
63.65 0.3818250123 -0.9259219974 
63.7 0.3350631441 -0.9434737823 
63.75 0.287478419 -0.958796994 
63.8 0.2391841505 -0.9718204708 
63.85 0.1902969893 -0.9824824022 
63.9 0.1409364311 -0.990731264 
63.95 0.09122427996 -0.9965266161 
64 0.0412840769 -0.9998397426 
64.05 -0.008759500668 -1.000654111 
64.1 -0.05878125697 -0.9989656391 
64.15 -0.1086561047 -0.9947827637 
64.2 -0.1582596898 -0.988126301 
64.25 -0.207469005 -0.9790291129 
64.3 -0.2561629808 -0.9675355823 
64.35 -0.3042230467 -0.9537009164 
64.4 -0.3515336525 -0.9375902979 
64.45 -0.3979827448 -0.9192779086 
64.5 -0.4434621908 -0.8988458529 
64.55 -0.4878681468 -0.8763830108 
64.6 -0.5311013676 -0.8519838486 
64.65 -0.5730674559 -0.8257472186 
64.7 -0.6136770518 -0.7977751726 
64.75 -0.6528459636 -0.7681718174 
64.8 -0.6904952425 -0.7370422315 
64.85 -0.7265512053 -0.7044914642 
64.9 -0.7609454088 -0.6706236309 
64.95 -0.7936145824 -0.6355411161 
65 -0.8245005222 -0.599343892 
65.05 -0.8535499559 -0.5621289575 
65.1 -0.8807143805 -0.5239898971 
65.15 -0.9059498831 -0.4850165597 
65.2 -0.9292169467 -0.4452948535 
65.25 -0.9504802499 -0.4049066498 
65.3 -0.9697084639 -0.3639297896 
65.35 -0.9868740523 -0.3224381851 
65.4 -1.001953078 -0.2805020064 
65.45 -1.014925023 -0.2381879439 
65.5 -1.025772619 -0.1955595384 
65.55 -1.034481702 -0.152677568 
65.6 -1.041041083 -0.1096004821 
65.65 -1.045442444 -0.06638487587 
65.7 -1.047680254 -0.02308599302 
65.75 -1.047751721 0.02024174918 
65.8 -1.045656755 0.06354422246 
65.85 -1.041397977 0.1067670457 
65.9 -1.034980736 0.1498550469 
65.95 -1.026413168 0.1927517373 
66 -1.015706272 0.2353988063 
66.05 -1.002874016 0.2777356457 
66.1 -0.9879334579 0.3196989122 
66.15 -0.9709048994 0.361222137 
66.2 -0.9518120464 0.4022353922 
66.25 -0.9306821916 0.4426650231 
66.3 -0.9075464059 0.4824334563 
66.35 -0.8824397387 0.5214590924 
66.4 -0.8554014203 0.5596562928 
66.45 -0.8264750628 0.5969354683 
66.5 -0.7957088545 0.6332032773 
66.55 -0.7631557409 0.6683629389 
66.6 -0.7288735872 0.7023146653 
66.65 -0.6929253166 0.7349562153 
66.7 -0.6553790176 0.7661835672 
66.75 -0.6163080145 0.7958917083 
66.8 -0.5757908961 0.8239755324 
66.85 -0.5339114966 0.8503308351 
66.9 -0.4907588244 0.8748553908 
66.95 -0.4464269358 0.8974500949 
67 -0.4010147493 0.9180201472 
67.05 -0.3546258009 0.9364762526 
67.1 -0.3073679389 0.9527358119 
67.15 -0.2593529596 0.9667240723 
67.2 -0.210696187 0.9783752102 
67.25 -0.1615160006 0.9876333149 
67.3 -0.1119333165 0.9944532473 
67.35 -0.06207102948 0.9988013475 
67.4 -0.01205342313 1.000655972 
67.45 0.03799444187 1.000007841 
67.5 0.0879473523 0.996860192 
67.55 0.1376805694 0.9912287238 
67.6 0.1870704481 0.9831413452 
67.65 0.2359950387 0.9726377267 
67.7 0.2843346619 0.9597686732 
67.75 0.3319724469 0.9445953359 
67.8 0.3787948282 0.9271882852 
67.85 0.4246919912 0.9076264727 
67.9 0.4695582647 0.8859961095 
67.95 0.5132924546 0.8623894909 
68 0.5557981191 0.8369037969 
68.05 0.5969837821 0.8096398972 
68.1 0.6367630888 0.7807011855 
68.15 0.6750549031 0.7501924687 
68.2 0.7117833513 0.7182189296 
68.25 0.7468778163 0.68488518 
68.3 0.7802728866 0.6502944185 
68.35 0.8119082658 0.6145476996 
68.4 0.8417286488 0.5777433227 
68.45 0.8696835701 0.5399763408 
68.5 0.8957272311 0.5013381903 
68.55 0.9198183109 0.4619164378 
68.6 0.9419197684 0.4217946395 
68.65 0.9619986393 0.3810523061 
68.7 0.9800258343 0.3397649658 
68.75 0.9959759429 0.2980043168 
68.8 1.009827046 0.2558384595 
68.85 1.021560544 0.2133321995 
68.9 1.031161 0.170547412 
68.95 1.038616 0.1275434574 
69 1.043916045 0.08437764035 
69.05 1.047054452 0.04110570154 
69.1 1.048027294 -0.002217665286 
69.15 1.046833361 -0.04553828003 
69.2 1.043474143 -0.08880193518 
69.25 1.037953849 -0.131953855 
69.3 1.030279448 -0.1749381638 
69.35 1.020460737 -0.2176973708 
69.4 1.008510432 -0.2601718812 
69.45 0.9944442893 -0.3022995417 
69.5 0.9782812419 -0.3440152291 
69.55 0.960043557 -0.3852504922 
69.6 0.9397570117 -0.4259332553 
69.65 0.9174510804 -0.4659875933 
69.7 0.8931591322 -0.5053335888 
69.75 0.8669186324 -0.5438872779 
69.8 0.8387713456 -0.5815606958 
69.85 0.8087635327 -0.6182620287 
69.9 0.7769461387 -0.653895878 
69.95 0.7433749634 -0.6883636436 
70 0.7081108107 -0.7215640259 
70.05 0.6712196095 -0.7533936503 
70.1 0.6327725002 -0.7837478082 
70.15 0.5928458813 -0.8125213113 
70.2 0.5515214114 -0.8396094475 
70.25 0.5088859594 -0.864909026 
70.3 0.4650315023 -0.8883194955 
70.35 0.4200549638 -0.9097441127 
70.4 0.3740579949 -0.9290911396 
70.45 0.3271466931 -0.9462750417 
70.5 0.2794312631 -0.9612176591 
70.55 0.2310256188 -0.9738493216 
70.6 0.1820469327 -0.9841098762 
70.65 0.1326151351 -0.9919496022 
70.7 0.08285237154 -0.9973299839 
70.75 0.03288242532 -1.000224321 
70.8 -0.01716988636 -1.000618158 
70.85 -0.06717933295 -0.9985095164 
70.9 -0.1170208978 -0.9939089293 
70.95 -0.1665704017 -0.9868392689 
71 -0.2157051137 -0.9773353792 
71.05 -0.2643043373 -0.9654435216 
71.1 -0.3122499661 -0.9512206504 
71.15 -0.3594269979 -0.9347335407 
71.2 -0.4057240025 -0.9160577934 
71.25 -0.4510335371 -0.895276744 
71.3 -0.4952525044 -0.8724803065 
71.35 -0.5382824524 -0.8477637801 
71.4 -0.5800298138 -0.8212266487 
71.45 -0.6204060852 -0.7929714003 
71.5 -0.6593279481 -0.7631023901 
71.55 -0.6967173354 -0.7317247705 
71.6 -0.7325014445 -0.6989435049 
71.65 -0.7666127053 -0.6648624804 
71.7 -0.798988705 -0.6295837293 
71.75 -0.8295720776 -0.5932067683 
71.8 -0.8583103628 -0.5558280568 
71.85 -0.8851558418 -0.5175405765 
71.9 -0.9100653535 -0.4784335305 
71.95 -0.9330001002 -0.4385921558 
72 -0.9539254457 -0.3980976458 
72.05 -0.9728107122 -0.3570271734 
72.1 -0.9896289817 -0.315454007 
72.15 -1.004356904 -0.2734477112 
72.2 -1.016974518 -0.231074421 
72.25 -1.027465089 -0.1883971824 
72.3 -1.035814959 -0.1454763473 
72.35 -1.042013428 -0.1023700162 
72.4 -1.046052652 -0.05913451694 
72.45 -1.047927562 -0.01582491256 
72.5 -1.04763582 0.02750447104 
72.55 -1.045177791 0.07079950632 
72.6 -1.040556549 0.1140057221 
72.65 -1.033777905 0.1570677669 
72.7 -1.02485047 0.1999288859 
72.75 -1.01378573 0.2425304201 
72.8 -1.00059816 0.2848113361 
72.85 -0.9853053503 0.3267077958 
72.9 -0.9679281594 0.3681527748 
72.95 -0.9484908797 0.4090757391 
73 -0.9270214219 0.4494023893 
73.05 -0.9035515078 0.4890544822 
73.1 -0.8781168716 0.5279497386 
73.15 -0.8507574626 0.5660018464 
73.2 -0.8215176452 0.6031205671 
73.25 -0.7904463914 0.6392119531 
73.3 -0.7575974595 0.6741786802 
73.35 -0.7230295529 0.7079205003 
73.4 -0.6868064538 0.7403348152 
73.45 -0.6489971244 0.7713173697 
73.5 -0.6096757713 0.8007630593 
73.55 -0.5689218662 0.8285668455 
73.6 -0.5268201189 0.8546247658 
73.65 -0.4834603966 0.8788350236 
73.7 -0.4389375882 0.9010991388 
73.75 -0.3933514088 0.921323136 
73.8 -0.3468061445 0.9394187461 
73.85 -0.2994103374 0.9553045922 
73.9 -0.2512764117 0.9689073319 
73.95 -0.2025202445 0.9801627245 
74 -0.1532606849 0.989016597 
74.05 -0.1036190283 0.9954256787 
74.1 -0.05371845223 0.9993582821 
74.15 -0.003683422352 1.000794809 
74.2 0.04636092237 0.9997280677 
74.25 0.09628939536 0.9961633881 
74.3 0.1459773889 0.9901185372 
74.35 0.1953014914 0.9816234308 
74.4 0.2441400851 0.9707196556 
74.45 0.2923739154 0.9574598131 
74.5 0.3398866233 0.9419067062 
74.55 0.3865652333 0.9241323916 
74.6 0.4323005912 0.9042171256 
74.65 0.4769877464 0.8822482309 
74.7 0.5205262764 0.8583189155 
74.75 0.5628205512 0.8325270712 
74.8 0.6037799375 0.8049740817 
74.85 0.6433189439 0.7757636646 
74.9 0.6813573093 0.7450007712 
74.95 0.7178200381 0.7127905626 
75 0.752637386 0.6792374804 
75.05 0.7857448023 0.6444444215 
75.1 0.8170828336 0.6085120274 
75.15 0.8465969943 0.5715380928 
75.2 0.8742376112 0.5336170946 
75.25 0.8999596477 0.4948398417 
75.3 0.9237225125 0.4552932408 
75.35 0.9454898605 0.4150601742 
75.4 0.9652293895 0.3742194815 
75.45 0.9829126391 0.3328460384 
75.5 0.9985147958 0.2910109229 
75.55 1.012014507 0.2487816604 
75.6 1.023393713 0.2062225376 
75.65 1.032637491 0.1633949762 
75.7 1.039733923 0.1203579566 
75.75 1.044673984 0.07716848267 
75.8 1.047451457 0.03388207901 
75.85 1.04806287 -0.009446688869 
75.9 1.046507464 -0.05276367929 
75.95 1.04278718 -0.09601463262 
76 1.036906683 -0.1391446314 
76.05 1.028873409 -0.1820975705 
76.1 1.018697632 -0.2248156459 
76.15 1.006392568 -0.2672388707 
76.2 0.9919744897 -0.309304627 
76.25 0.9754628737 -0.3509472625 
76.3 0.9568805586 -0.3920977424 
76.35 0.9362539233 -0.4326833636 
76.4 0.9136130764 -0.4726275432 
76.45 0.8889920541 -0.5118496891 
76.5 0.8624290235 -0.5502651623 
76.55 0.8339664839 -0.5877853396 
76.6 0.8036514639 -0.6243177835 
76.65 0.7715357056 -0.6597665262 
76.7 0.7376758332 -0.6940324723 
76.75 0.7021334973 -0.7270139218 
76.8 0.6649754912 -0.7586072138 
76.85 0.6262738307 -0.7887074873 
76.9 0.5861057941 -0.8172095532 
76.95 0.5445539152 -0.8440088662 
77 0.5017059262 -0.8690025837 
77.05 0.4576546446 -0.8920906937 
77.1 0.4124978032 -0.9131771905 
77.15 0.3663378201 -0.932171274 
77.2 0.3192815081 -0.9489885458 
77.25 0.2714397252 -0.9635521731 
77.3 0.2229269682 -0.9757939916 
77.35 0.1738609122 -0.9856555163 
77.4 0.1243619035 -0.9930888351 
77.45 0.07455240974 -0.9980573558 
77.5 0.02455643774 -1.000536388 
77.55 -0.02550107411 -1.000513539 
77.6 -0.07549487818 -0.9979889175 
77.65 -0.1253000451 -0.9929751282 
77.7 -0.1747925859 -0.9854970703 
77.75 -0.2238500596 -0.9755915366 
77.8 -0.2723521549 -0.9633066294 
77.85 -0.3201812393 -0.94870101 
77.9 -0.3672228665 -0.9318430036 
77.95 -0.4133662357 -0.9128095867 
78 -0.4585045971 -0.8916852826 
78.05 -0.5025356017 -0.8685609964 
78.1 -0.54536159 -0.843532819 
78.15 -0.5868898219 -0.8167008275 
78.2 -0.6270326458 -0.7881679097 
78.25 -0.6657076107 -0.7580386376 
78.3 -0.7028375228 -0.7264182091 
78.35 -0.7383504516 -0.6934114777 
78.4 -0.7721796894 -0.6591220821 
78.45 -0.8042636705 -0.6236516876 
78.5 -0.8345458548 -0.5870993439 
78.55 -0.8629745824 -0.5495609641 
78.6 -0.8895029057 -0.5111289245 
78.65 -0.9140884035 -0.4718917824 
78.7 -0.9366929846 -0.4319341077 
78.75 -0.957282686 -0.3913364227 
78.8 -0.9758274695 -0.3501752412 
78.85 -0.9923010241 -0.3085231993 
78.9 -1.006680576 -0.266449269 
78.95 -1.018946712 -0.2240190445 
79 -1.029083219 -0.1812950921 
79.05 -1.037076941 -0.1383373542 
79.1 -1.042917657 -0.09520359815 
79.15 -1.04659799 -0.05194990117 
79.2 -1.048113328 -0.008631161905 
79.25 -1.047461783 0.03469836946 
79.3 -1.044644168 0.07798455109 
79.35 -1.039664008 0.1211728077 
79.4 -1.032527575 0.1642075956 
79.45 -1.023243948 0.2070318824 
79.5 -1.011825102 0.2495866509 
79.55 -0.9982860183 0.2918104342 
79.6 -0.982644817 0.3336388936 
79.65 -0.9649229127 0.3750044449 
79.7 -0.9451451842 0.4158359466 
79.75 -0.9233401594 0.4560584553 
79.8 -0.8995402107 0.4955930614 
79.85 -0.8737817564 0.534356812 
79.9 -0.8461054632 0.5722627305 
79.95 -0.8165564462 0.6092199409 
80 -0.7851844589 0.6451339037 
80.05 -0.7520440692 0.6799067687 
80.1 -0.7171948145 0.7134378475 
80.15 -0.6807013307 0.7456242071 
80.2 -0.6426334476 0.7763613824 
80.25 -0.6030662465 0.8055442032 
80.3 -0.5620800732 0.8330677255 
80.35 -0.5197605026 0.8588282566 
80.4 -0.4761982495 0.8827244563 
80.45 -0.431489022 0.9046584955 
80.5 -0.3857333175 0.9245372493 
80.55 -0.3390361567 0.9422734976 
80.6 -0.2915067589 0.9577871061 
80.65 -0.243258159 0.9710061587 
80.7 -0.1944067684 0.98186801 
80.75 -0.1450718872 0.9903202317 
80.8 -0.09537517118 0.9963214229 
80.85 -0.04544006174 0.9998418645 
80.9 0.004608812023 1.000863994 
80.95 0.05464625073 0.9993826902 
81 0.1045471114 0.9954053559 
81.05 0.1541869333 0.988951798 
81.1 0.2034425522 0.9800539083 
81.15 0.2521926951 0.9687551539 
81.2 0.3003185429 0.9551098939 
81.25 0.347704257 0.9391825415 
81.3 0.3942374586 0.9210465972 
81.35 0.4398096581 0.9007835785 
81.4 0.484316628 0.8784818771 
81.45 0.5276587173 0.8542355716 
81.5 0.569741106 0.8281432265 
81.55 0.6104739997 0.8003067027 
81.6 0.649772765 0.7708300082 
81.65 0.6875580085 0.7398182087 
81.7 0.7237556041 0.7073764187 
81.75 0.7582966706 0.6736088878 
81.8 0.7911175077 0.6386181944 
81.85 0.8221594932 0.6025045543 
81.9 0.8513689492 0.5653652488 
81.95 0.8786969827 0.5272941746 
82 0.9040993064 0.488381512 
82.05 0.9275360464 0.4487135105 
82.1 0.9489715413 0.4083723841 
82.15 0.9683741395 0.3674363093 
82.2 0.985715998 0.3259795197 
82.25 1.000972889 0.2840724857 
82.3 1.014124018 0.2417821715 
82.35 1.025151854 0.1991723597 
82.4 1.034041981 0.1563040344 
82.45 1.040782967 0.1132358118 
82.5 1.045366257 0.07002441167 
82.55 1.047786092 0.02672515872 
82.6 1.048039451 -0.01660749402 
82.65 1.046126018 -0.05991942807 
82.7 1.042048186 -0.1031563174 
82.75 1.035811071 -0.1462630896 
82.8 1.027422571 -0.1891833982 
82.85 1.01689344 -0.2318591156 
82.9 1.004237386 -0.2742298539 
82.95 0.9894712024 -0.3162325237 
83 0.9726149066 -0.3578009392 
83.05 0.9536919082 -0.3988654791 
83.1 0.9327291874 -0.439352813 
83.15 0.9097574861 -0.4791857023 
83.2 0.8848115074 -0.5182828854 
83.25 0.8579301186 -0.556559056 
83.3 0.8291565527 -0.5939249426 
83.35 0.7985386032 -0.6302874975 
83.4 0.7661288069 -0.6655501997 
83.45 0.7319846083 -0.6996134771 
83.5 0.6961685005 -0.7323752501 
83.55 0.6587481349 -0.7637315948 
83.6 0.6197963959 -0.7935775227 
83.65 0.579391433 -0.8218078701 
83.7 0.537616646 -0.8483182858 
83.75 0.4945606188 -0.8730063023 
83.8 0.4503169975 -0.8957724743 
83.85 0.4049843101 -0.9165215591 
83.9 0.3586657267 -0.9351637185 
83.95 0.3114687593 -0.9516157113 
84 0.2635049024 -0.9658020496 
84.05 0.2148892173 -0.9776560884 
84.1 0.1657398639 -0.9871210201 
84.15 0.1161775853 -0.9941507443 
84.2 0.06632515255 -0.9987105908 
84.25 0.01630677735 -1.000777871 
84.3 -0.03375249876 -1.000342243 
84.35 -0.08372742828 -0.9974058805 
84.4 -0.1334931853 -0.9919834374 
84.45 -0.1829259858 -0.9841018098 
84.5 -0.2319036919 -0.9737997052 
84.55 -0.2803063888 -0.9611270293 
84.6 -0.3280169277 -0.94614411 
84.65 -0.3749214253 -0.9289207811 
84.7 -0.4209097151 -0.9095353514 
84.75 -0.465875744 -0.888073489 
84.8 -0.5097179117 -0.8646270487 
84.85 -0.5523393503 -0.8392928727 
84.9 -0.5936481438 -0.8121715934 
84.95 -0.6335574876 -0.7833664644 
85 -0.6719857913 -0.7529822428 
85.05 -0.7088567269 -0.7211241453 
85.1 -0.7440992262 -0.6878968924 
85.15 -0.7776474341 -0.6534038562 
85.2 -0.8094406207 -0.6177463203 
85.25 -0.83942306 -0.5810228577 
85.3 -0.8675438805 -0.5433288291 
85.35 -0.8937568933 -0.5047560029 
85.4 -0.9180204049 -0.465392292 
85.45 -0.9402970185 -0.4253216036 
85.5 -0.9605534321 -0.384623796 
85.55 -0.9787602359 -0.3433747334 
85.6 -0.9948917148 -0.3016464312 
85.65 -1.008925661 -0.2595072821 
85.7 -1.020843201 -0.2170223538 
85.75 -1.030628632 -0.1742537481 
85.8 -1.038269291 -0.1312610138 
85.85 -1.043755433 -0.08810160157 
85.9 -1.04708014 -0.04483135409 
85.95 -1.048239249 -0.001505021393 
86 -1.047231318 0.04182320665 
86.05 -1.044057605 0.08509915934 
86.1 -1.038722083 0.1282681438 
86.15 -1.03123148 0.1712744116 
86.2 -1.021595344 0.2140606421 
86.25 -1.009826134 0.2565674502 
86.3 -0.9959393375 0.2987329286 
86.35 -0.9799536035 0.3404922317 
86.4 -0.9618909025 0.3817772128 
86.45 -0.9417766986 0.4225161211 
86.5 -0.9196401367 0.4626333711 
86.55 -0.8955142387 0.5020493904 
86.6 -0.8694361059 0.5406805592 
86.65 -0.8414471214 0.5784392453 
86.7 -0.8115931488 0.6152339474 
86.75 -0.7799247206 0.6509695491 
86.8 -0.7464972107 0.6855476916 
86.85 -0.7113709866 0.7188672657 
86.9 -0.6746115322 0.7508250257 
86.95 -0.6362895385 0.7813163211 
87 -0.5964809534 0.8102359411 
87.05 -0.5552669881 0.8374790631 
87.1 -0.5127340722 0.8629422908 
87.15 -0.4689737557 0.8865247674 
87.2 -0.4240825535 0.9081293411 
87.25 -0.3781617305 0.9276637615 
87.3 -0.3313170265 0.9450418797 
87.35 -0.2836583217 0.9601848231 
87.4 -0.2352992435 0.9730221169 
87.45 -0.1863567201 0.9834927219 
87.5 -0.1369504841 0.9915459599 
87.55 -0.08720253262 0.9971423004 
87.6 -0.03723655253 1.000253987 
87.65 0.01282268176 1.000865482 
87.7 0.06284992794 0.9989737177 
87.75 0.1127201031 0.9945881469 
87.8 0.1623089085 0.9877305896 
87.85 0.2114934415 0.978434881 
87.9 0.2601527852 0.9667463328 
87.95 0.3081685666 0.9527210227 
88 0.3554254752 0.9364249333 
88.05 0.4018117353 0.9179329661 
88.1 0.4472195256 0.8973278574 
88.15 0.4915453432 0.8746990256 
88.2 0.5346903085 0.8501413797 
88.25 0.5765604092 0.8237541178 
88.3 0.6170666856 0.7956395427 
88.35 0.6561253561 0.7659019205 
88.4 0.693657888 0.7346464029 
88.45 0.7295910155 0.7019780332 
88.5 0.7638567112 0.6680008488 
88.55 0.7963921139 0.6328170939 
88.6 0.8271394213 0.5965265467 
88.65 0.8560457514 0.5592259679 
88.7 0.8830629789 0.5210086699 
88.75 0.9081475538 0.4819642046 
88.8 0.9312603072 0.4421781674 
88.85 0.9523662496 0.4017321097 
88.9 0.9714343681 0.3607035539 
88.95 0.9884374261 0.3191661021 
89 1.003351772 0.2771896293 
89.05 1.016157157 0.2348405525 
89.1 1.026836571 0.1921821653 
89.15 1.035376097 0.1492750295 
89.2 1.04176478 0.1061774134 
89.25 1.045994531 0.06294576862 
89.3 1.04806004 0.01963523581 
89.35 1.047958731 -0.02369982896 
89.4 1.045690733 -0.06700531564 
89.45 1.041258878 -0.110226818 
89.5 1.034668736 -0.1533090957 
89.55 1.025928665 -0.1961955499 
89.6 1.015049893 -0.2388277191 
89.65 1.002046623 -0.2811448065 
89.7 0.9869361641 -0.323083245 
89.75 0.9697390756 -0.3645763106 
89.8 0.9504793374 -0.405553794 
89.85 0.9291845299 -0.4459417376 
89.9 0.9058860278 -0.48566225 
89.95 0.8806192001 -0.5246334055 
90 0.8534236133 -0.5627692385 
90.05 0.824343232 -0.5999798404 
90.1 0.7934266125 -0.6361715667 
90.15 0.760727083 -0.6712473591 
90.2 0.7263029047 -0.705107188 
90.25 0.6902174077 -0.737648615 
90.3 0.6525390959 -0.7687674763 
90.35 0.6133417148 -0.7983586805 
90.4 0.5727042767 -0.8263171153 
90.45 0.5307110374 -0.8525386501 
90.5 0.4874514216 -0.8769212197 
90.55 0.443019891 -0.899365971 
90.6 0.3975157552 -0.9197784497 
90.65 0.3510429215 -0.9380698021 
90.7 0.3037095847 -0.9541579642 
90.75 0.2556278589 -0.9679688093 
90.8 0.2069133523 -0.9794372247 
90.85 0.157684691 -0.9885080871 
90.9 0.1080629966 -0.9951371109 
90.95 0.05817132504 -0.9992915443 
91 0.008134074673 -1.000950691 
91.05 -0.04192362738 -1.000106247 
91.1 -0.09187655055 -0.9967624303 
91.15 -0.1415999879 -0.9909359177 
91.2 -0.1909703747 -0.9826555722 
91.25 -0.2398658886 -0.9719619821 
91.3 -0.2881670223 -0.9589068188 
91.35 -0.3357571191 -0.9435520369 
91.4 -0.3825228658 -0.9259689366 
91.45 -0.4283547349 -0.9062371171 
91.5 -0.4731473723 -0.8844433491 
91.55 -0.5167999271 -0.8606803957 
91.6 -0.5592163213 -0.8350458113 
91.65 -0.6003054593 -0.8076407474 
91.7 -0.6399813784 -0.7785687893 
91.75 -0.6781633423 -0.7479348501 
91.8 -0.71477588 -0.7158441388 
91.85 -0.7497487767 -0.6824012215 
91.9 -0.7830170191 -0.6477091862 
91.95 -0.8145207021 -0.6118689215 
92 -0.8442049022 -0.5749785143 
92.05 -0.872019524 -0.5371327682 
92.1 -0.8979191254 -0.498422842 
92.15 -0.9218627279 -0.458936006 
92.2 -0.9438136173 -0.4187555097 
92.25 -0.9637391409 -0.3779605547 
92.3 -0.9816105058 -0.3366263657 
92.35 -0.9974025823 -0.2948243489 
92.4 -1.011093719 -0.2526223312 
92.45 -1.022665569 -0.2100848678 
92.5 -1.032102937 -0.1672736118 
92.55 -1.039393643 -0.1242477339 
92.6 -1.044528409 -0.08106438391 
92.65 -1.047500768 -0.03777918598 
92.7 -1.048307006 0.005553242909 
92.75 -1.04694612 0.0488787583 
92.8 -1.043419807 0.09214314648 
92.85 -1.037732487 0.1352915838 
92.9 -1.02989134 0.1782681055 
92.95 -1.019906381 0.221015092 
93 -1.007790552 0.2634727817 
93.05 -0.9935598451 0.3055788194 
93.1 -0.9772334367 0.3472678483 
93.15 -0.9588338528 0.3884711557 
93.2 -0.9383871423 0.4291163816 
93.25 -0.915923066 0.4691272994 
93.3 -0.8914752946 0.5084236789 
93.35 -0.8650816113 0.5469212399 
93.4 -0.8367841141 0.5845317049 
93.45 -0.8066294128 0.6211629592 
93.5 -0.7746688161 0.6567193247 
93.55 -0.7409585005 0.6911019513 
93.6 -0.7055596587 0.7242093293 
93.65 -0.6685386173 0.7559379222 
93.7 -0.6299669213 0.7861829177 
93.75 -0.5899213779 0.8148390901 
93.8 -0.5484840538 0.8418017639 
93.85 -0.5057422228 0.8669678662 
93.9 -0.4617882584 0.8902370494 
93.95 -0.4167194687 0.9115128641 
94 -0.3706378719 0.9307039583 
94.05 -0.3236499114 0.9477252748 
94.1 -0.2758661113 0.9624992206 
94.15 -0.2274006748 0.9749567764 
94.2 -0.1783710286 0.9850385183 
94.25 -0.1288973193 0.9926955228 
94.3 -0.07910186735 0.9978901289 
94.35 -0.02910858665 1.000596536 
94.4 0.02095762076 1.000801219 
94.45 0.07097148662 0.9985031467 
94.5 0.1208080041 0.9937137977 
94.55 0.170343051 0.9864569768 
94.6 0.2194539993 0.9767684305 
94.65 0.2680202999 0.964695279 
94.7 0.3159240351 0.9502952795 
94.75 0.3630504305 0.933635943 
94.8 0.4092883183 0.9147935303 
94.85 0.4545305491 0.8938519542 
94.9 0.4986743461 0.8709016188 
94.95 0.5416215999 0.8460382236 
95 0.5832791033 0.8193615628 
95.05 0.6235587267 0.7909743467 
95.1 0.6623775342 0.760981068 
95.15 0.6996578459 0.7294869375 
95.2 0.7353272479 0.6965969037 
95.25 0.7693185557 0.6624147732 
95.3 0.801569737 0.6270424408 
95.35 0.832023798 0.5905792366 
95.4 0.8606286402 0.5531213939 
95.45 0.8873368942 0.514761638 
95.5 0.9121057351 0.4755888928 
95.55 0.9348966868 0.4356881032 
95.6 0.9556754198 0.3951401648 
95.65 0.9744115484 0.3540219546 
95.7 0.9910784318 0.3124064541 
95.75 1.005652983 0.2703629556 
95.8 1.018115491 0.2279573427 
95.85 1.028449458 0.1852524348 
95.9 1.036641455 0.142308387 
95.95 1.042681 0.09918313541 
96 1.046560459 0.05593287933 
96.05 1.04827497 0.01261259094 
96.1 1.047822395 -0.03072345557 
96.15 1.0452033 -0.07402114424 
96.2 1.04042096 -0.1172259751 
96.25 1.033481389 -0.160282528 
96.3 1.024393405 -0.2031339402 
96.35 1.013168709 -0.2457214075 
96.4 0.9998219978 -0.2879837162 
96.45 0.9843710934 -0.3298568156 
96.5 0.9668370974 -0.3712734404 
96.55 0.9472445584 -0.4121627911 
96.6 0.9256216568 -0.4524502842 
96.65 0.9020003991 -0.4920573785 
96.7 0.8764168192 -0.5309014904 
96.75 0.848911181 -0.5688960034 
96.8 0.8195281792 -0.605950383 
96.85 0.7883171302 -0.6419704017 
96.9 0.7553321504 -0.6768584804 
96.95 0.7206323132 -0.7105141506 
97 0.6842817808 -0.7428346364 
97.05 0.6463499032 -0.7737155568 
97.1 0.6069112796 -0.8030517422 
97.15 0.5660457761 -0.8307381573 
97.2 0.5238384948 -0.8566709181 
97.25 0.4803796894 -0.8807483877 
97.3 0.4357646251 -0.9028723308 
97.35 0.390093379 -0.9229491053 
97.4 0.3434705802 -0.9408908638 
97.45 0.2960050908 -0.9566167384 
97.5 0.2478096272 -0.9700539793 
97.55 0.1990003268 -0.9811390168 
97.6 0.1496962641 -0.9898184183 
97.65 0.100018921 -0.9960497144 
97.7 0.05009161994 -0.9998020671 
97.75 3.892824306e-05 -1.001056764 
97.8 -0.05001395861 -0.9998075192 
97.85 -0.09994184318 -0.9960605778 
97.9 -0.1496201526 -0.9898346122 
97.95 -0.1989255551 -0.9811604221 
98 -0.2477365559 -0.9700804413 
98.05 -0.2959340652 -0.9566480697 
98.1 -0.3434019269 -0.9409268485 
98.15 -0.3900274039 -0.9229895029 
98.2 -0.4357016118 -0.9029168807 
98.25 -0.4803198976 -0.8807968137 
98.3 -0.5237821597 -0.8567229333 
98.35 -0.5659931079 -0.8307934681 
98.4 -0.6068624634 -0.8031100525 
98.45 -0.6463050998 -0.7737765719 
98.5 -0.6842411273 -0.7428980661 
98.55 -0.7205959242 -0.7105797121 
98.6 -0.7553001191 -0.6769259009 
98.65 -0.7882895301 -0.6420394197 
98.7 -0.8195050657 -0.6060207502 
98.75 -0.8488925931 -0.568967485 
98.8 -0.876402781 -0.5309738658 
98.85 -0.9019909219 -0.4921304415 
98.9 -0.9256167403 -0.452523842 
98.95 -0.9472441927 -0.4122366645 
99 -0.9668412641 -0.371347462 
99.05 -0.9843797673 -0.3299308294 
99.1 -0.9998351475 -0.288057576 
99.15 -1.013186299 -0.2457949758 
99.2 -1.024415395 -0.2032070862 
99.25 -1.033507736 -0.1603551267 
99.3 -1.040451618 -0.1172979052 
99.35 -1.045238222 -0.07409228682 
99.4 -1.047861531 -0.03079369242 
99.45 -1.04831827 0.01254337881 
99.5 -1.046607869 0.05586481324 
99.55 -1.042732465 0.09911634048 
99.6 -1.036696918 0.1422429935 
99.65 -1.028508859 0.1851885797 
99.7 -1.018178767 0.2278951706 
99.75 -1.005720067 0.27030262 
99.8 -0.9911492511 0.3123481185 
99.85 -0.9744860252 0.3539657932 
99.9 -0.9557534689 0.3950863632 
99.95 -0.9349782148 0.4356368589 
100 -0.9121906392 0.4755404155 
