0.05 0.04997916884 0.9987505205 
0.1 0.09983349369 0.9950083152 
0.15 0.1494387522 0.9887919828 
0.2 0.1986719553 0.980132188 
0.25 0.247411939 0.9690711733 
0.3 0.2955399273 0.9556620953 
0.35 0.3429400582 0.9399682074 
0.4 0.3894998652 0.9220619101 
0.45 0.4351107089 0.9020236971 
0.5 0.4796681534 0.8799410263 
0.55 0.5230722851 0.8559071434 
0.6 0.5652279729 0.8300198881 
0.65 0.6060450677 0.8023805109 
0.7 0.645438544 0.7730925248 
0.75 0.6833285858 0.7422606158 
0.8 0.7196406195 0.7099896304 
0.85 0.7543052984 0.6763836567 
0.9 0.7872584439 0.6415452103 
0.95 0.8184409494 0.6055745341 
1 0.847798651 0.5685690164 
1.05 0.875282173 0.5306227293 
1.1 0.900846753 0.4918260858 
1.15 0.924452053 0.4522656136 
1.2 0.9460619614 0.4120238385 
1.25 0.9656443924 0.3711792717 
1.3 0.983171087 0.329806493 
1.35 0.9986174204 0.2879763204 
1.4 1.011962219 0.2457560577 
1.45 1.023187595 0.2032098109 
1.5 1.03227879 0.1603988622 
1.55 1.039224052 0.117382095 
1.6 1.044014519 0.07421645848 
1.65 1.046644142 0.03095746366 
1.7 1.04710962 -0.01234029727 
1.75 1.04541037 -0.05562261762 
1.8 1.041548521 -0.09883513691 
1.85 1.035528936 -0.1419228038 
1.9 1.027359258 -0.18482935 
1.95 1.017049985 -0.2274967828 
2 1.004614567 -0.2698649061 
2.05 0.9900695283 -0.3118708771 
2.1 0.973434611 -0.3534488097 
2.15 0.9547329337 -0.3945294315 
2.2 0.9339911698 -0.4350398059 
2.25 0.9112397352 -0.4749031277 
2.3 0.8865129857 -0.5140386018 
2.35 0.8598494174 -0.5523614132 
2.4 0.8312918665 -0.5897827985 
2.45 0.8008877023 -0.6262102239 
2.5 0.7686890094 -0.6615476777 
2.55 0.7347527517 -0.6956960801 
2.6 0.6991409128 -0.7285538139 
2.65 0.6619206075 -0.7600173739 
2.7 0.6231641572 -0.7899821329 
2.75 0.5829491248 -0.8183432172 
2.8 0.5413583028 -0.8449964797 
2.85 0.4984796512 -0.8698395594 
2.9 0.4544061798 -0.8927730063 
2.95 0.409235774 -0.9137014529 
3 0.3630709605 -0.9325348067 
3.05 0.3160186141 -0.9491894374 
3.1 0.2681896054 -0.9635893301 
3.15 0.2196983925 -0.9756671749 
3.2 0.1706625602 -0.9853653649 
3.25 0.1212023127 -0.9926368735 
3.3 0.07143992524 -0.997445987 
3.35 0.02149916396 -0.9997688701 
3.4 -0.0284953187 -0.9995939482 
3.45 -0.07841860235 -0.9969220944 
3.5 -0.1281461216 -0.9917666151 
3.55 -0.1775542831 -0.9841530355 
3.6 -0.2265210671 -0.9741186908 
3.65 -0.274926604 -0.9617121363 
3.7 -0.322653717 -0.9469923928 
3.75 -0.3695884236 -0.9300280509 
3.8 -0.4156203892 -0.910896259 
3.85 -0.4606433277 -0.8896816222 
3.9 -0.5045553457 -0.8664750433 
3.95 -0.5472592275 -0.8413725328 
4 -0.5886626609 -0.8144740177 
4.05 -0.6286784035 -0.7858821756 
4.1 -0.6672243922 -0.7557013171 
4.15 -0.7042237981 -0.7240363381 
4.2 -0.7396050316 -0.6909917588 
4.25 -0.7733017017 -0.6566708638 
4.3 -0.8052525347 -0.6211749514 
4.35 -0.8354012587 -0.5846027012 
4.4 -0.8636964595 -0.5470496601 
4.45 -0.8900914135 -0.508607849 
4.5 -0.9145439037 -0.469365487 
4.55 -0.9370160259 -0.4294068282 
4.6 -0.9574739876 -0.3888121054 
4.65 -0.9758879083 -0.3476575729 
4.7 -0.9922316235 -0.3060156404 
4.75 -1.006482497 -0.263955088 
4.8 -1.018621248 -0.2215413539 
4.85 -1.028631789 -0.1788368854 
4.9 -1.03650109 -0.1359015426 
4.95 -1.042219058 -0.09279304721 
5 -1.045778443 -0.04956746622 
5.05 -1.047174769 -0.00627972224 
5.1 -1.046406285 0.03701587824 
5.15 -1.043473953 0.080265107 
5.2 -1.038381458 0.1234132751 
5.25 -1.031135237 0.166404701 
5.3 -1.021744552 0.2091821941 
5.35 -1.010221569 0.2516865624 
5.4 -0.9965814736 0.2938561529 
5.45 -0.9808426065 0.3356264334 
5.5 -0.963026613 0.3769296256 
5.55 -0.9431586154 0.4176943984 
5.6 -0.9212673966 0.45784563 
5.65 -0.8973855938 0.4973042502 
5.7 -0.871549898 0.53598717 
5.75 -0.8438012547 0.5738073084 
5.8 -0.814185061 0.610673724 
5.85 -0.7827513526 0.6464918572 
5.9 -0.7495549764 0.6811638897 
5.95 -0.7146557419 0.7145892227 
6 -0.6781185461 0.7466650756 
6.05 -0.6400134646 0.7772872028 
6.1 -0.6004158049 0.8063507225 
6.15 -0.5594061154 0.8337510502 
6.2 -0.517070145 0.8593849223 
6.25 -0.4734987501 0.8831514956 
6.3 -0.4287877446 0.9049535015 
6.35 -0.3830376918 0.9246984329 
6.4 -0.3363536367 0.9422997366 
6.45 -0.2888447784 0.9576779849 
6.5 -0.2406240858 0.9707619964 
6.55 -0.1918078587 0.9814898767 
6.6 -0.1425152399 0.9898099506 
6.65 -0.09286768364 0.9956815601 
6.7 -0.0429883877 0.9990757041 
6.75 0.006998301401 0.9999755014 
6.8 0.05696750217 0.9983764621 
6.85 0.1067944203 0.9942865609 
6.9 0.1563549698 0.9877261075 
6.95 0.2055263817 0.9787274209 
7 0.2541877932 0.9673343148 
7.05 0.3022208057 0.9536014116 
7.1 0.3495100043 0.9375933048 
7.15 0.3959434336 0.9193835931 
7.2 0.441413021 0.8990538144 
7.25 0.4858149457 0.8766923081 
7.3 0.5290499496 0.8523930348 
7.35 0.5710235878 0.8262543824 
7.4 0.6116464213 0.7983779859 
7.45 0.6508341499 0.7688675867 
7.5 0.6885076906 0.737827952 
7.55 0.7245932031 0.7053638753 
7.6 0.7590220687 0.6715792709 
7.65 0.7917308254 0.636576376 
7.7 0.8226610666 0.6004550661 
7.75 0.8517593086 0.5633122904 
7.8 0.8789768323 0.5252416267 
7.85 0.9042695063 0.4863329554 
7.9 0.9275975959 0.4466722485 
7.95 0.9489255653 0.4063414684 
8 0.9682218761 0.365418569 
8.05 0.9854587896 0.3239775914 
8.1 1.000612174 0.2820888451 
8.15 1.013661327 0.2398191661 
8.2 1.024588805 0.1972322411 
8.25 1.03338028 0.1543889901 
8.3 1.04002441 0.111347997 
8.35 1.04451273 0.0681659792 
8.4 1.04683958 0.02489828742 
8.45 1.04700204 -0.01840057241 
8.5 1.044999906 -0.06167640459 
8.55 1.04083569 -0.1048747841 
8.6 1.034514638 -0.1479405206 
8.65 1.026044789 -0.1908171343 
8.7 1.015437046 -0.2334463524 
8.75 1.002705284 -0.2757676339 
8.8 0.9878664674 -0.317717733 
8.85 0.9709408007 -0.3592303086 
8.9 0.9519518893 -0.4002355906 
8.95 0.9309269188 -0.4406601117 
9 0.9078968447 -0.4804265133 
9.05 0.8828965901 -0.5194534372 
9.1 0.8559652466 -0.5576555094 
9.15 0.8271462734 -0.5949434251 
9.2 0.7964876894 -0.6312241438 
9.25 0.7640422527 -0.6664011966 
9.3 0.7298676217 -0.7003751141 
9.35 0.6940264926 -0.733043973 
9.4 0.656586705 -0.7643040623 
9.45 0.6176213131 -0.7940506654 
9.5 0.5772086133 -0.8221789494 
9.55 0.5354321266 -0.8485849519 
9.6 0.492380528 -0.8731666502 
9.65 0.4481475216 -0.8958250945 
9.7 0.402831658 -0.9164655837 
9.75 0.3565360914 -0.9349988588 
9.8 0.3093682784 -0.9513422871 
9.85 0.2614396176 -0.9654210083 
9.9 0.2128650336 -0.9771690132 
9.95 0.1637625093 -0.9865301258 
10 0.1142525727 -0.9934588627 
10.05 0.0644577432 -0.9979211426 
10.1 0.01450194783 -0.9998948277 
10.15 -0.03549008602 -0.999370079 
10.2 -0.08539345019 -0.9963495154 
10.25 -0.1350836784 -0.9908481709 
10.3 -0.184437362 -0.9828932526 
10.35 -0.233332748 -0.9725237057 
10.4 -0.281650312 -0.9597895992 
10.45 -0.3292732951 -0.9447513502 
10.5 -0.3760881993 -0.9274788104 
10.55 -0.4219852337 -0.9080502396 
10.6 -0.4668587078 -0.8865511955 
10.65 -0.510607367 -0.8630733676 
10.7 -0.5531346698 -0.8377133858 
10.75 -0.5943490049 -0.8105716316 
10.8 -0.6341638494 -0.7817510771 
10.85 -0.6724978709 -0.7513561758 
10.9 -0.7092749745 -0.7194918269 
10.95 -0.7444243018 -0.6862624269 
11 -0.7778801836 -0.6517710248 
11.05 -0.8095820541 -0.616118588 
11.1 -0.8394743306 -0.5794033857 
11.15 -0.8675062658 -0.5417204921 
11.2 -0.8936317782 -0.5031614101 
11.25 -0.9178092667 -0.463813811 
11.3 -0.9400014143 -0.4237613871 
11.35 -0.9601749882 -0.3830838097 
11.4 -0.9783006398 -0.3418567849 
11.45 -0.9943527094 -0.3001521996 
11.5 -1.008309041 -0.2580383474 
11.55 -1.020150808 -0.2155802254 
11.6 -1.029862361 -0.1728398933 
11.65 -1.037431087 -0.1298768841 
11.7 -1.042847297 -0.08674865795 
11.75 -1.046104131 -0.04351109055 
11.8 -1.047197497 -0.0002189861281 
11.85 -1.046126025 0.04307339225 
11.9 -1.042891057 0.08631178425 
11.95 -1.037496659 0.1294413938 
12 -1.029949661 0.1724063586 
12.05 -1.020259723 0.2151492371 
12.1 -1.008439429 0.2576105195 
12.15 -0.9945043969 0.299728174 
12.2 -0.9784734195 0.3414372348 
12.25 -0.9603686188 0.3826694434 
12.3 -0.9402156181 0.4233529506 
12.35 -0.9180437277 0.4634120896 
12.4 -0.8938861403 0.5027672297 
12.45 -0.8677801303 0.5413347193 
12.5 -0.8397672547 0.5790269268 
12.55 -0.8098935486 0.615752387 
12.6 -0.7782097114 0.65141606 
12.65 -0.7447712759 0.6859197066 
12.7 -0.709638757 0.7191623839 
12.75 -0.6728777716 0.7510410605 
12.8 -0.6345591256 0.7814513494 
12.85 -0.5947588605 0.8102883521 
12.9 -0.5535582562 0.8374476052 
12.95 -0.5110437834 0.8628261164 
13 -0.4673070026 0.8863234723 
13.05 -0.4224444064 0.9078429989 
13.1 -0.3765572031 0.9272929509 
13.15 -0.3297510398 0.9445877028 
13.2 -0.2821356679 0.9596489151 
13.25 -0.23382455 0.9724066459 
13.3 -0.1849344144 0.9828003777 
13.35 -0.1355847603 0.9907799329 
13.4 -0.08589732077 0.9963062504 
13.45 -0.03599549078 0.9993520018 
13.5 0.01399627104 0.9999020284 
13.55 0.0639530579 0.9979535853 
13.6 0.1137501374 0.9935163859 
13.65 0.1632635716 0.986612445 
13.7 0.2123708235 0.9772757255 
13.75 0.2609513425 0.965551599 
13.8 0.308887117 0.9514961371 
13.85 0.3560631892 0.9351752545 
13.9 0.4023681227 0.9166637271 
13.95 0.4476944192 0.8960441147 
14 0.4919388791 0.8734056152 
14.05 0.5350029041 0.8488428805 
14.1 0.5767927401 0.8224548235 
14.15 0.6172196605 0.7943434415 
14.2 0.6562000917 0.7646126828 
14.25 0.6936556842 0.7333673766 
14.3 0.729513331 0.7007122453 
14.35 0.7637051399 0.666751014 
14.4 0.7961683633 0.6315856279 
14.45 0.8268452924 0.5953155841 
14.5 0.8556831203 0.558037384 
14.55 0.882633781 0.5198441047 
14.6 0.9076537702 0.4808250898 
14.65 0.9307039532 0.4410657538 
14.7 0.9517493656 0.4006474956 
14.75 0.9707590128 0.3596477136 
14.8 0.9877056721 0.318139914 
14.85 1.002565703 0.2761939029 
14.9 1.015318867 0.2338760544 
14.95 1.025948167 0.1912496439 
15 1.034439699 0.1483752376 
15.05 1.04078253 0.1053111289 
15.1 1.044968593 0.0621138133 
15.15 1.046992612 0.01883849151 
15.2 1.046852049 -0.02446040635 
15.25 1.044547081 -0.06772868496 
15.3 1.040080599 -0.1109118443 
15.35 1.033458237 -0.1539545446 
15.4 1.024688429 -0.196800085 
15.45 1.013782489 -0.239389903 
15.5 1.000754714 -0.2816631042 
15.55 0.9856225144 -0.323556032 
15.6 0.96840656 -0.3650018841 
15.65 0.9491309464 -0.4059303874 
15.7 0.927823375 -0.4462675396 
15.75 0.9045153447 -0.485935427 
15.8 0.87924235 -0.524852128 
15.85 0.852044082 -0.5629317107 
15.9 0.8229646267 -0.6000843335 
15.95 0.7920526558 -0.6362164545 
16 0.7593616041 -0.6712311566 
16.05 0.7249498277 -0.7050285911 
16.1 0.6888807369 -0.7375065418 
16.15 0.6512228979 -0.7685611072 
16.2 0.6120500978 -0.7980874987 
16.25 0.5714413667 -0.8259809436 
16.3 0.5294809524 -0.8521376851 
16.35 0.4862582426 -0.8764560612 
16.4 0.4418676321 -0.8988376453 
16.45 0.3964083318 -0.919188426 
16.5 0.3499841176 -0.9374200012 
16.55 0.302703021 -0.9534507583 
16.6 0.2546769602 -0.9672070128 
16.65 0.2060213171 -0.9786240753 
16.7 0.1568544628 -0.9876472179 
16.75 0.1072972382 -0.994232514 
16.8 0.05747239544 -0.9983475254 
16.85 0.007504010484 -0.999971819 
16.9 -0.04248312649 -0.9990972944 
16.95 -0.09236413176 -0.9957283153 
17 -0.1420146503 -0.9898816387 
17.05 -0.1913114697 -0.9815861452 
17.1 -0.2401331152 -0.9708823777 
17.15 -0.2883604179 -0.9578219037 
17.2 -0.3358770467 -0.9424665188 
17.25 -0.3825699967 -0.9248873155 
17.3 -0.4283300286 -0.9051636436 
17.35 -0.4730520539 -0.8833819899 
17.4 -0.5166354624 -0.8596348074 
17.45 -0.5589843909 -0.8340193224 
17.5 -0.6000079322 -0.8066363479 
17.55 -0.6396202849 -0.7775891285 
17.6 -0.6777408481 -0.7469822407 
17.65 -0.714294261 -0.7149205681 
17.7 -0.7492103953 -0.6815083671 
17.75 -0.7824243021 -0.6468484368 
17.8 -0.813876121 -0.6110414013 
17.85 -0.8435109556 -0.5741851098 
17.9 -0.8712787223 -0.5363741566 
17.95 -0.8971339782 -0.4976995212 
18 -0.9210357336 -0.4582483245 
18.05 -0.9429472555 -0.4181036962 
18.1 -0.9628358666 -0.377344747 
18.15 -0.9806727462 -0.3360466377 
18.2 -0.9964327358 -0.294280737 
18.25 -1.010094155 -0.2521148576 
18.3 -1.021638633 -0.2096135628 
18.35 -1.031050951 -0.1668385326 
18.4 -1.038318912 -0.1238489818 
18.45 -1.043433228 -0.08070211878 
18.5 -1.046387431 -0.03745363776 
18.55 -1.04717781 0.005841764907 
18.6 -1.045803376 0.04912985903 
18.65 -1.042265851 0.0923563416 
18.7 -1.036569683 0.1354662989 
18.75 -1.028722096 0.1784036781 
18.8 -1.018733152 0.2211107768 
18.85 -1.006615852 0.2635277587 
18.9 -0.9923862501 0.3055922049 
18.95 -0.9760635952 0.3472387092 
19 -0.9576704885 0.3883985268 
19.05 -0.937233058 0.4289992861 
19.1 -0.9147811456 0.4689647723 
19.15 -0.8903485031 0.5082147934 
19.2 -0.8639729923 0.5466651357 
19.25 -0.8356967854 0.5842276198 
19.3 -0.8055665596 0.6208102618 
19.35 -0.7736336809 0.6563175489 
19.4 -0.739954371 0.6906508307 
19.45 -0.7045898526 0.7237088324 
19.5 -0.6676064645 0.7553882861 
19.55 -0.6290757434 0.7855846798 
19.6 -0.589074465 0.8141931168 
19.65 -0.5476846398 0.8411092755 
19.7 -0.5049934582 0.8662304563 
19.75 -0.461093182 0.8894566986 
19.8 -0.4160809782 0.9106919463 
19.85 -0.3700586942 0.929845239 
19.9 -0.3231325734 0.9468319021 
19.95 -0.2754129113 0.961574706 
20 -0.2270136556 0.9740049685 
20.05 -0.1780519534 0.9840635671 
20.1 -0.1286476496 0.9917018368 
20.15 -0.07892274515 0.9968823256 
20.2 -0.02900082032 0.9995793864 
20.25 0.0209935662 0.999779588 
20.3 0.07093549451 0.997481931 
20.35 0.1207003063 0.9926978648 
20.4 0.1701642235 0.9854511021 
20.45 0.2192049528 0.9757772392 
20.5 0.2677022663 0.9637231916 
20.55 0.31553855 0.9493464634 
20.6 0.3625993117 0.9327142711 
20.65 0.4087736426 0.9139025468 
20.7 0.4539546256 0.8929948497 
20.75 0.4980396884 0.8700812127 
20.8 0.5409308974 0.8452569559 
20.85 0.5825351925 0.818621494 
20.9 0.6227645619 0.7902771643 
20.95 0.6615361605 0.7603281011 
21 0.6987723724 0.728879176 
21.05 0.7344008232 0.6960350231 
21.1 0.7683543458 0.661899163 
21.15 0.8005709052 0.6265732355 
21.2 0.8309934875 0.5901563487 
21.25 0.8595699594 0.5527445479 
21.3 0.8862529047 0.5144304036 
21.35 0.9109994425 0.4753027184 
21.4 0.9337710338 0.4354463477 
21.45 0.9545332819 0.3949421274 
21.5 0.9732557319 0.3538669026 
21.55 0.9899116736 0.3122936479 
21.6 1.004477953 0.2702916717 
21.65 1.016934796 0.2279268927 
21.7 1.027265645 0.1852621826 
21.75 1.03545702 0.1423577621 
21.8 1.041498394 0.09927164371 
21.85 1.045382095 0.05606011087 
21.9 1.047103233 0.01277822454 
21.95 1.046659651 -0.03051965049 
22 1.044051905 -0.07377930867 
22.05 1.039283266 -0.1169461644 
22.1 1.032359759 -0.1599647186 
22.15 1.023290214 -0.2027780391 
22.2 1.012086355 -0.2453272645 
22.25 0.9987629081 -0.287551139 
22.3 0.9833377297 -0.3293855872 
22.35 0.9658319589 -0.3707633394 
22.4 0.9462701849 -0.4116136143 
22.45 0.924680629 -0.4518618712 
22.5 0.9010953371 -0.4914296394 
22.55 0.8755503792 -0.5302344336 
22.6 0.8480860497 -0.5681897664 
22.65 0.818747065 -0.6052052628 
22.7 0.7875827534 -0.6411868865 
22.75 0.7546472295 -0.6760372806 
22.8 0.7199995494 -0.7096562282 
22.85 0.6837038396 -0.7419412335 
22.9 0.6458293943 -0.7727882204 
22.95 0.6064507341 -0.8020923457 
23 0.5656476221 -0.8297489168 
23.05 0.5235050312 -0.8556544034 
23.1 0.4801130595 -0.8797075267 
23.15 0.4355667887 -0.9018104064 
23.2 0.3899660851 -0.9218697445 
23.25 0.3434153402 -0.9397980186 
23.3 0.296023153 -0.9555146588 
23.35 0.2479019531 -0.9689471772 
23.4 0.1991675707 -0.9800322233 
23.45 0.1499387547 -0.9887165336 
23.5 0.1003366478 -0.9949577519 
23.55 0.05048422343 -0.9987250936 
23.6 0.000505694625 -0.9999998362 
23.65 -0.04947409788 -0.9987756207 
23.7 -0.099330307 -0.9950585543 
23.75 -0.148938701 -0.9888671116 
23.8 -0.1981762754 -0.9802318377 
23.85 -0.2469218447 -0.9691948606 
23.9 -0.2950566062 -0.9558092308 
23.95 -0.342464666 -0.940138104 
24 -0.3890335209 -0.922253793 
24.05 -0.4346544908 -0.9022367157 
24.1 -0.4792230956 -0.8801742651 
24.15 -0.5226393747 -0.8561596343 
24.2 -0.5648081475 -0.8302906226 
24.25 -0.6056392135 -0.8026684517 
24.3 -0.645047495 -0.7733966175 
24.35 -0.6829531232 -0.7425797991 
24.4 -0.7192814712 -0.7103228463 
24.45 -0.7539631398 -0.6767298591 
24.5 -0.7869338988 -0.6419033726 
24.55 -0.8181345905 -0.6059436559 
24.6 -0.8475110019 -0.5689481287 
24.65 -0.8750137097 -0.5310108984 
24.7 -0.9005979059 -0.4922224166 
24.75 -0.9242232085 -0.4526692508 
24.8 -0.9458534644 -0.4124339676 
24.85 -0.9654565479 -0.3715951186 
24.9 -0.9830041625 -0.3302273225 
24.95 -0.9984716473 -0.2884014343 
25 -1.011837795 -0.2461847921 
25.05 -1.023084684 -0.203641532 
25.1 -1.032197528 -0.1608329631 
25.15 -1.039164542 -0.1178179906 
25.2 -1.043976837 -0.07465358088 
25.25 -1.046628335 -0.03139525692 
25.3 -1.047115708 0.01190238244 
25.35 -1.045438345 0.05518512931 
25.4 -1.041598349 0.09839862747 
25.45 -1.035600553 0.1414878352 
25.5 -1.027452573 0.1843964991 
25.55 -1.017164877 0.2270666464 
25.6 -1.004750885 0.2694381055 
25.65 -0.9902270896 0.3114480625 
25.7 -0.9736131992 0.3530306639 
25.75 -0.9549322977 0.3941166729 
25.8 -0.9342110213 0.4346331913 
25.85 -0.9114797473 0.4745034537 
25.9 -0.8867727907 0.5136467056 
25.95 -0.8601286046 0.5519781726 
26 -0.8315899802 0.5894091305 
26.05 -0.8012042403 0.6258470824 
26.1 -0.7690234208 0.6611960498 
26.15 -0.7351044356 0.6953569816 
26.2 -0.6995092168 0.7282282831 
26.25 -0.6623048269 0.7597064646 
26.3 -0.6235635345 0.7896869062 
26.35 -0.5833628492 0.8180647317 
26.4 -0.5417855112 0.8447357818 
26.45 -0.4989194284 0.8695976716 
26.5 -0.4548575604 0.8925509161 
26.55 -0.4096977445 0.9135001004 
26.6 -0.3635424617 0.9323550728 
26.65 -0.3164985445 0.9490321318 
26.7 -0.2686768251 0.9634551797 
26.75 -0.2201917274 0.9755568136 
26.8 -0.1711608071 0.9852793238 
26.85 -0.1217042446 0.9925755728 
26.9 -0.07194429718 0.9974097292 
26.95 -0.02200471869 0.9997578356 
27 0.02798984423 0.9996081919 
27.05 0.0779144708 0.9969615452 
27.1 0.1276445889 0.9918310767 
27.15 0.1770565924 0.98424219 
27.2 0.2260284426 0.9742321034 
27.25 0.2744402455 0.9618492622 
27.3 0.3221747943 0.9471525856 
27.35 0.3691180721 0.9302105724 
27.4 0.415159705 0.9111002897 
27.45 0.4601933644 0.8899062731 
27.5 0.5041171108 0.8667193675 
27.55 0.5468336801 0.8416355378 
27.6 0.5882507094 0.8147546772 
27.65 0.6282809045 0.7861794412 
27.7 0.6668421496 0.7560141292 
27.75 0.7038575626 0.7243636362 
27.8 0.7392555013 0.6913324908 
27.85 0.7729695222 0.6570239937 
27.9 0.8049383005 0.6215394671 
27.95 0.8351055144 0.5849776195 
28 0.8634197013 0.5474340318 
28.05 0.8898340911 0.5090007622 
28.1 0.9143064223 0.4697660691 
28.15 0.9367987478 0.4298142472 
28.2 0.9572772348 0.3892255699 
28.25 0.9757119642 0.3480763314 
28.3 0.9920767347 0.306438979 
28.35 1.006348876 0.2643823284 
28.4 1.018509072 0.2219718499 
28.45 1.028541206 0.1792700191 
28.5 1.036432217 0.1363367201 
28.55 1.042171984 0.09322969395 
28.6 1.045753227 0.05000502172 
28.65 1.047171441 0.006717635027 
28.7 1.04642485 -0.03657815608 
28.75 1.043514389 -0.07982812529 
28.8 1.038443712 -0.122977591 
28.85 1.031219232 -0.1659708844 
28.9 1.021850178 -0.2087508325 
28.95 1.010348689 -0.251258266 
29 0.9967299188 -0.2934315589 
29.05 0.981012175 -0.3352062101 
29.1 0.9632170688 -0.376514476 
29.15 0.9433696866 -0.4172850623 
29.2 0.9214987731 -0.4574428867 
29.25 0.8976369256 -0.4969089194 
29.3 0.8718207932 -0.5356001121 
29.35 0.8440912773 -0.5734294238 
29.4 0.8144937291 -0.6103059509 
29.45 0.7830781363 -0.646135169 
29.5 0.7498992965 -0.6808192905 
29.55 0.7150169684 -0.7142577419 
29.6 0.6784959968 -0.7463477612 
29.65 0.6404064048 -0.7769851138 
29.7 0.6008234469 -0.8060649198 
29.75 0.5598276184 -0.8334825867 
29.8 0.5175046161 -0.8591348321 
29.85 0.4739452453 -0.8829207827 
29.9 0.4292452708 -0.9047431279 
29.95 0.3835052093 -0.9245093063 
30 0.3368300616 -0.9421326986 
30.05 0.2893289869 -0.9575337995 
30.1 0.2411149179 -0.9706413388 
30.15 0.1923041233 -0.9813933231 
30.2 0.1430157196 -0.9897379698 
30.25 0.09337114045 -0.9956345059 
30.3 0.04349356893 -0.99905381 
30.35 -0.006492656993 -0.9999788763 
30.4 -0.05646265814 -0.9984050891 
30.45 -0.1062916363 -0.9943402973 
30.5 -0.1558554949 -0.9878046873 
30.55 -0.2050314491 -0.9788304587 
30.6 -0.2536986139 -0.9674613122 
30.65 -0.3017385628 -0.9537517648 
30.7 -0.3490358486 -0.9377663139 
30.75 -0.3954784785 -0.9195784722 
30.8 -0.4409583388 -0.8992697029 
30.85 -0.4853715641 -0.8769282827 
30.9 -0.5286188486 -0.852648121 
30.95 -0.5706056979 -0.8265275671 
31 -0.6112426215 -0.7986682288 
31.05 -0.6504452667 -0.7691738318 
31.1 -0.6881344975 -0.7381491381 
31.15 -0.7242364209 -0.7056989456 
31.2 -0.7586823653 -0.6719271817 
31.25 -0.7914088172 -0.6369361041 
31.3 -0.8223573195 -0.6008256153 
31.35 -0.8514743393 -0.5636926964 
31.4 -0.8787111103 -0.5256309612 
31.45 -0.9040234555 -0.4867303288 
31.5 -0.927371597 -0.4470768113 
31.55 -0.9487199573 -0.4067524119 
31.6 -0.9680369588 -0.3658351246 
31.65 -0.985294825 -0.3243990293 
31.7 -1.000469389 -0.2825144723 
31.75 -1.013539914 -0.2402483229 
31.8 -1.024488925 -0.197664298 
31.85 -1.033302063 -0.1548233435 
31.9 -1.039967955 -0.1117840646 
31.95 -1.044478111 -0.06860319504 
32 -1.046826838 -0.02533609692 
32.05 -1.047011192 0.01796271801 
32.1 -1.045030941 0.0612390536 
32.15 -1.040888568 0.1044384898 
32.2 -1.034589292 0.1475058468 
32.25 -1.026141124 0.1903846603 
32.3 -1.015554938 0.233016678 
32.35 -1.002844577 0.2753413842 
32.4 -0.9880269733 0.3172955625 
32.45 -0.9711222989 0.3588129048 
32.5 -0.9521541235 0.3998236773 
32.55 -0.9311495956 0.4402544509 
32.6 -0.9081396316 0.4800279073 
32.65 -0.8831591134 0.5190627289 
32.7 -0.8562470896 0.557273582 
32.75 -0.8274469741 0.594571201 
32.8 -0.7968067388 0.6308625815 
32.85 -0.7643790931 0.6660512876 
32.9 -0.7302216451 0.7000378777 
32.95 -0.6943970393 0.73272045 
33 -0.6569730631 0.763995308 
33.05 -0.6180227175 0.793757741 
33.1 -0.5776242462 0.8219029124 
33.15 -0.5358611173 0.8483268458 
33.2 -0.4928219544 0.8729274934 
33.25 -0.4486004117 0.8956058685 
33.3 -0.4032949915 0.9162672209 
33.35 -0.3570088032 0.9348222307 
33.4 -0.3098492615 0.9511881925 
33.45 -0.261927727 0.9652901618 
33.5 -0.2133590909 0.9770620346 
33.55 -0.1642613079 0.9864475313 
33.6 -0.1147548827 0.9934010562 
33.65 -0.06496231766 0.9978884098 
33.7 -0.01500752844 0.9998873315 
33.75 0.03498476255 0.9993878567 
33.8 0.08488964587 0.9963924782 
33.85 0.1345826477 0.9909161054 
33.9 0.1839403455 0.9829858241 
33.95 0.2328409669 0.9726404636 
34 0.281164962 0.959929984 
34.05 0.3287955415 0.9449147021 
34.1 0.375619172 0.9276643792 
34.15 0.4215260231 0.9082571956 
34.2 0.4664103611 0.8867786407 
34.25 0.510170885 0.8633203481 
34.3 0.5527110045 0.8379789038 
34.35 0.5939390575 0.8108546571 
34.4 0.6337684692 0.7820505594 
34.45 0.6721178541 0.7516710549 
34.5 0.7089110645 0.7198210429 
34.55 0.7440771891 0.6866049296 
34.6 0.7775505067 0.6521257814 
34.65 0.8092704002 0.61648459 
34.7 0.8391812375 0.5797796545 
34.75 0.8672322231 0.5421060837 
34.8 0.8933772292 0.5035554179 
34.85 0.9175746103 0.4642153682 
34.9 0.9397870072 0.4241696676 
34.95 0.9599811468 0.3834980276 
35 0.9781276421 0.3422761942 
35.05 0.9942007971 0.3005760917 
35.1 1.008178421 0.2584660487 
35.15 1.020041655 0.216011094 
35.2 1.029774818 0.1732733149 
35.25 1.037365267 0.1303122679 
35.3 1.042803282 0.08718543168 
35.35 1.046081979 0.04394869537 
35.4 1.047197234 0.0006568714406 
35.45 1.046147652 -0.04263577426 
35.5 1.042934547 -0.08587498407 
35.55 1.037561957 -0.12900597 
35.6 1.030036684 -0.1719728832 
35.65 1.020368359 -0.2147183004 
35.7 1.008569535 -0.2571827353 
35.75 0.9946557999 -0.2993041835 
35.8 0.9786459133 -0.3410177109 
35.85 0.9605619625 -0.382255094 
35.9 0.9404295344 -0.4229445209 
35.95 0.9182779013 -0.4630103645 
36 0.8941402154 -0.5023730345 
36.05 0.8680537089 -0.5409489201 
36.1 0.8400598945 -0.5786504292 
36.15 0.8102047613 -0.6153861344 
36.2 0.7785389602 -0.6510610302 
36.25 0.7451179747 -0.6855769075 
36.3 0.7100022685 -0.7188328479 
36.35 0.6732574065 -0.7507258377 
36.4 0.6349541418 -0.7811514994 
36.45 0.5951684628 -0.8100049351 
36.5 0.5539815966 -0.8371816722 
36.55 0.5114799618 -0.8625786979 
36.6 0.4677550681 -0.886095567 
36.65 0.4229033594 -0.907635562 
36.7 0.3770259973 -0.9271068814 
36.75 0.3302285859 -0.9444238321 
36.8 0.2826208366 -0.9595079953 
36.85 0.234316177 -0.9722893388 
36.9 0.1854313045 -0.9827072451 
36.95 0.136085693 -0.9907114277 
37 0.08640105577 -0.9962627099 
37.05 0.03650077392 -0.9993336422 
37.1 -0.01349070161 -0.9999089411 
37.15 -0.06344846546 -0.9979857358 
37.2 -0.1132477804 -0.993573614 
37.25 -0.1627646972 -0.9866944677 
37.3 -0.211876662 -0.9773821412 
37.35 -0.2604631011 -0.965681894 
37.4 -0.3084059747 -0.9516496938 
37.45 -0.3555902916 -0.9353513602 
37.5 -0.4019045777 -0.9168615849 
37.55 -0.4472412928 -0.8962628547 
37.6 -0.4914971925 -0.873644306 
37.65 -0.5345736305 -0.8491005418 
37.7 -0.5763768028 -0.8227304376 
37.75 -0.6168179309 -0.7946359654 
37.8 -0.6558133891 -0.7649210593 
37.85 -0.6932847746 -0.7336905445 
37.9 -0.7291589276 -0.7010491493 
37.95 -0.7633679033 -0.6671006129 
38 -0.7958489028 -0.631946902 
38.05 -0.8265441667 -0.5956875415 
38.1 -0.8554008395 -0.5584190652 
38.15 -0.8823708081 -0.5202345869 
38.2 -0.9074105229 -0.481223489 
38.25 -0.9304808061 -0.4414712261 
38.3 -0.9515466522 -0.4010592381 
38.35 -0.9705770273 -0.3600649635 
38.4 -0.9875446715 -0.3185619467 
38.45 -1.002425909 -0.2766200302 
38.5 -1.015200468 -0.2343056213 
38.55 -1.025851319 -0.1916820247 
38.6 -1.034364529 -0.148809832 
38.65 -1.040729132 -0.1057473573 
38.7 -1.044937036 -0.06255111171 
38.75 -1.046982935 -0.0192763065 
38.8 -1.046864264 0.02402262311 
38.85 -1.044581173 0.06729148211 
38.9 -1.040136525 0.1104757762 
38.95 -1.033535926 0.1535201769 
39 -1.024787782 0.1963679995 
39.05 -1.013903377 0.2389607028 
39.1 -1.000896977 0.2812374182 
39.15 -0.98578596 0.3231345191 
39.2 -0.9685909626 0.3645852365 
39.25 -0.9493360446 0.4055193341 
39.3 -0.9280488701 0.4458628482 
39.35 -0.9047608986 0.4855379054 
39.4 -0.8795075831 0.5244626247 
39.45 -0.8523285714 0.5625511145 
39.5 -0.823267904 0.5997135718 
39.55 -0.7923742053 0.6358564907 
39.6 -0.7597008612 0.6708829863 
39.65 -0.7253061772 0.7046932369 
39.7 -0.689253512 0.7371850469 
39.75 -0.6516113792 0.7682545283 
39.8 -0.6124535131 0.7977968968 
39.85 -0.5718588906 0.825707375 
39.9 -0.5299117072 0.8518821904 
39.95 -0.486701299 0.8762196542 
40 -0.4423220113 0.8986213012 
40.05 -0.3968730072 0.9189930695 
40.1 -0.3504580181 0.9372464942 
40.15 -0.303185034 0.9532998884 
40.2 -0.2551659359 0.9670794819 
40.25 -0.2065160731 0.9785204892 
40.3 -0.1573537889 0.9875680773 
40.35 -0.1077999018 0.9941782067 
40.4 -0.05797714773 0.9983183202 
40.45 -0.008009592193 0.9999678612 
40.5 0.04197797875 0.9991186037 
40.55 0.09186067922 0.9957747854 
40.6 0.1415141458 0.9899530389 
40.65 0.1908151513 0.9816821243 
40.7 0.2396422007 0.9710024694 
40.75 0.2878760991 0.957965534 
40.8 0.3354004841 0.9426330147 
40.85 0.3821023148 0.925075915 
40.9 0.4278723119 0.9053735067 
40.95 0.4726053432 0.8836122102 
41 0.5162007517 0.8598844243 
41.05 0.5585626252 0.8342873328 
41.1 0.5996000053 0.8069217183 
41.15 0.6392270387 0.7778908065 
41.2 0.6773630713 0.7472991658 
41.25 0.7139326896 0.7152516812 
41.3 0.7488657123 0.6818526201 
41.35 0.7820971388 0.6472048 
41.4 0.8135670576 0.6114088701 
41.45 0.8432205229 0.5745627104 
41.5 0.8710074033 0.53676095 
41.55 0.8968822099 0.4980946065 
41.6 0.9208039088 0.4586508406 
41.65 0.9427357251 0.4185128225 
41.7 0.9626449415 0.3777597035 
41.75 0.9805026991 0.3364666838 
41.8 0.9962838036 0.2947051693 
41.85 1.00996654 0.2525430072 
41.9 1.021532505 0.2100447919 
41.95 1.030966449 0.1672722306 
42 1.038256144 0.1242845607 
42.05 1.043392274 0.08113900854 
42.1 1.046368343 0.03789128112 
42.15 1.047180611 -0.005403917793 
42.2 1.045828063 -0.04869235598 
42.25 1.042312393 -0.09191973386 
42.3 1.036638022 -0.1350311466 
42.35 1.028812144 -0.1779705554 
42.4 1.018844793 -0.220680277 
42.45 1.00674894 -0.2631004991 
42.5 0.9925406064 -0.305168831 
42.55 0.9762390091 -0.3468198984 
42.6 0.9578667141 -0.3879849921 
42.65 0.9374498128 -0.4285917781 
42.7 0.9150181088 -0.4685640815 
42.75 0.8906053131 -0.5078217507 
42.8 0.8642492452 -0.5462806127 
42.85 0.8359920326 -0.5838525275 
42.9 0.805880306 -0.6204455486 
42.95 0.773965383 -0.6559641969 
43 0.7403034357 -0.6903098517 
43.05 0.7049556354 -0.7233812616 
43.1 0.6679882687 -0.7550751752 
43.15 0.6294728196 -0.7852870891 
43.2 0.5894860106 -0.8139121058 
43.25 0.5481097996 -0.8408458928 
43.3 0.505431325 -0.8659857287 
43.35 0.461542798 -0.8892316192 
43.4 0.4165413371 -0.9104874631 
43.45 0.3705287437 -0.9296622424 
43.5 0.3236112183 -0.9466712128 
43.55 0.2758990173 -0.9614370642 
43.6 0.2275060539 -0.9738910224 
43.65 0.178549445 -0.9839738637 
43.7 0.1291490109 -0.9916368133 
43.75 0.07942673371 -0.9968423025 
43.8 0.02950618062 -0.9995645627 
43.85 -0.0204880965 -0.9997900374 
43.9 -0.07043117828 -0.9975176013 
43.95 -0.1201984007 -0.9927585785 
44 -0.1696659737 -0.9855365592 
44.05 -0.2187115859 -0.9758870221 
44.1 -0.2672149859 -0.9638567717 
44.15 -0.3150585305 -0.949503209 
44.2 -0.3621276938 -0.9328934573 
44.25 -0.4083115284 -0.9141033659 
44.3 -0.453503075 -0.8932164224 
44.35 -0.4975997158 -0.8703226002 
44.4 -0.5405034691 -0.8455171719 
44.45 -0.5821212244 -0.8188995167 
44.5 -0.6223649184 -0.7905719482 
44.55 -0.6611516532 -0.7606385878 
44.6 -0.6984037598 -0.7292043047 
44.65 -0.7340488111 -0.6963737401 
44.7 -0.7680195877 -0.6622504298 
44.75 -0.8002540029 -0.6269360359 
44.8 -0.8306949929 -0.5905296953 
44.85 -0.8592903758 -0.5531274862 
44.9 -0.8859926887 -0.514822016 
44.95 -0.9107590056 -0.4757021266 
45 -0.9335507446 -0.4358527138 
45.05 -0.9543334682 -0.395354654 
45.1 -0.9730766827 -0.3542848323 
45.15 -0.989753641 -0.3127162618 
45.2 -1.004341154 -0.2707182862 
45.25 -1.016819414 -0.2283568573 
45.3 -1.027171832 -0.1856948754 
45.35 -1.035384897 -0.1427925861 
45.4 -1.041448054 -0.09970802187 
45.45 -1.045353601 -0.05649748101 
45.5 -1.04709662 -0.01321603428 
45.55 -1.046674929 0.03008194912 
45.6 -1.044089053 0.07334226478 
45.65 -1.039342239 0.1165103336 
45.7 -1.032440481 0.1595306683 
45.75 -1.023392582 0.2023463539 
45.8 -1.012210236 0.2448985508 
45.85 -0.998908137 0.2871260295 
45.9 -0.9835041102 0.3289647452 
45.95 -0.9660192604 0.3703474622 
46 -0.9464781409 0.411203436 
46.05 -0.9249089353 0.451458165 
46.1 -0.9013436502 0.4910332187 
46.15 -0.8758183134 0.5298461525 
46.2 -0.8483731759 0.5678105192 
46.25 -0.8190529084 0.6048359822 
46.3 -0.7879067916 0.6408285405 
46.35 -0.7549888908 0.6756908687 
46.4 -0.7203582116 0.7093227764 
46.45 -0.6840788287 0.7416217872 
46.5 -0.6462199835 0.7724838374 
46.55 -0.6068561438 0.8018040868 
46.6 -0.5660670196 0.8294778367 
46.65 -0.5239375316 0.8554015396 
46.7 -0.4805577266 0.8794738882 
46.75 -0.4360226368 0.901596962 
46.8 -0.3904320813 0.9216774107 
46.85 -0.3438904074 0.9396276477 
46.9 -0.2965061733 0.9553670268 
46.95 -0.2483917721 0.9688229732 
47 -0.1996630016 0.9799320388 
47.05 -0.150438584 0.9886408541 
47.1 -0.1008396404 0.9949069487 
47.15 -0.05098912884 0.9986994183 
47.2 -0.00101125267 0.9999994167 
47.25 0.04896915057 0.9988004591 
47.3 0.09882723073 0.9951085267 
47.35 0.1484387468 0.9889419702 
47.4 0.1976806788 0.9803312147 
47.45 0.2464318202 0.9693182743 
47.5 0.2945733412 0.9559560928 
47.55 0.3419893162 0.9403077283 
47.6 0.3885672055 0.9224454061 
47.65 0.4341982882 0.9024494676 
47.7 0.4787780401 0.8804072412 
47.75 0.5222064536 0.8564118674 
47.8 0.5643882985 0.8305611047 
47.85 0.6052333232 0.8029561462 
47.9 0.6446563979 0.7737004701 
47.95 0.6825776005 0.742898749 
48 0.7189222514 0.7106558357 
48.05 0.7536208987 0.6770758419 
48.1 0.7866092601 0.6422613224 
48.15 0.8178281276 0.6063125723 
48.2 0.8472232387 0.5693270425 
48.25 0.8747451226 0.5313988759 
48.3 0.9003489256 0.4926185623 
48.35 0.9239942218 0.4530727094 
48.4 0.9456448163 0.4128439244 
48.45 0.965268544 0.3720107992 
48.5 0.9828370702 0.3306479917 
48.55 0.9983256986 0.2888263937 
48.6 1.011713188 0.2466133773 
48.65 1.022981584 0.2040731095 
48.7 1.032116068 0.1612669257 
48.75 1.039104828 0.1182537533 
48.8 1.043938944 0.07509057574 
48.85 1.046612311 0.03183292804 
48.9 1.047121573 -0.01146458424 
48.95 1.045466092 -0.05474775197 
49 1.041647942 -0.0979622231 
49.05 1.035671931 -0.1410529656 
49.1 1.027545644 -0.1839637407 
49.15 1.017279521 -0.2266365955 
49.2 1.004886951 -0.2690113831 
49.25 0.9903843947 -0.3110253183 
49.3 0.973791528 -0.3526125801 
49.35 0.9551313992 -0.3937039674 
49.4 0.934430608 -0.4342266203 
49.45 0.9117194927 -0.4741038132 
49.5 0.8870323274 -0.5132548322 
49.55 0.8604075227 -0.5515949434 
49.6 0.8318878246 -0.5890354619 
49.65 0.8015205094 -0.6254839275 
49.7 0.7693575643 -0.6608443953 
49.75 0.7354558531 -0.6950178427 
49.8 0.6998772568 -0.7279026976 
49.85 0.6626887855 -0.7593954861 
49.9 0.6239626547 -0.7893915952 
49.95 0.5837763212 -0.8177861469 
50 0.5422124724 -0.8444749692 
50.05 0.4993589646 -0.8693556539 
50.1 0.455308707 -0.8923286809 
50.15 0.4101594885 -0.9132985881 
50.2 0.3640137448 -0.9321751647 
50.25 0.3169782658 -0.948874638 
50.3 0.2691638454 -0.963320828 
50.35 0.2206848733 -0.9754462387 
50.4 0.171658876 -0.9851930577 
50.45 0.1222060101 -0.9925140368 
50.5 0.07244851465 -0.997373227 
50.55 0.02251013139 -0.9997465485 
50.6 -0.02748449899 -0.9996221764 
50.65 -0.07741045538 -0.9970007312 
50.7 -0.127143159 -0.9918952695 
50.75 -0.176558991 -0.9843310728 
50.8 -0.2255358938 -0.9743452427 
50.85 -0.2739539489 -0.9619861144 
50.9 -0.32169592 -0.9473125055 
50.95 -0.3686477552 -0.9303928229 
51 -0.414699042 -0.9113040523 
51.05 -0.459743409 -0.8901306597 
51.1 -0.5036788707 -0.8669634319 
51.15 -0.5464081146 -0.841898288 
51.2 -0.5878387272 -0.8150350876 
51.25 -0.6278833626 -0.7864764639 
51.3 -0.666459852 -0.756326705 
51.35 -0.7034912606 -0.7246907049 
51.4 -0.738905893 -0.6916730002 
51.45 -0.7726372538 -0.6573769082 
51.5 -0.8046239668 -0.6219037743 
51.55 -0.8348096603 -0.5853523364 
51.6 -0.8631428235 -0.5478182089 
51.65 -0.8895766396 -0.5093934875 
51.7 -0.9140688025 -0.4701664698 
51.75 -0.9365813225 -0.4302214912 
51.8 -0.9570803262 -0.3896388656 
51.85 -0.9755358559 -0.3484949269 
51.9 -0.9919216738 -0.3068621605 
51.95 -1.006215074 -0.2648094173 
52 -1.018396709 -0.2224022 
52.05 -1.02845043 -0.1797030123 
52.1 -1.036363144 -0.1367717625 
52.15 -1.042124702 -0.09366621085 
52.2 -1.045727796 -0.05044245275 
52.25 -1.047167893 -0.007155428798 
52.3 -1.046443189 0.03614054734 
52.35 -1.043554592 0.07939125122 
52.4 -1.038505729 0.1225420085 
52.45 -1.031302984 0.1655371629 
52.5 -1.021955558 0.2083195594 
52.55 -1.010475558 0.250830051 
52.6 -0.9968781094 0.2930070388 
52.65 -0.9811814854 0.3347860527 
52.7 -0.9634072634 0.3760993833 
52.75 -0.9435804939 0.416875774 
52.8 -0.9217298836 0.4570401813 
52.85 -0.8978879898 0.4965136161 
52.9 -0.8720914196 0.5352130706 
52.95 -0.8443810307 0.5730515438 
53 -0.8148021279 0.6099381701 
53.05 -0.7834046515 0.6457784601 
53.1 -0.7502433495 0.680474657 
53.15 -0.7153779298 0.7139262126 
53.2 -0.6788731853 0.746030384 
53.25 -0.6407990863 0.7766829471 
53.3 -0.6012308343 0.8057790244 
53.35 -0.5602488718 0.8332140151 
53.4 -0.5179388434 0.8588846186 
53.45 -0.4743915034 0.8826899313 
53.5 -0.4297025673 0.9045326008 
53.55 -0.3839725049 0.9243200116 
53.6 -0.3373062735 0.9419654785 
53.65 -0.2898129918 0.9573894185 
53.7 -0.2416055566 0.9705204728 
53.75 -0.1928002052 0.9812965493 
53.8 -0.1435160279 0.989665758 
53.85 -0.09387443757 0.9955872111 
53.9 -0.04399860273 0.9990316666 
53.95 0.005987147373 0.9999819947 
54 0.05595793592 0.9984334537 
54.05 0.1057889607 0.9943937666 
54.1 0.1553561152 0.9878829964 
54.15 0.2045365981 0.9789332237 
54.2 0.2532095024 0.9675880359 
54.25 0.3012563741 0.9539018447 
54.3 0.3485617334 0.937939051 
54.35 0.3950135504 0.9197730818 
54.4 0.4405036703 0.8994853254 
54.45 0.4849281829 0.8771639953 
54.5 0.5281877351 0.8529029502 
54.55 0.5701877827 0.8268005002 
54.6 0.610838784 0.7989582263 
54.65 0.6500563337 0.7694798379 
54.7 0.6877612429 0.7384700919 
54.75 0.7238795656 0.7060337904 
54.8 0.7583425777 0.672274874 
54.85 0.7910867141 0.6372956207 
54.9 0.822053467 0.6011959599 
54.95 0.8511892546 0.5640729048 
55 0.8784452631 0.526020105 
55.05 0.9037772703 0.487127518 
55.1 0.9271454546 0.4474811964 
55.15 0.9485141972 0.4071631838 
55.2 0.9678518808 0.3662515147 
55.25 0.9851306917 0.3248203077 
55.3 1.000326428 0.2829399456 
55.35 1.013418317 0.2406773314 
55.4 1.024388854 0.198096212 
55.45 1.033223648 0.1552575594 
55.5 1.039911296 0.11222 
55.55 1.044443279 0.0690402841 
55.6 1.046813878 0.02577378504 
55.65 1.04702012 -0.01752497946 
55.7 1.045061746 -0.06080181276 
55.75 1.040941211 -0.1040022998 
55.8 1.034663707 -0.147071271 
55.85 1.026237215 -0.1899522777 
55.9 1.015672581 -0.2325870882 
55.95 1.002983616 -0.2749152117 
56 0.9881872225 -0.3168734613 
56.05 0.9713035371 -0.3583955619 
56.1 0.9523560949 -0.3994118158 
56.15 0.9313720073 -0.4398488324 
56.2 0.9083821514 -0.4796293334 
56.25 0.8834213684 -0.5186720419 
56.3 0.8565286635 -0.5568916644 
56.35 0.8277474055 -0.5941989744 
56.4 0.7971255194 -0.6305010041 
56.45 0.7647156657 -0.6657013502 
56.5 0.7305754024 -0.6997005989 
56.55 0.6947673224 -0.7323968703 
56.6 0.6573591608 -0.7636864824 
56.65 0.6184238655 -0.7934647302 
56.7 0.5780396273 -0.8216267738 
56.75 0.5362898618 -0.848068623 
56.8 0.4932631409 -0.8726882046 
56.85 0.4490530687 -0.8953864953 
56.9 0.4037580997 -0.9160686962 
56.95 0.3574812981 -0.9346454265 
57 0.3103300368 -0.951033908 
57.05 0.2624156384 -0.9651591123 
57.1 0.2138529608 -0.9769548409 
57.15 0.1647599301 -0.9863647103 
57.2 0.1152570279 -0.993343013 
57.25 0.06546673937 -0.9978554313 
57.3 0.01551296878 -0.9998795817 
57.35 -0.03447956652 -0.9994053743 
57.4 -0.08438595584 -0.9964351757 
57.45 -0.1340817179 -0.9909837706 
57.5 -0.1834434165 -0.9830781236 
57.55 -0.2323492595 -0.9727569481 
57.6 -0.2806796721 -0.9600700952 
57.65 -0.3283178342 -0.9450777814 
57.7 -0.3751501775 -0.9278496774 
57.75 -0.4210668319 -0.9084638839 
57.8 -0.4659620204 -0.8870058221 
57.85 -0.509734396 -0.8635670694 
57.9 -0.5522873194 -0.8382441678 
57.95 -0.5935290777 -0.8111374344 
58 -0.6333730443 -0.7823497999 
58.05 -0.6717377807 -0.7519856988 
58.1 -0.7085470863 -0.7201500305 
58.15 -0.743729997 -0.6869472108 
58.2 -0.7772207394 -0.6524803235 
58.25 -0.8089586455 -0.6168503845 
58.3 -0.8388880333 -0.5801557228 
58.35 -0.8669580594 -0.5424914815 
58.4 -0.8931225497 -0.5039492387 
58.45 -0.9173398143 -0.464616745 
58.5 -0.9395724516 -0.4245777739 
58.55 -0.9597871483 -0.3839120776 
58.6 -0.9779544791 -0.3426954414 
58.65 -0.9940487115 -0.3009998275 
58.7 -1.00804762 -0.2588935994 
58.75 -1.019932314 -0.2164418174 
58.8 -1.029687079 -0.1737065968 
58.85 -1.037299244 -0.1307475173 
58.9 -1.042759059 -0.08762207633 
58.95 -1.046059611 -0.04438617648 
59 -1.04719675 -0.00109463851 
59.05 -1.046169052 0.0421982689 
59.1 -1.042977804 0.0854382907 
59.15 -1.037627017 0.1285706469 
59.2 -1.030123463 0.1715395021 
59.25 -1.020476747 0.2142874513 
59.3 -1.00869939 0.2567550314 
59.35 -0.9948069478 0.2988802657 
59.4 -0.9788181485 0.3405982516 
59.45 -0.9607550445 0.3818408003 
59.5 -0.9406431865 0.4225361377 
59.55 -0.9185118085 0.4626086759 
59.6 -0.8943940226 0.5019788654 
59.65 -0.8683270187 0.5405631357 
59.7 -0.8403522652 0.5782739346 
59.75 -0.8105157048 0.6150198722 
59.8 -0.7788679408 0.6507059777 
59.85 -0.7454644067 0.6852340721 
59.9 -0.7103655154 0.7185032615 
59.95 -0.6736367797 0.7504105499 
60 -0.6353488997 0.7808515695 
60.05 -0.5955778112 0.8097214232 
60.1 -0.5544046882 0.836915629 
60.15 -0.5119158973 0.8623311539 
60.2 -0.4682028975 0.8858675212 
60.25 -0.4233620836 0.9074279694 
60.3 -0.3774945709 0.9269206417 
60.35 -0.3307059202 0.9442597772 
60.4 -0.2831058032 0.959366878 
60.45 -0.234807612 0.9721718216 
60.5 -0.1859280134 0.9826138907 
60.55 -0.1365864559 0.9906426902 
60.6 -0.08690463277 0.9962189276 
60.65 -0.03700591138 0.9993150323 
60.7 0.01298526517 0.9999155965 
60.75 0.06294399298 0.9980176231 
60.8 0.11274553 0.9936305744 
60.85 0.1622659161 0.9867762193 
60.9 0.2113825801 0.9774882839 
60.95 0.2599749257 0.9658119154 
61 0.3079248847 0.9518029773 
61.05 0.3551174327 0.9355271943 
61.1 0.4014410578 0.9170591737 
61.15 0.4467881783 0.8964813291 
61.2 0.4910555046 0.8738827356 
61.25 0.5341443426 0.8493579468 
61.3 0.5759608383 0.823005801 
61.35 0.6164161619 0.7949282448 
61.4 0.655426635 0.7652291977 
61.45 0.6929138018 0.7340134811 
61.5 0.7288044496 0.7013858288 
61.55 0.7630305811 0.6674499943 
61.6 0.7955293459 0.6323079656 
61.65 0.8262429343 0.5960592953 
61.7 0.855118442 0.5588005499 
61.75 0.8821077087 0.5206248793 
61.8 0.9071671399 0.4816217049 
61.85 0.9302575143 0.4418765217 
61.9 0.9513437853 0.4014708101 
61.95 0.9703948799 0.3604820487 
62 0.9873835011 0.3189838206 
62.05 1.002285937 0.2770460044 
62.1 1.015081884 0.2347350406 
62.15 1.02575428 0.1921142635 
62.2 1.034289159 0.1492442897 
62.25 1.040675528 0.1061834543 
62.3 1.044905266 0.0629882841 
62.35 1.046973039 0.01971400088 
62.4 1.046876255 -0.02358495492 
62.45 1.044615035 -0.06685438859 
62.5 1.040192216 -0.1100398115 
62.55 1.033613375 -0.1530859063 
62.6 1.02488689 -0.1959360046 
62.65 1.014024015 -0.2385315861 
62.7 1.001038986 -0.2808118083 
62.75 0.9859491485 -0.3227130742 
62.8 0.9687751048 -0.3641686486 
62.85 0.9495408797 -0.4051083314 
62.9 0.9282740998 -0.4454581978 
62.95 0.9050061852 -0.4851404144 
63 0.8797725478 -0.5240731411 
63.05 0.8526127916 -0.5621705263 
63.1 0.823570912 -0.5993428059 
63.15 0.7926954861 -0.63549651 
63.2 0.7600398507 -0.6705347856 
63.25 0.725662261 -0.7043578384 
63.3 0.689626024 -0.7368634934 
63.35 0.6519996008 -0.767947876 
63.4 0.6128566726 -0.7975062066 
63.45 0.5722761636 -0.8254337029 
63.5 0.5303422166 -0.8516265769 
63.55 0.4871441164 -0.8759831131 
63.6 0.4427761586 -0.898404808 
63.65 0.3973374585 -0.9187975492 
63.7 0.350931703 -0.9370728092 
63.75 0.3036668407 -0.9531488267 
63.8 0.2556547153 -0.9669517462 
63.85 0.2070106432 -0.9784166862 
63.9 0.1578529401 -0.9874887089 
63.95 0.1083024023 -0.9941236615 
64 0.05848174899 -0.9982888682 
64.05 0.008515035409 -0.999963649 
64.1 -0.04147295662 -0.9991396523 
64.15 -0.0913573391 -0.9958209896 
64.2 -0.1410137402 -0.9900241695 
64.25 -0.1903189184 -0.9817778312 
64.3 -0.2391513581 -0.9711222877 
64.35 -0.2873918385 -0.9581088908 
64.4 -0.3349239659 -0.9427992381 
64.45 -0.3816346638 -0.9252642441 
64.5 -0.4274146127 -0.9055831026 
64.55 -0.4721586367 -0.8838421674 
64.6 -0.5157660322 -0.8601337827 
64.65 -0.5581408378 -0.8345550901 
64.7 -0.5991920443 -0.8072068415 
64.75 -0.6388337461 -0.7781922436 
64.8 -0.6769852363 -0.7476158565 
64.85 -0.7135710484 -0.7155825669 
64.9 -0.7485209484 -0.6821966526 
64.95 -0.7817698837 -0.6475609496 
65 -0.813257892 -0.6117761325 
65.05 -0.8429299778 -0.5749401114 
65.1 -0.8707359621 -0.5371475507 
65.15 -0.8966303098 -0.4984895057 
65.2 -0.9205719432 -0.459053177 
65.25 -0.942524045 -0.4189217756 
65.3 -0.9624538581 -0.378174493 
65.35 -0.9803324857 -0.3368865688 
65.4 -0.996134697 -0.2951294462 
65.45 -1.009838743 -0.2529710069 
65.5 -1.021426188 -0.2104758765 
65.55 -1.03088175 -0.1677057895 
65.6 -1.038193173 -0.1247200059 
65.65 -1.043351111 -0.08157576997 
65.7 -1.046349038 -0.03832880152 
65.75 -1.047183191 0.004966188145 
65.8 -1.045852523 0.04825496475 
65.85 -1.042358702 0.09148323209 
65.9 -1.036706122 0.1345960941 
65.95 -1.028901949 0.1775375261 
66 -1.018956187 0.2202498639 
66.05 -1.006881776 0.2626733189 
66.1 -0.9926947072 0.3047455287 
66.15 -0.9764141639 0.346401151 
66.2 -0.9580626777 0.3875715119 
66.25 -0.9376663032 0.4281843152 
66.3 -0.9152548055 0.4681634257 
66.35 -0.8908618553 0.5074287324 
66.4 -0.8645252293 0.5458961028 
66.45 -0.8362870106 0.5834774364 
66.5 -0.8061937833 0.620080824 
66.55 -0.774296817 0.6556108205 
66.6 -0.7406522339 0.6899688345 
66.65 -0.7053211539 0.7230536383 
66.7 -0.6683698117 0.7547619973 
66.75 -0.6298696382 0.7849894165 
66.8 -0.5898973032 0.8136309978 
66.85 -0.5485347116 0.8405823978 
66.9 -0.5058689499 0.8657408735 
66.95 -0.4619921789 0.8890063972 
67 -0.4170014684 0.9102828224 
67.05 -0.3709985738 0.9294790737 
67.1 -0.3240896528 0.9465103376 
67.15 -0.2763849226 0.9612992231 
67.2 -0.2279982616 0.9737768646 
67.25 -0.1790467569 0.9838839371 
67.3 -0.129650204 0.9915715561 
67.35 -0.07993056597 0.9968020364 
67.4 -0.03001139698 0.9995494876 
67.45 0.01998275799 0.9998002285 
67.5 0.06992698018 0.9975530077 
67.55 0.1196965999 0.9928190239 
67.6 0.1691678151 0.985621745 
67.65 0.2182182967 0.975996532 
67.7 0.2667277695 0.9639900781 
67.75 0.3145785615 0.9496596817 
67.8 0.3616561127 0.9330723723 
67.85 0.4078494374 0.9143039164 
67.9 0.4530515342 0.8934377301 
67.95 0.4971597399 0.8705637271 
68 0.5400760246 0.8457771324 
68.05 0.5817072275 0.8191772896 
68.1 0.6219652337 0.7908664884 
68.15 0.6607670927 0.7609488373 
68.2 0.6980350825 0.7295292031 
68.25 0.7336967229 0.6967122337 
68.3 0.7676847423 0.66260148 
68.35 0.7999370028 0.6272986269 
68.4 0.8303963902 0.5909028394 
68.45 0.8590106742 0.5535102289 
68.5 0.885732345 0.5152134396 
68.55 0.9105184317 0.4761013525 
68.6 0.9333303095 0.4362589039 
68.65 0.9541335 0.3957670109 
68.7 0.9728974706 0.3547025984 
68.75 0.9895954374 0.3131387177 
68.8 1.004204176 0.2711447485 
68.85 1.016703846 0.2287866751 
68.9 1.027077826 0.186127427 
68.95 1.035312574 0.1432272742 
69 1.041397507 0.1001442694 
69.05 1.045324893 0.05693472587 
69.1 1.047089789 0.01365372419 
69.15 1.046689981 -0.02964436204 
69.2 1.044125971 -0.07290532941 
69.25 1.039400976 -0.1160746053 
69.3 1.032520962 -0.1590967143 
69.35 1.023494704 -0.2019147583 
69.4 1.012333866 -0.2444699195 
69.45 0.9990531118 -0.286700995 
69.5 0.9836702331 -0.3285439702 
69.55 0.9662063011 -0.3699316434 
69.6 0.9466858334 -0.4107933069 
69.65 0.9251369761 -0.4510544983 
69.7 0.9015916958 -0.4906368271 
69.75 0.8760859791 -0.5294578896 
69.8 0.8486600329 -0.5674312785 
69.85 0.8193584826 -0.6044666956 
69.9 0.7882305611 -0.6404701757 
69.95 0.7553302848 -0.6753444246 
70 0.7207166085 -0.7089892783 
70.05 0.6844535551 -0.7413022803 
70.1 0.6466103135 -0.7721793789 
70.15 0.6072612983 -0.8015157375 
70.2 0.5664861669 -0.8292066509 
70.25 0.5243697874 -0.8551485548 
70.3 0.4810021555 -0.8792401135 
70.35 0.4364782539 -0.9013833665 
70.4 0.3908978545 -0.9214849112 
70.45 0.3443652603 -0.9394570968 
70.5 0.2969889887 -0.9552192012 
70.55 0.248881396 -0.9686985627 
70.6 0.2001582481 -0.979831636 
70.65 0.1509382401 -0.9885649452 
70.7 0.1013424716 -0.9948559062 
70.75 0.05149388495 -0.9986734951 
70.8 0.001516674007 -0.9999987419 
70.85 -0.04846432703 -0.9988250359 
70.9 -0.09832426503 -0.9951582326 
70.95 -0.1479388898 -0.9890165587 
71 -0.1971851659 -0.9804303193 
71.05 -0.2459418655 -0.9694414146 
71.1 -0.2940901325 -0.9561026815 
71.15 -0.341514009 -0.9404770804 
71.2 -0.3881009191 -0.9226367494 
71.25 -0.4337421012 -0.9026619529 
71.3 -0.478332987 -0.8806399549 
71.35 -0.5217735218 -0.8566638428 
71.4 -0.5639684261 -0.8308313345 
71.45 -0.6048273972 -0.8032435942 
71.5 -0.6442652527 -0.7740040827 
71.55 -0.682202018 -0.7432174656 
71.6 -0.7185629603 -0.7109885986 
71.65 -0.753278575 -0.6774216052 
71.7 -0.7862845282 -0.6426190598 
71.75 -0.817521561 -0.6066812831 
71.8 -0.8469353618 -0.5697057577 
71.85 -0.874476412 -0.5317866616 
71.9 -0.9000998122 -0.4930145229 
71.95 -0.923765093 -0.4534759893 
72 -0.9454360174 -0.4132537088 
72.05 -0.9650803807 -0.3724263135 
72.1 -0.9826698105 -0.3310685004 
72.15 -0.9981795745 -0.2892511984 
72.2 -1.011588397 -0.2470418135 
72.25 -1.022878293 -0.2045045434 
72.3 -1.032034411 -0.1617007502 
72.35 -1.039044909 -0.1186893831 
72.4 -1.043900841 -0.07552744302 
72.45 -1.04659607 -0.03227047697 
72.5 -1.047127215 0.01102690274 
72.55 -1.04549361 0.05431048566 
72.6 -1.041697302 0.09752592388 
72.65 -1.03574307 0.1406181949 
72.7 -1.027638471 0.1835310747 
72.75 -1.017393916 0.2262066303 
72.8 -1.005022764 0.2685847391 
72.85 -0.9905414438 0.3106026447 
72.9 -0.9739695973 0.3521945585 
72.95 -0.9553302384 0.3932913153 
73 -0.9346499299 0.4338200931 
73.05 -0.9119589713 0.4737042063 
73.1 -0.8872915961 0.5128629817 
73.15 -0.8606861718 0.5512117257 
73.2 -0.8321853998 0.5886617927 
73.25 -0.8018365095 0.6251207595 
73.3 -0.7696914398 0.6604927144 
73.35 -0.7358070044 0.6946786636 
73.4 -0.700245033 0.7275770578 
73.45 -0.6630724832 0.7590844385 
73.5 -0.6243615179 0.7890962003 
73.55 -0.5841895408 0.8175074629 
73.6 -0.5426391866 0.8442140422 
73.65 -0.4997982598 0.8691135066 
73.7 -0.4557596194 0.8921063009 
73.75 -0.410621006 0.9130969162 
73.8 -0.3644848097 0.9319950825 
73.85 -0.3174577781 0.9487169564 
73.9 -0.2696506663 0.9631862754 
73.95 -0.2211778302 0.9753354505 
74 -0.1721567669 0.985106567 
74.05 -0.1227076091 0.9924522657 
74.1 -0.07295257753 0.9973364804 
74.15 -0.02301540192 0.9997350092 
74.2 0.02697928314 0.9996359018 
74.25 0.07690655625 0.9970396528 
74.3 0.1266418321 0.9919591937 
74.35 0.176061479 0.9844196841 
74.4 0.2250434208 0.9744581088 
74.45 0.2734677145 0.962122693 
74.5 0.3212170941 0.9474721527 
74.55 0.3681774732 0.9305748025 
74.6 0.4142384005 0.9115075469 
74.65 0.4592934617 0.8903547818 
74.7 0.5032406256 0.8672072363 
74.75 0.5459825311 0.8421607836 
74.8 0.5874267146 0.8153152492 
74.85 0.6274857779 0.7867732439 
74.9 0.6660774997 0.7566390446 
74.95 0.7031248921 0.7250175441 
75 0.7385562071 0.6920132871 
75.05 0.7723048968 0.6577296072 
75.1 0.8043095339 0.622267873 
75.15 0.8345136968 0.5857268517 
75.2 0.8628658263 0.5482021914 
75.25 0.8893190591 0.5097860248 
75.3 0.9138310445 0.4705666892 
75.35 0.9363637501 0.4306285602 
75.4 0.9568832619 0.3900519925 
75.45 0.9753595836 0.3489133596 
75.5 0.9917664408 0.3072851849 
75.55 1.006081093 0.2652363548 
75.6 1.018284159 0.2228324041 
75.65 1.028359459 0.180135865 
75.7 1.036293869 0.1372066697 
75.75 1.042077212 0.09410259787 
75.8 1.04570215 0.05087975926 
75.85 1.047164124 0.007593103498 
75.9 1.046461302 -0.03570305209 
75.95 1.043594564 -0.07895448485 
76 1.03856751 -0.1221065277 
76.05 1.031386495 -0.1651035369 
76.1 1.022060691 -0.2078883749 
76.15 1.010602177 -0.2504019175 
76.2 0.9970260454 -0.2925825926 
76.25 0.9813505377 -0.334365961 
76.3 0.9635971969 -0.3756843479 
76.35 0.9437910374 -0.4164665336 
76.4 0.9219607282 -0.4566375141 
76.45 0.8981387865 -0.4961183405 
76.5 0.8723617775 -0.5348260457 
76.55 0.8446705148 -0.5726736685 
76.6 0.8151102576 -0.6095703816 
76.65 0.7837308983 -0.6454217305 
76.7 0.7505871354 -0.6801299893 
76.75 0.7157386262 -0.7135946352 
76.8 0.6792501115 -0.7457129441 
76.85 0.641191509 -0.776380703 
76.9 0.6016379673 -0.8054930363 
76.95 0.5606698758 -0.8329453358 
77 0.5183728271 -0.858634282 
77.05 0.4748375243 -0.8824589416 
77.1 0.4301596338 -0.9043219204 
77.15 0.3844395787 -0.924130549 
77.2 0.3377822723 -0.9417980765 
77.25 0.290296793 -0.9572448421 
77.3 0.2420960017 -0.9703993987 
77.35 0.1932961042 -0.9811995556 
77.4 0.1440161645 -0.9895933155 
77.45 0.0943775749 -0.9955396758 
77.5 0.04450348897 -0.9990092742 
77.55 -0.005481772671 -0.9999848568 
77.6 -0.05545333565 -0.9984615559 
77.65 -0.1052863939 -0.9944469688 
77.7 -0.1548568308 -0.9879610351 
77.75 -0.2040418288 -0.9790357161 
77.8 -0.2527204589 -0.9677144861 
77.85 -0.3007742397 -0.9540516513 
77.9 -0.3480876589 -0.9381115164 
77.95 -0.3945486495 -0.919967422 
78 -0.4400490155 -0.8997006818 
78.05 -0.4844848023 -0.877399446 
78.1 -0.5277566092 -0.8531575224 
78.15 -0.5697698425 -0.8270731819 
78.2 -0.6104349089 -0.7992479782 
78.25 -0.649667351 -0.7697856048 
78.3 -0.6873879269 -0.7387908132 
78.35 -0.7235226374 -0.7063684097 
78.4 -0.7580027062 -0.6726223478 
78.45 -0.7907645162 -0.6376549258 
78.5 -0.8217495093 -0.6015661001 
78.55 -0.8509040547 -0.5644529156 
78.6 -0.8781792911 -0.5264090579 
78.65 -0.9035309509 -0.487524523 
78.7 -0.9269191689 -0.4478854037 
78.75 -0.948308285 -0.4075737843 
78.8 -0.9676666424 -0.3666677394 
78.85 -0.9849663898 -0.3252414265 
78.9 -1.000183289 -0.283365265 
78.95 -1.013296536 -0.2411061916 
79 -1.024288591 -0.1985279832 
79.05 -1.033145034 -0.1556916378 
79.1 -1.039854431 -0.1126558033 
79.15 -1.044408236 -0.06947724634 
79.2 -1.046800701 -0.02621135174 
79.25 -1.047028824 0.01708735681 
79.3 -1.045092321 0.06036468215 
79.35 -1.040993619 0.1035662141 
79.4 -1.034737882 0.1466367933 
79.45 -1.026333062 0.1895199868 
79.5 -1.015789975 0.232157583 
79.55 -1.003122403 0.2744891165 
79.6 -0.9883472151 0.3164514295 
79.65 -0.9714845154 0.35797828 
79.7 -0.9525578037 0.3990000064 
79.75 -0.9315941539 0.4394432564 
79.8 -0.9086244044 0.4792307917 
79.85 -0.8836833552 0.5182813762 
79.9 -0.8568099683 0.5565097567 
79.95 -0.8280475677 0.5938267457 
80 -0.7974440312 0.6301394117 
80.05 -0.7650519706 0.6653513845 
80.1 -0.7309288938 0.6993632781 
80.15 -0.6951373421 0.7320732343 
80.2 -0.6577449982 0.7633775857 
80.25 -0.6188247572 0.7931716334 
80.3 -0.5784547567 0.821350534 
80.35 -0.53671836 0.8478102836 
80.4 -0.4937040873 0.872448784 
80.45 -0.4495054926 0.8951669753 
80.5 -0.4042209825 0.91587001 
80.55 -0.3579535761 0.9344684464 
80.6 -0.3108106043 0.9508794339 
80.65 -0.2629033519 0.9650278601 
80.7 -0.2143466432 0.9768474323 
80.75 -0.1652583758 0.9862816632 
80.8 -0.1157590082 0.9932847335 
80.85 -0.06597100821 0.9978222074 
80.9 -0.01601826872 0.9998715787 
80.95 0.03397449804 0.9994226321 
81 0.08388238024 0.996477608 
81.05 0.1335808891 0.9910511667 
81.1 0.1829465749 0.9831701513 
81.15 0.2318576261 0.9728731594 
81.2 0.2801944424 0.9602099329 
81.25 0.3278401736 0.9452405881 
81.3 0.374681216 0.928034705 
81.35 0.4206076602 0.9086703046 
81.4 0.4655136861 0.8872327398 
81.45 0.5092979002 0.8638135316 
81.5 0.5518636146 0.838509178 
81.55 0.5931190658 0.8114199636 
81.6 0.6329775749 0.7826487986 
81.65 0.6713576509 0.7523001073 
81.7 0.7081830401 0.7204787896 
81.75 0.7433827256 0.6872892705 
81.8 0.7768908819 0.6528346511 
81.85 0.8086467901 0.6172159715 
81.9 0.8385947183 0.5805315905 
81.95 0.866683775 0.5428766857 
82 0.89286774 0.5043428725 
82.05 0.9171048788 0.4650179413 
82.1 0.9393577477 0.424985706 
82.15 0.959592993 0.3843259595 
82.2 0.9777811509 0.3431145266 
82.25 0.9938964528 0.3014234071 
82.3 1.007916639 0.2593209993 
82.35 1.019822785 0.2168723956 
82.4 1.029599146 0.1741397389 
82.45 1.037233019 0.1311826323 
82.5 1.042714627 0.08805859184 
82.55 1.046037028 0.04482353383 
82.6 1.047196045 0.001532287281 
82.65 1.046190225 -0.04176087623 
82.7 1.043020829 -0.08500170421 
82.75 1.037691839 -0.1281354246 
82.8 1.030210001 -0.1711062154 
82.85 1.020584888 -0.2138566899 
82.9 1.008828993 -0.2563274081 
82.95 0.9949578407 -0.2984564208 
83 0.9789901253 -0.340178857 
83.05 0.9609478651 -0.3814265627 
83.1 0.9408565746 -0.4221278011 
83.15 0.9187454497 -0.4622070241 
83.2 0.8946475622 -0.5015847223 
83.25 0.8686000597 -0.5401773661 
83.3 0.8406443666 -0.5778974429 
83.35 0.8108263793 -0.6146536006 
83.4 0.7791966531 -0.6503509028 
83.45 0.7458105719 -0.6848912007 
83.5 0.7107284976 -0.718173625 
83.55 0.674015891 -0.7500951974 
83.6 0.6357433996 -0.7805515601 
83.65 0.5959869059 -0.8094378167 
83.7 0.5548275312 -0.8366494759 
83.75 0.5123515901 -0.8620834848 
83.8 0.4686504907 -0.885639335 
83.85 0.423820579 -0.9072202216 
83.9 0.3779629239 -0.9267342323 
83.95 0.3311830427 -0.9440955386 
84 0.2835905675 -0.9592255635 
84.05 0.2352988549 -0.9720540947 
84.1 0.186424541 -0.9825203148 
84.15 0.1370870488 -0.9905737205 
84.2 0.08740805167 -0.9961749035 
84.25 0.03751090302 -0.9992961724 
84.3 -0.01247996185 -0.9999219947 
84.35 -0.06243964062 -0.9980492474 
84.4 -0.1122433865 -0.9936872672 
84.45 -0.1617672283 -0.9868577002 
84.5 -0.2108885781 -0.9775941539 
84.55 -0.2594868164 -0.9659416633 
84.6 -0.3074438472 -0.9519559877 
84.65 -0.3546446126 -0.9357027569 
84.7 -0.4009775633 -0.9172564936 
84.75 -0.4463350757 -0.896699538 
84.8 -0.4906138154 -0.8741209039 
84.85 -0.5337150406 -0.8496150956 
84.9 -0.5755448471 -0.8232809139 
84.95 -0.6160143538 -0.7952202796 
85 -0.6550398296 -0.7655370979 
85.05 -0.692542766 -0.7343361862 
85.1 -0.7284498971 -0.7017222838 
85.15 -0.7626931734 -0.6677991582 
85.2 -0.7952096928 -0.6326688188 
85.25 -0.8259415954 -0.5964308457 
85.3 -0.8548359279 -0.559181838 
85.35 -0.8818444832 -0.5210149819 
85.4 -0.9069236214 -0.4820197375 
85.45 -0.930034078 -0.4422816403 
85.5 -0.9511407653 -0.4018822114 
85.55 -0.970212571 -0.3608989693 
85.6 -0.9872221611 -0.3194055358 
85.65 -1.002145789 -0.2774718256 
85.7 -1.014963115 -0.2351643124 
85.75 -1.025657047 -0.1925463601 
85.8 -1.034213589 -0.1496786107 
85.85 -1.040621719 -0.1066194199 
85.9 -1.044873284 -0.06342533041 
85.95 -1.046962925 -0.02015157461 
86 -1.046888021 0.02314740186 
86.05 -1.044648667 0.06641740448 
86.1 -1.040247671 0.1096039503 
86.15 -1.033690584 0.152651733 
86.2 -1.024985753 0.1955041003 
86.25 -1.014144404 0.2381025531 
86.3 -1.001180742 0.2803862746 
86.35 -0.9861120799 0.3222916977 
86.4 -0.9689589868 0.3637521205 
86.45 -0.9497454518 0.4046973794 
86.5 -0.9284990642 0.4450535884 
86.55 -0.9052512049 0.4847429542 
86.6 -0.8800372441 0.5236836773 
86.65 -0.8528967428 0.5617899464 
86.7 -0.8238736509 0.5989720361 
86.75 -0.7930164982 0.6351365125 
86.8 -0.7603785728 0.6701865549 
86.85 -0.7260180792 0.7040223959 
86.9 -0.6899982729 0.7365418816 
86.95 -0.6523875625 0.7676411506 
87 -0.6132595764 0.7972154283 
87.05 -0.5726931856 0.8251599274 
87.1 -0.5307724805 0.8513708447 
87.15 -0.4875866948 0.8757464381 
87.2 -0.4432300738 0.8981881659 
87.25 -0.3978016856 0.9186018652 
87.3 -0.3514051722 0.9368989463 
87.35 -0.3041484409 0.9529975736 
87.4 -0.2561432981 0.9668238061 
87.45 -0.2075050273 0.9783126668 
87.5 -0.1583519165 0.9874091127 
87.55 -0.1088047395 0.9940688787 
87.6 -0.05898619911 0.9982591697 
87.65 -0.009020340005 0.9999591826 
87.7 0.04096806023 0.9991604402 
87.75 0.09085411157 0.9958669281 
87.8 0.1405134339 0.9900950305 
87.85 0.1898227711 0.981873266 
87.9 0.2386605875 0.9712418326 
87.95 0.2869076362 0.9582519742 
88 0.3344474925 0.9429651892 
88.05 0.381167044 0.9254523032 
88.1 0.4269569312 0.9057924314 
88.15 0.4717119347 0.8840718614 
88.2 0.5153313041 0.8603828826 
88.25 0.557719029 0.8348225942 
88.3 0.5987840493 0.8074917175 
88.35 0.6384404074 0.7784934398 
88.4 0.6766073434 0.7479323129 
88.45 0.7132093377 0.7159132251 
88.5 0.7481761038 0.6825404645 
88.55 0.781442537 0.6479168858 
88.6 0.8129486242 0.6121431883 
88.65 0.8426393205 0.5753173129 
88.7 0.8704643989 0.5375339586 
88.75 0.8963782783 0.4988842189 
88.8 0.9203398369 0.4594553339 
88.85 0.9423122154 0.4193305554 
88.9 0.9622626168 0.3785891153 
88.95 0.980162106 0.3373062925 
89 0.9959854163 0.2955535675 
89.05 1.009710765 0.2533988567 
89.1 1.021319681 0.2109068168 
89.15 1.030796855 0.1681392094 
89.2 1.038129999 0.1251553174 
89.25 1.043309737 0.08201240302 
89.3 1.046329518 0.03876619893 
89.35 1.047185548 -0.004528576022 
89.4 1.045876755 -0.04781768542 
89.45 1.042404778 -0.09104683638 
89.5 1.036773985 -0.1341611416 
89.55 1.028991511 -0.1771045903 
89.6 1.019067333 -0.2198195374 
89.65 1.00701436 -0.2622462181 
89.7 0.9928485524 -0.3043222981 
89.75 0.9765890599 -0.3459824672 
89.8 0.9582583794 -0.3871580864 
89.85 0.9378825293 -0.4277768977 
89.9 0.9154912359 -0.4677628053 
89.95 0.8911181295 -0.5070357387 
90 0.8648009445 -0.5455116062 
90.05 0.8365817193 -0.5831023466 
90.1 0.8065069918 -0.6197160882 
90.15 0.774627983 -0.6552574197 
90.2 0.7410007655 -0.6896277793 
90.25 0.7056864082 -0.7227259629 
90.3 0.6687510933 -0.7544487527 
90.35 0.6302661992 -0.7846916622 
90.4 0.5903083426 -0.813349793 
90.45 0.5489593756 -0.8403187908 
90.5 0.5063063329 -0.865495891 
90.55 0.4624413246 -0.8887810328 
90.6 0.417461372 -0.9100780243 
90.65 0.3714681845 -0.9292957332 
90.7 0.3245678767 -0.9463492766 
90.75 0.276870627 -0.961161183 
90.8 0.2284902788 -0.9736624954 
90.85 0.179543889 -0.9837937875 
90.9 0.1301512288 -0.9915060654 
90.95 0.08043424182 -0.9967615273 
91 0.0305164693 -0.9995341615 
91.05 -0.01947755079 -0.9998101617 
91.1 -0.06942290035 -0.9975881505 
91.15 -0.119194904 -0.9928792013 
91.2 -0.1686697481 -0.9857066597 
91.25 -0.2177250855 -0.9761057689 
91.3 -0.2662406174 -0.9641231111 
91.35 -0.314098643 -0.9498158815 
91.4 -0.3611845685 -0.9332510161 
91.45 -0.4073873698 -0.9145041985 
91.5 -0.4526000036 -0.8936587729 
91.55 -0.496719761 -0.8708045934 
91.6 -0.5396485641 -0.8460368375 
91.65 -0.5812932021 -0.8194548128 
91.7 -0.6215655082 -0.7911607849 
91.75 -0.6603824793 -0.7612588497 
91.8 -0.6976663405 -0.729853871 
91.85 -0.7333445588 -0.6970505037 
91.9 -0.76734981 -0.6629523138 
91.95 -0.7996199051 -0.6276610084 
92 -0.8300976796 -0.5912757809 
92.05 -0.8587308547 -0.5538927759 
92.1 -0.8854718738 -0.5156046742 
92.15 -0.910277721 -0.4765003961 
92.2 -0.9331097287 -0.4366649181 
92.25 -0.9539333775 -0.396179198 
92.3 -0.9727180959 -0.3551202007 
92.35 -0.9894370631 -0.3135610156 
92.4 -1.00406702 -0.2715710585 
92.45 -1.016588091 -0.2292163462 
92.5 -1.026983626 -0.1865598372 
92.55 -1.035240051 -0.1436618263 
92.6 -1.041346753 -0.1005803863 
92.65 -1.045295972 -0.05737184541 
92.7 -1.047082737 -0.0140912942 
92.75 -1.046704808 0.02920688928 
92.8 -1.044162658 0.07246850263 
92.85 -1.039459476 0.1156389796 
92.9 -1.032601202 0.1586628566 
92.95 -1.023596581 0.2014832523 
93 -1.012457247 0.2440413709 
93.05 -0.9991978327 0.2862760356 
93.1 -0.9838360985 0.3281232624 
93.15 -0.9663930811 0.3695158831 
93.2 -0.9468932626 0.4103832273 
93.25 -0.9253647512 0.4506508712 
93.3 -0.9018394742 0.4902404647 
93.35 -0.8763533763 0.5290696449 
93.4 -0.8489466209 0.5670520443 
93.45 -0.8196637877 0.6040974034 
93.5 -0.7885540622 0.6401117923 
93.55 -0.7556714116 0.6749979485 
93.6 -0.7210747401 0.7086557343 
93.65 -0.6848280188 0.740982713 
93.7 -0.6470003842 0.7718748453 
93.75 -0.6076661978 0.801227298 
93.8 -0.566905064 0.8289353597 
93.85 -0.5248017987 0.8548954493 
93.9 -0.4814463463 0.8790062029 
93.95 -0.4369336401 0.90116962 
94 -0.3913634047 0.921292246 
94.05 -0.3448398988 0.939286366 
94.1 -0.2974715989 0.9550711823 
94.15 -0.2493708248 0.9685739461 
94.2 -0.2006533101 0.9797310151 
94.25 -0.1514377229 0.9884888072 
94.3 -0.1018451412 0.9948046248 
94.35 -0.05199849165 0.9986473243 
94.4 -0.002021958506 0.999997812 
94.45 0.04795962741 0.9988493514 
94.5 0.09782141006 0.9952076721 
94.55 0.14743913 0.9890908772 
94.6 0.1966897367 0.9805291517 
94.65 0.245451981 0.9695642815 
94.7 0.2936069802 0.956248997 
94.75 0.3410387446 0.9406461606 
94.8 0.3876346619 0.9228278229 
94.85 0.43328593 0.9028741718 
94.9 0.4778879365 0.8808724061 
94.95 0.5213405797 0.8569155605 
95 0.5635485306 0.8311013121 
95.05 0.6044214355 0.803530796 
95.1 0.6438740598 0.7743074553 
95.15 0.6818263759 0.7435359488 
95.2 0.7182035981 0.711321135 
95.25 0.7529361692 0.677767149 
95.3 0.7859597033 0.6429765846 
95.35 0.8172148909 0.6070497885 
95.4 0.8466473712 0.5700842743 
95.45 0.874207578 0.5321742555 
95.5 0.8998505661 0.4934102983 
95.55 0.9235358222 0.4538790906 
95.6 0.9452270678 0.4136633208 
95.65 0.9648920582 0.3728416616 
95.7 0.9825023835 0.3314888488 
95.75 0.9980332753 0.2896758484 
95.8 1.011463424 0.2474701006 
95.85 1.022774812 0.2049358337 
95.9 1.031952557 0.1621344363 
95.95 1.038984787 0.11912488 
96 1.043862527 0.07596418267 
96.05 1.046579613 0.03270790366 
96.1 1.047132635 -0.01058933798 
96.15 1.0455209 -0.05387333043 
96.2 1.041746428 -0.09708972988 
96.25 1.035813969 -0.1401835232 
96.3 1.027731054 -0.1830985013 
96.35 1.017508063 -0.2257767508 
96.4 1.005158325 -0.2681581734 
96.45 0.9906982368 -0.3101800416 
96.5 0.9741474073 -0.3517765992 
96.55 0.9555288154 -0.3928787166 
96.6 0.9348689872 -0.4334136099 
96.65 0.9121981834 -0.4733046333 
96.7 0.8875505968 -0.5124711543 
96.75 0.860964552 -0.5508285197 
96.8 0.8324827058 -0.5882881232 
96.85 0.8021522408 -0.6247575785 
96.9 0.7700250475 -0.6601410074 
96.95 0.7361578896 -0.6943394446 
97 0.7006125453 -0.7272513639 
97.05 0.6634559202 -0.7587733222 
97.1 0.6247601241 -0.7888007217 
97.15 0.584602508 -0.81722868 
97.2 0.5430656537 -0.843953001 
97.25 0.500237314 -0.8688712298 
97.3 0.4562102977 -0.8918837764 
97.35 0.411082297 -0.9128950849 
97.4 0.3649556564 -0.9318148267 
97.45 0.3179370811 -0.9485590872 
97.5 0.2701372878 -0.963051522 
97.55 0.2216705979 -0.9752244493 
97.6 0.1726544796 -0.9850198517 
97.65 0.1232090413 -0.9923902597 
97.7 0.07345648571 -0.9972994898 
97.75 0.02352053016 -0.9997232178 
97.8 -0.0264741968 -0.9996493683 
97.85 -0.07640277354 -0.99707831 
97.9 -0.1261406083 -0.9920228493 
97.95 -0.1755640566 -0.9845080239 
98 -0.2245510237 -0.9745707019 
98.05 -0.2729815424 -0.9622589983 
98.1 -0.3207383169 -0.9476315272 
98.15 -0.3677072263 -0.9307565112 
98.2 -0.4137777805 -0.9117107734 
98.25 -0.4588435226 -0.8905786397 
98.3 -0.5028023756 -0.867450781 
98.35 -0.5455569301 -0.8424230245 
98.4 -0.5870146717 -0.8155951618 
98.45 -0.6270881506 -0.7870697811 
98.5 -0.6656950928 -0.756951148 
98.55 -0.7027584575 -0.7253441538 
98.6 -0.7382064437 -0.6923533515 
98.65 -0.7719724513 -0.6580820906 
98.7 -0.8039950019 -0.6226317633 
98.75 -0.834217624 -0.5861011654 
98.8 -0.8625887099 -0.5485859792 
98.85 -0.8890613498 -0.5101783742 
98.9 -0.9135931484 -0.4709667271 
98.95 -0.9361460307 -0.4310354541 
99 -0.956686042 -0.3904649504 
99.05 -0.9751831475 -0.3493316293 
99.1 -0.991611036 -0.3077080522 
99.15 -1.005946932 -0.2656631408 
99.2 -1.018171422 -0.2232624622 
99.25 -1.028268293 -0.1805685771 
99.3 -1.036224394 -0.1376414416 
99.35 -1.042029514 -0.09453885496 
99.4 -1.045676291 -0.05131694119 
99.45 -1.047160136 -0.008030659071 
99.5 -1.04647919 0.03526567038 
99.55 -1.043634305 0.07851782625 
99.6 -1.038629054 0.1216711486 
99.65 -1.031469763 0.1646700062 
99.7 -1.022165578 0.2074572792 
99.75 -1.010728545 0.2499738656 
99.8 -0.9971737271 0.2921582204 
99.85 -0.9815193321 0.3339459354 
99.9 -0.9637868695 0.3752693698 
99.95 -0.9440013174 0.4160573414 
100 -0.922191307 0.4562348852 
