0.05 0.005 0.09985 
0.1 0.0099925 0.09975000609 
0.15 0.0149800003 0.09969855721 
0.2 0.01996492817 0.09969291668 
0.25 0.024949574 0.09972908532 
0.3 0.02993602826 0.0998018176 
0.35 0.03492611914 0.09990464075 
0.4 0.03992135118 0.1000298774 
0.45 0.04492284505 0.100168672 
0.5 0.04993127865 0.1003110221 
0.55 0.05494682976 0.1004458137 
0.6 0.05996912044 0.1005608636 
0.65 0.06499716362 0.1006429674 
0.7 0.07002931199 0.1006779545 
0.75 0.07506320972 0.1006507516 
0.8 0.0800957473 0.1005454543 
0.85 0.08512302001 0.1003454087 
0.9 0.09014029045 0.1000333019 
0.95 0.09514195554 0.09959126408 
1 0.1001215187 0.0990009805 
1.05 0.1050715678 0.09824381522 
1.1 0.1099837585 0.09730094587 
1.15 0.1148488058 0.09615350963 
1.2 0.1196564813 0.09478276004 
1.25 0.1243956193 0.09317023429 
1.3 0.129054131 0.09129793008 
1.35 0.1336190275 0.08914849112 
1.4 0.1380764521 0.08670540008 
1.45 0.1424117221 0.08395317733 
1.5 0.146609381 0.0808775838 
1.55 0.1506532601 0.07746582596 
1.6 0.1545265514 0.07370676059 
1.65 0.1582118895 0.06959109691 
1.7 0.1616914443 0.06511159344 
1.75 0.164947024 0.06026324682 
1.8 0.1679601863 0.05504346955 
1.85 0.1707123598 0.04945225388 
1.9 0.1731849725 0.04349231867 
1.95 0.1753595884 0.03716923633 
2 0.1772180502 0.03049153693 
2.05 0.1787426271 0.02347078682 
2.1 0.1799161664 0.01612163901 
2.15 0.1807222484 0.008461853197 
2.2 0.181145341 0.00051228339 
2.25 0.1811709552 -0.007703168619 
2.3 0.1807857968 -0.01615763507 
2.35 0.179977915 -0.02482140018 
2.4 0.178736845 -0.03366205459 
2.45 0.1770537423 -0.04264468602 
2.5 0.174921508 -0.05173210553 
2.55 0.1723349027 -0.06088510795 
2.6 0.1692906473 -0.0700627648 
2.65 0.1657875091 -0.07922274709 
2.7 0.1618263717 -0.08832167517 
2.75 0.157410288 -0.09731549201 
2.8 0.1525445134 -0.1061598559 
2.85 0.1472365206 -0.1148105481 
2.9 0.1414959932 -0.1232238903 
2.95 0.1353347987 -0.1313571671 
3 0.1287669403 -0.1391690475 
3.05 0.1218084879 -0.1466199996 
3.1 0.1144774879 -0.153672693 
3.15 0.1067938533 -0.160292383 
3.2 0.09877923414 -0.166447271 
3.25 0.09045687059 -0.1721088348 
3.3 0.08185142885 -0.1772521251 
3.35 0.0729888226 -0.1818560228 
3.4 0.06389602145 -0.1859034524 
3.45 0.05460084883 -0.1893815497 
3.5 0.04513177135 -0.1922817797 
3.55 0.03551768236 -0.1946000045 
3.6 0.02578768214 -0.1963364979 
3.65 0.01597085724 -0.1974959103 
3.7 0.006096061724 -0.1980871809 
3.75 -0.00380829732 -0.198123402 
3.8 -0.01371446742 -0.1976216373 
3.85 -0.02359554929 -0.1966026963 
3.9 -0.0334256841 -0.1950908711 
3.95 -0.04318022766 -0.193113639 
4 -0.05283590961 -0.1907013361 
4.05 -0.06237097641 -0.1878868082 
4.1 -0.07176531682 -0.1847050442 
4.15 -0.08100056903 -0.1811927976 
4.2 -0.09006020891 -0.1773882029 
4.25 -0.09892961906 -0.1733303912 
4.3 -0.1075961386 -0.1690591114 
4.35 -0.1160490942 -0.1646143615 
4.4 -0.1242798123 -0.1600360341 
4.45 -0.132281614 -0.1553635809 
4.5 -0.140049793 -0.1506356992 
4.55 -0.147581578 -0.1458900428 
4.6 -0.1548760801 -0.14116296 
4.65 -0.1619342281 -0.1364892605 
4.7 -0.1687586911 -0.1319020106 
4.75 -0.1753537917 -0.1274323601 
4.8 -0.1817254097 -0.1231093966 
4.85 -0.1878808795 -0.118960031 
4.9 -0.193828881 -0.1150089096 
4.95 -0.1995793265 -0.1112783533 
5 -0.2051432442 -0.107788321 
5.05 -0.2105326602 -0.1045563965 
5.1 -0.2157604801 -0.1015977951 
5.15 -0.2208403698 -0.09892538831 
5.2 -0.2257866392 -0.09654974459 
5.25 -0.2306141265 -0.09447918223 
5.3 -0.2353380856 -0.0927198332 
5.35 -0.2399740772 -0.09127571481 
5.4 -0.244537863 -0.09014880674 
5.45 -0.2490453033 -0.08933913143 
5.5 -0.2535122599 -0.08884483553 
5.55 -0.2579545017 -0.08866227048 
5.6 -0.2623876152 -0.08878607051 
5.65 -0.2668269187 -0.08920922653 
5.7 -0.27128738 -0.08992315452 
5.75 -0.2757835378 -0.0909177575 
5.8 -0.2803294256 -0.09218148008 
5.85 -0.2849384996 -0.09370135519 
5.9 -0.2896235674 -0.09546304256 
5.95 -0.2943967195 -0.0974508589 
6 -0.2992692625 -0.09964779995 
6.05 -0.3042516525 -0.1020355548 
6.1 -0.3093534302 -0.1045945133 
6.15 -0.3145831559 -0.1073037666 
6.2 -0.3199483442 -0.1101411035 
6.25 -0.3254553994 -0.1130830022 
6.3 -0.3311095495 -0.1161046193 
6.35 -0.3369147805 -0.119179779 
6.4 -0.3428737694 -0.1222809621 
6.45 -0.3489878175 -0.1253792985 
6.5 -0.3552567824 -0.128444564 
6.55 -0.3616790106 -0.131445184 
6.6 -0.3682512698 -0.1343482469 
6.65 -0.3749686822 -0.1371195271 
6.7 -0.3818246585 -0.1397235229 
6.75 -0.3888108347 -0.1421235087 
6.8 -0.3959170101 -0.1442816048 
6.85 -0.4031310904 -0.1461588664 
6.9 -0.4104390337 -0.1477153937 
6.95 -0.4178248034 -0.148910464 
7 -0.4252703266 -0.1497026881 
7.05 -0.432755461 -0.1500501908 
7.1 -0.4402579705 -0.1499108167 
7.15 -0.4477535113 -0.1492423614 
7.2 -0.4552156294 -0.1480028282 
7.25 -0.4626157708 -0.1461507097 
7.3 -0.4699233063 -0.1436452921 
7.35 -0.4771055709 -0.1404469827 
7.4 -0.48412792 -0.136517657 
7.45 -0.4909538029 -0.131821024 
7.5 -0.4975448541 -0.1263230059 
7.55 -0.5038610044 -0.1199921301 
7.6 -0.5098606109 -0.1127999295 
7.65 -0.5155006074 -0.1047213469 
7.7 -0.5207366747 -0.09573513942 
7.75 -0.5255234317 -0.08582428012 
7.8 -0.5298146457 -0.0749763499 
7.85 -0.5335634632 -0.0631839174 
7.9 -0.5367226591 -0.0504449014 
7.95 -0.5392449041 -0.03676291142 
8 -0.5410830497 -0.02214756222 
8.05 -0.5421904278 -0.006614757858 
8.1 -0.5425211657 0.009813058915 
8.15 -0.5420305128 0.02710669605 
8.2 -0.540675178 0.04523004441 
8.25 -0.5384136757 0.06413995692 
8.3 -0.5352066779 0.08378617848 
8.35 -0.531017369 0.1041113308 
8.4 -0.5258118024 0.1250509564 
8.45 -0.5195592546 0.1465336252 
8.5 -0.5122325733 0.168481109 
8.55 -0.5038085179 0.190808627 
8.6 -0.4942680866 0.2134251669 
8.65 -0.4835968282 0.2362338856 
8.7 -0.4717851339 0.2591325925 
8.75 -0.4588285043 0.2820143192 
8.8 -0.4447277883 0.3047679767 
8.85 -0.4294893895 0.3272791016 
8.9 -0.4131254344 0.3494306911 
8.95 -0.3956538999 0.3711041235 
9 -0.3770986937 0.3921801604 
9.05 -0.3574896857 0.4125400237 
9.1 -0.3368626845 0.4320665371 
9.15 -0.3152593576 0.4506453204 
9.2 -0.2927270916 0.4681660204 
9.25 -0.2693187906 0.4845235608 
9.3 -0.2450926126 0.49961939 
9.35 -0.2201116431 0.5133627039 
9.4 -0.1944435079 0.5256716186 
9.45 -0.1681599269 0.5364742688 
9.5 -0.1413362135 0.5457098052 
9.55 -0.1140507232 0.5533292661 
9.6 -0.08638425993 0.559296302 
9.65 -0.05841944483 0.5635877314 
9.7 -0.03024005826 0.5661939131 
9.75 -0.001930362605 0.5671189222 
9.8 0.02642558351 0.5663805239 
9.85 0.0547446097 0.5640099435 
9.9 0.08294510688 0.560051438 
9.95 0.1109476788 0.554561677 
10 0.1386757626 0.5476089513 
10.05 0.1660562102 0.5392722248 
10.1 0.1930198214 0.5296400558 
10.15 0.2195018242 0.5188094117 
10.2 0.2454422948 0.5068844051 
10.25 0.2707865151 0.4939749797 
10.3 0.295485264 0.4801955728 
10.35 0.3194950427 0.4656637813 
10.4 0.3427782318 0.4504990563 
10.45 0.3653031846 0.4348214465 
10.5 0.3870442569 0.4187504105 
10.55 0.4079817774 0.402403712 
10.6 0.428101963 0.3858964104 
10.65 0.4473967835 0.3693399556 
10.7 0.4658637813 0.3528413904 
10.75 0.4835058508 0.3365026648 
10.8 0.5003309841 0.3204200598 
10.85 0.5163519871 0.3046837196 
10.9 0.531586173 0.2893772867 
10.95 0.5460550374 0.2745776339 
11 0.5597839191 0.260354687 
11.05 0.5728016534 0.2467713293 
11.1 0.5851402199 0.2338833807 
11.15 0.5968343889 0.2217396426 
11.2 0.6079213711 0.2103819995 
11.25 0.618440471 0.1998455712 
11.3 0.6284327496 0.1901589046 
11.35 0.6379406948 0.1813442005 
11.4 0.6470079048 0.1734175668 
11.45 0.6556787832 0.1663892911 
11.5 0.6639982477 0.1602641285 
11.55 0.6720114542 0.1550415958 
11.6 0.679763534 0.1507162712 
11.65 0.6872993475 0.1472780902 
11.7 0.694663252 0.144712638 
11.75 0.7018988839 0.1430014312 
11.8 0.7090489555 0.1421221878 
11.85 0.7161550649 0.1420490827 
11.9 0.723257519 0.1427529851 
11.95 0.7303951683 0.1442016777 
12 0.7376052521 0.1463600564 
12.05 0.744923255 0.1491903084 
12.1 0.7523827704 0.1526520703 
12.15 0.7600153739 0.1567025656 
12.2 0.7678505022 0.1612967222 
12.25 0.7759153383 0.1663872716 
12.3 0.7842347019 0.1719248314 
12.35 0.7928309434 0.1778579732 
12.4 0.8017238421 0.1841332779 
12.45 0.810930506 0.1906953822 
12.5 0.8204652751 0.1974870186 
12.55 0.830339626 0.2044490531 
12.6 0.8405620787 0.211520523 
12.65 0.8511381048 0.2186386804 
12.7 0.8620700389 0.2257390433 
12.75 0.873356991 0.2327554597 
12.8 0.884994764 0.239620187 
12.85 0.8969757734 0.2462639917 
12.9 0.909288973 0.2526162704 
12.95 0.9219197865 0.2586051979 
13 0.9348500464 0.2641579013 
13.05 0.9480579414 0.269200665 
13.1 0.9615179747 0.2736591644 
13.15 0.9752009329 0.2774587318 
13.2 0.9890738695 0.2805246511 
13.25 1.003100102 0.2827824818 
13.3 1.017239226 0.2841584089 
13.35 1.031447147 0.2845796165 
13.4 1.045676127 0.2839746805 
13.45 1.059874861 0.2822739756 
13.5 1.07398856 0.2794100925 
13.55 1.087959065 0.2753182581 
13.6 1.101724978 0.2699367548 
13.65 1.115221815 0.26320733 
13.7 1.128382182 0.2550755934 
13.75 1.141135962 0.2454913939 
13.8 1.153410531 0.2344091729 
13.85 1.16513099 0.2217882899 
13.9 1.176220404 0.207593317 
13.95 1.18660007 0.1917943022 
14 1.196189785 0.1743670002 
14.05 1.204908135 0.1552930733 
14.1 1.212672789 0.134560265 
14.15 1.219400802 0.1121625516 
14.2 1.22500893 0.08810027686 
14.25 1.229413944 0.06238027946 
14.3 1.232532958 0.03501601905 
14.35 1.234283759 0.006027712389 
14.4 1.234585144 -0.02455751196 
14.45 1.233357269 -0.05670543041 
14.5 1.230521997 -0.09037450378 
14.55 1.226003272 -0.1255156115 
14.6 1.219727491 -0.1620717347 
14.65 1.211623905 -0.1999775836 
14.7 1.201625026 -0.2391591699 
14.75 1.189667067 -0.279533325 
14.8 1.175690401 -0.3210071728 
14.85 1.159640042 -0.363477567 
14.9 1.141466164 -0.4068305113 
14.95 1.121124638 -0.4509405848 
15 1.098577609 -0.4956703997 
15.05 1.073794089 -0.5408701279 
15.1 1.046750583 -0.5863771348 
15.15 1.017431726 -0.6320157668 
15.2 0.9858309375 -0.6775973405 
15.25 0.9519510705 -0.7229203867 
15.3 0.9158050512 -0.7677712017 
15.35 0.8774164911 -0.8119247554 
15.4 0.8368202533 -0.8551460034 
15.45 0.7940629532 -0.8971916401 
15.5 0.7492033711 -0.9378123167 
15.55 0.7023127553 -0.9767553341 
15.6 0.6534749886 -1.013767798 
15.65 0.6027865987 -1.048600205 
15.7 0.5503565885 -1.08101039 
15.75 0.496306069 -1.110767765 
15.8 0.4407676807 -1.137657723 
15.85 0.3838847946 -1.161486072 
15.9 0.325810491 -1.182083358 
15.95 0.2667063231 -1.199308904 
16 0.2067408779 -1.213054404 
16.05 0.1460881577 -1.223246904 
16.1 0.08492581251 -1.229851047 
16.15 0.02343326014 -1.23287046 
16.2 -0.03821026284 -1.232348196 
16.25 -0.09982767262 -1.228366224 
16.3 -0.1612459838 -1.221043953 
16.35 -0.2222981815 -1.210535851 
16.4 -0.282824974 -1.197028267 
16.45 -0.3426763874 -1.180735572 
16.5 -0.401713166 -1.161895786 
16.55 -0.4598079553 -1.140765852 
16.6 -0.5168462479 -1.117616741 
16.65 -0.5727270849 -1.092728556 
16.7 -0.6273635127 -1.066385783 
16.75 -0.6806828019 -1.038872833 
16.8 -0.7326264435 -1.010469964 
16.85 -0.7831499417 -0.9814496877 
16.9 -0.8322224261 -0.9520736756 
16.95 -0.8798261099 -0.9225902163 
17 -0.9259556207 -0.8932322039 
17.05 -0.9706172309 -0.8642156417 
17.1 -1.013828013 -0.8357386229 
17.15 -1.055614944 -0.8079807396 
17.2 -1.096013981 -0.7811028653 
17.25 -1.135069124 -0.7552472527 
17.3 -1.172831487 -0.73053789 
17.35 -1.209358382 -0.7070810589 
17.4 -1.244712434 -0.6849660453 
17.45 -1.278960737 -0.6642659572 
17.5 -1.312174035 -0.6450386094 
17.55 -1.344425965 -0.6273274439 
17.6 -1.375792337 -0.6111624586 
17.65 -1.40635046 -0.5965611226 
17.7 -1.436178516 -0.5835292644 
17.75 -1.46535498 -0.5720619208 
17.8 -1.493958076 -0.562144139 
17.85 -1.522065283 -0.5537517305 
17.9 -1.549752869 -0.5468519739 
17.95 -1.577095468 -0.5414042696 
18 -1.604165681 -0.5373607491 
18.05 -1.631033719 -0.5346668443 
18.1 -1.657767061 -0.5332618218 
18.15 -1.684430152 -0.5330792893 
18.2 -1.711084116 -0.5340476806 
18.25 -1.7377865 -0.5360907271 
18.3 -1.764591037 -0.5391279222 
18.35 -1.791547433 -0.543074986 
18.4 -1.818701182 -0.5478443371 
18.45 -1.846093399 -0.5533455779 
18.5 -1.873760678 -0.5594859979 
18.55 -1.901734978 -0.566171102 
18.6 -1.930043533 -0.5733051649 
18.65 -1.958708791 -0.5807918164 
18.7 -1.987748382 -0.5885346575 
18.75 -2.017175115 -0.5964379095 
18.8 -2.04699701 -0.6044070908 
18.85 -2.077217365 -0.6123497227 
18.9 -2.107834851 -0.6201760559 
18.95 -2.138843654 -0.6277998132 
19 -2.170233645 -0.6351389396 
19.05 -2.201990592 -0.6421163508 
19.1 -2.234096409 -0.648660669 
19.15 -2.266529443 -0.6547069344 
19.2 -2.299264789 -0.6601972811 
19.25 -2.332274653 -0.6650815625 
19.3 -2.365528731 -0.6693179164 
19.35 -2.398994627 -0.6728732557 
19.4 -2.43263829 -0.6757236754 
19.45 -2.466424474 -0.6778547659 
19.5 -2.500317212 -0.6792618244 
19.55 -2.534280303 -0.679949961 
19.6 -2.568277801 -0.6799340944 
19.65 -2.602274506 -0.6792388388 
19.7 -2.636236448 -0.6778982833 
19.75 -2.670131362 -0.6759556698 
19.8 -2.703929146 -0.673462976 
19.85 -2.737602294 -0.6704804146 
19.9 -2.771126315 -0.6670758587 
19.95 -2.804480108 -0.6633242077 
20 -2.837646319 -0.6593067077 
20.05 -2.870611654 -0.6551102402 
20.1 -2.903367166 -0.6508265939 
20.15 -2.935908496 -0.6465517346 
20.2 -2.968236082 -0.6423850845 
20.25 -3.000355337 -0.6384288245 
20.3 -3.032276778 -0.6347872286 
20.35 -3.064016139 -0.6315660399 
20.4 -3.095594441 -0.6288718926 
20.45 -3.127038036 -0.626811787 
20.5 -3.158378625 -0.6254926165 
20.55 -3.189653256 -0.6250207493 
20.6 -3.220904293 -0.6255016598 
20.65 -3.252179376 -0.6270396079 
20.7 -3.283531357 -0.6297373577 
20.75 -3.315018225 -0.6336959296 
20.8 -3.346703021 -0.6390143738 
20.85 -3.37865374 -0.6457895563 
20.9 -3.410943218 -0.654115942 
20.95 -3.443649015 -0.6640853635 
21 -3.476853283 -0.6757867577 
21.05 -3.510642621 -0.6893058558 
21.1 -3.545107914 -0.704724808 
21.15 -3.580344154 -0.7221217253 
21.2 -3.61645024 -0.7415701188 
21.25 -3.653528746 -0.7631382181 
21.3 -3.691685657 -0.7868881486 
21.35 -3.731030065 -0.8128749486 
21.4 -3.771673812 -0.8411454092 
21.45 -3.813731083 -0.8717367192 
21.5 -3.857317918 -0.9046749028 
21.55 -3.902551664 -0.9399730395 
21.6 -3.949550316 -0.9776292645 
21.65 -3.998431779 -1.017624551 
21.7 -4.049313006 -1.059920293 
21.75 -4.102309021 -1.104455705 
21.8 -4.157531806 -1.151145103 
21.85 -4.215089061 -1.199875096 
21.9 -4.275082816 -1.250501802 
21.95 -4.337607906 -1.302848179 
22 -4.402750315 -1.356701603 
22.05 -4.470585395 -1.411811869 
22.1 -4.541175989 -1.467889781 
22.15 -4.614570478 -1.524606559 
22.2 -4.690800806 -1.581594267 
22.25 -4.769880519 -1.638447511 
22.3 -4.851802895 -1.694726597 
22.35 -4.936539225 -1.749962348 
22.4 -5.024037342 -1.803662708 
22.45 -5.114220478 -1.855321172 
22.5 -5.206986536 -1.904427001 
22.55 -5.302207886 -1.950477024 
22.6 -5.399731737 -1.992988716 
22.65 -5.499381173 -2.031514092 
22.7 -5.600956878 -2.065653796 
22.75 -5.704239568 -2.095070726 
22.8 -5.808993104 -2.119502391 
22.85 -5.914968223 -2.138771279 
22.9 -6.021906787 -2.152792527 
22.95 -6.129546414 -2.16157834 
23 -6.237625331 -2.165238795 
23.05 -6.345887271 -2.163978903 
23.1 -6.454086216 -2.158092056 
23.15 -6.561990818 -2.147950212 
23.2 -6.669388329 -2.133991416 
23.25 -6.7760879 -2.116705358 
23.3 -6.881923168 -2.09661779 
23.35 -6.986754057 -2.074274615 
23.4 -7.090467788 -2.050226404 
23.45 -7.192979108 -2.025013994 
23.5 -7.294229808 -1.999155663 
23.55 -7.394187591 -1.973136236 
23.6 -7.492844403 -1.94739829 
23.65 -7.590214317 -1.922335515 
23.7 -7.686331093 -1.898288142 
23.75 -7.7812455 -1.875540285 
23.8 -7.875022515 -1.854318978 
23.85 -7.967738464 -1.834794662 
23.9 -8.059478197 -1.817082868 
23.95 -8.15033234 -1.801246869 
24 -8.240394683 -1.787301086 
24.05 -8.329759738 -1.775215067 
24.1 -8.418520491 -1.764917891 
24.15 -8.506766386 -1.756302884 
24.2 -8.59458153 -1.749232554 
24.25 -8.682043158 -1.743543674 
24.3 -8.769220341 -1.739052464 
24.35 -8.856172964 -1.735559819 
24.4 -8.942950955 -1.732856545 
24.45 -9.029593783 -1.730728548 
24.5 -9.11613021 -1.728961935 
24.55 -9.202578307 -1.727347949 
24.6 -9.288945704 -1.725687685 
24.65 -9.375230088 -1.723796491 
24.7 -9.461419913 -1.721507981 
24.75 -9.547495312 -1.718677574 
24.8 -9.633429191 -1.715185457 
24.85 -9.719188464 -1.710938928 
24.9 -9.80473541 -1.705874019 
24.95 -9.890029111 -1.699956391 
25 -9.975026931 -1.693181444 
25.05 -10.059686 -1.685573679 
25.1 -10.14396469 -1.677185301 
25.15 -10.22782395 -1.66809415 
25.2 -10.31122866 -1.65840101 
25.25 -10.39414871 -1.648226397 
25.3 -10.47656003 -1.637706929 
25.35 -10.55844538 -1.626991391 
25.4 -10.63979495 -1.616236611 
25.45 -10.72060678 -1.605603242 
25.5 -10.80088694 -1.595251585 
25.55 -10.88064952 -1.585337504 
25.6 -10.95991639 -1.57600854 
25.65 -11.03871682 -1.567400275 
25.7 -11.11708683 -1.55963299 
25.75 -11.19506848 -1.552808659 
25.8 -11.27270892 -1.547008297 
25.85 -11.35005933 -1.542289684 
25.9 -11.42717381 -1.538685459 
25.95 -11.50410809 -1.536201613 
26 -11.58091817 -1.534816364 
26.05 -11.65765899 -1.534479438 
26.1 -11.73438296 -1.535111762 
26.15 -11.81113855 -1.536605584 
26.2 -11.88796883 -1.538825044 
26.25 -11.96491008 -1.541607208 
26.3 -12.04199044 -1.544763606 
26.35 -12.11922862 -1.548082277 
26.4 -12.19663273 -1.551330354 
26.45 -12.27419925 -1.554257178 
26.5 -12.35191211 -1.556597949 
26.55 -12.42974201 -1.558077879 
26.6 -12.5076459 -1.558416798 
26.65 -12.58556674 -1.557334142 
26.7 -12.66343345 -1.554554217 
26.75 -12.74116116 -1.549811622 
26.8 -12.81865174 -1.542856663 
26.85 -12.89579457 -1.533460605 
26.9 -12.9724676 -1.521420575 
26.95 -13.04853863 -1.506563937 
27 -13.12386683 -1.488751965 
27.05 -13.19830443 -1.467882661 
27.1 -13.27169856 -1.443892614 
27.15 -13.34389319 -1.416757799 
27.2 -13.41473108 -1.386493304 
27.25 -13.48405575 -1.353151992 
27.3 -13.55171335 -1.316822175 
27.35 -13.61755445 -1.277624404 
27.4 -13.68143567 -1.235707538 
27.45 -13.74322105 -1.191244255 
27.5 -13.80278326 -1.144426215 
27.55 -13.86000457 -1.09545906 
27.6 -13.91477753 -1.044557439 
27.65 -13.9670054 -0.9919402455 
27.7 -14.01660241 -0.9378261864 
27.75 -14.06349372 -0.882429826 
27.8 -14.10761521 -0.8259581685 
27.85 -14.14891312 -0.7686078406 
27.9 -14.18734351 -0.7105628923 
27.95 -14.22287166 -0.6519932135 
28 -14.25547132 -0.5930535376 
28.05 -14.285124 -0.5338829921 
28.1 -14.31181814 -0.4746051394 
28.15 -14.3355484 -0.4153284482 
28.2 -14.35631482 -0.3561471282 
28.25 -14.37412218 -0.2971422649 
28.3 -14.38897929 -0.2383831907 
28.35 -14.40089845 -0.179929033 
28.4 -14.40989491 -0.1218303857 
28.45 -14.41598642 -0.06413105458 
28.5 -14.41919298 -0.006869833645 
28.55 -14.41953647 0.04991772796 
28.6 -14.41704058 0.1061976019 
28.65 -14.4117307 0.1619356313 
28.7 -14.40363392 0.217095985 
28.75 -14.39277912 0.2716397401 
28.8 -14.37919713 0.3255236206 
28.85 -14.36292095 0.3786989125 
28.9 -14.34398601 0.4311105813 
28.95 -14.32243048 0.4826966113 
29 -14.29829565 0.5333875894 
29.05 -14.27162627 0.5831065523 
29.1 -14.24247094 0.6317691122 
29.15 -14.21088249 0.6792838764 
29.2 -14.17691829 0.7255531678 
29.25 -14.14064063 0.7704740499 
29.3 -14.10211693 0.81393965 
29.35 -14.06141995 0.8558407692 
29.4 -14.01862791 0.8960677545 
29.45 -13.97382452 0.9345125987 
29.5 -13.92709889 0.9710712254 
29.55 -13.87854533 1.005645901 
29.6 -13.82826304 1.038147713 
29.65 -13.77635565 1.06849903 
29.7 -13.7229307 1.096635884 
29.75 -13.6680989 1.122510172 
29.8 -13.6119734 1.14609161 
29.85 -13.55466882 1.167369358 
29.9 -13.49630035 1.186353244 
29.95 -13.43698269 1.20307455 
30 -13.37682896 1.217586294 
30.05 -13.31594964 1.229963005 
30.1 -13.25445149 1.240299988 
30.15 -13.19243649 1.248712088 
30.2 -13.13000089 1.255331994 
30.25 -13.06723429 1.260308132 
30.3 -13.00421888 1.263802221 
30.35 -12.94102877 1.265986553 
30.4 -12.87772944 1.267041091 
30.45 -12.81437739 1.267150464 
30.5 -12.75101987 1.266500929 
30.55 -12.68769482 1.265277391 
30.6 -12.62443095 1.263660534 
30.65 -12.56124792 1.261824127 
30.7 -12.49815672 1.259932549 
30.75 -12.43516009 1.258138552 
30.8 -12.37225316 1.256581317 
30.85 -12.3094241 1.255384781 
30.9 -12.24665486 1.254656267 
30.95 -12.18392204 1.254485396 
31 -12.12119777 1.254943291 
31.05 -12.05845061 1.256082055 
31.1 -11.99564651 1.257934518 
31.15 -11.93274978 1.260514231 
31.2 -11.86972407 1.263815724 
31.25 -11.80653328 1.267814986 
31.3 -11.74314253 1.272470192 
31.35 -11.67951902 1.277722653 
31.4 -11.61563289 1.283498 
31.45 -11.55145799 1.289707584 
31.5 -11.48697261 1.296250111 
31.55 -11.42216011 1.303013479 
31.6 -11.35700943 1.309876841 
31.65 -11.29151559 1.316712851 
31.7 -11.22567995 1.323390092 
31.75 -11.15951044 1.329775664 
31.8 -11.09302166 1.335737877 
31.85 -11.02623477 1.341149036 
31.9 -10.95917731 1.345888241 
31.95 -10.8918829 1.349844178 
32 -10.82439069 1.352917802 
32.05 -10.7567448 1.355024887 
32.1 -10.68899356 1.356098345 
32.15 -10.62118864 1.356090275 
32.2 -10.55338413 1.354973667 
32.25 -10.48563545 1.352743722 
32.3 -10.41799826 1.349418754 
32.35 -10.35052732 1.345040624 
32.4 -10.28327529 1.339674736 
32.45 -10.21629155 1.333409561 
32.5 -10.14962108 1.326355737 
32.55 -10.08330329 1.318644766 
32.6 -10.01737105 1.31042736 
32.65 -9.951849682 1.301871499 
32.7 -9.886756107 1.293160247 
32.75 -9.822098095 1.284489409 
32.8 -9.757873624 1.276065086 
32.85 -9.69407037 1.268101188 
32.9 -9.630665311 1.260816965 
32.95 -9.567624462 1.25443459 
33 -9.504902733 1.249176844 
33.05 -9.442443891 1.245264909 
33.1 -9.380180645 1.24291629 
33.15 -9.318034831 1.242342857 
33.2 -9.255917688 1.243749002 
33.25 -9.193730238 1.247329872 
33.3 -9.131363744 1.253269666 
33.35 -9.068700261 1.261739933 
33.4 -9.005613264 1.272897844 
33.45 -8.941968372 1.286884377 
33.5 -8.877624153 1.303822368 
33.55 -8.812433035 1.323814378 
33.6 -8.746242316 1.346940334 
33.65 -8.678895299 1.373254889 
33.7 -8.610232555 1.402784505 
33.75 -8.540093329 1.435524205 
33.8 -8.468317119 1.47143404 
33.85 -8.394745417 1.510435283 
33.9 -8.319223653 1.55240642 
33.95 -8.241603332 1.597179059 
34 -8.161744379 1.644533886 
34.05 -8.079517685 1.694196895 
34.1 -7.99480784 1.745836141 
34.15 -7.907516033 1.799059333 
34.2 -7.817563066 1.853412634 
34.25 -7.724892435 1.908381072 
34.3 -7.629473381 1.963390996 
34.35 -7.531303831 2.017814963 
34.4 -7.430413083 2.070979453 
34.45 -7.32686411 2.12217564 
34.5 -7.220755328 2.170673339 
34.55 -7.112221661 2.215738022 
34.6 -7.00143476 2.256650527 
34.65 -6.888602234 2.292728827 
34.7 -6.773965793 2.323350912 
34.75 -6.657798247 2.347977592 
34.8 -6.540399367 2.366173856 
34.85 -6.422090675 2.37762736 
34.9 -6.303209307 2.38216266 
34.95 -6.184101174 2.379750077 
35 -6.06511367 2.370508387 
35.05 -5.94658825 2.354701042 
35.1 -5.828853198 2.332726093 
35.15 -5.712216894 2.30510052 
35.2 -5.596961868 2.272440066 
35.25 -5.483339864 2.235435979 
35.3 -5.371568065 2.194830193 
35.35 -5.261826556 2.151390453 
35.4 -5.154257033 2.105886746 
35.45 -5.048962696 2.059070108 
35.5 -4.94600919 2.011654571 
35.55 -4.845426462 1.964302679 
35.6 -4.747211328 1.917614695 
35.65 -4.651330593 1.872121351 
35.7 -4.557724526 1.828279823 
35.75 -4.466310534 1.786472476 
35.8 -4.376986911 1.747007878 
35.85 -4.289636517 1.710123563 
35.9 -4.204130339 1.675990069 
35.95 -4.120330835 1.644715823 
36 -4.038095044 1.616352525 
36.05 -3.957277418 1.590900746 
36.1 -3.87773238 1.568315544 
36.15 -3.799316603 1.548511936 
36.2 -3.721891006 1.531370165 
36.25 -3.645322498 1.51674069 
36.3 -3.569485464 1.504448902 
36.35 -3.494263019 1.494299578 
36.4 -3.41954804 1.486081089 
36.45 -3.345243985 1.479569398 
36.5 -3.271265515 1.474531896 
36.55 -3.197538921 1.470731074 
36.6 -3.124002367 1.467928086 
36.65 -3.050605963 1.465886195 
36.7 -2.977311653 1.4643741 
36.75 -2.904092948 1.463169144 
36.8 -2.830934491 1.462060368 
36.85 -2.757831472 1.460851373 
36.9 -2.684788904 1.459362957 
36.95 -2.611820756 1.457435463 
37 -2.538948983 1.454930802 
37.05 -2.466202442 1.451734082 
37.1 -2.393615738 1.447754814 
37.15 -2.321227998 1.442927654 
37.2 -2.249081615 1.437212638 
37.25 -2.177220983 1.430594937 
37.3 -2.105691236 1.423084095 
37.35 -2.034537031 1.414712798 
37.4 -1.963801392 1.405535197 
37.45 -1.893524632 1.395624843 
37.5 -1.823743389 1.385072281 
37.55 -1.754489775 1.373982385 
37.6 -1.685790656 1.3624715 
37.65 -1.617667081 1.350664469 
37.7 -1.550133858 1.338691609 
37.75 -1.483199277 1.32668572 
37.8 -1.416864991 1.314779168 
37.85 -1.351126033 1.303101106 
37.9 -1.285970978 1.291774876 
37.95 -1.221382234 1.280915607 
38 -1.157336453 1.270628055 
38.05 -1.093805051 1.261004675 
38.1 -1.030754817 1.25212395 
38.15 -0.9681486194 1.244048958 
38.2 -0.9059461715 1.236826197 
38.25 -0.8441048617 1.230484632 
38.3 -0.7825806301 1.225034981 
38.35 -0.721328881 1.220469222 
38.4 -0.6603054199 1.216760317 
38.45 -0.5994674041 1.213862143 
38.5 -0.538774297 1.211709648 
38.55 -0.4781888146 1.210219213 
38.6 -0.4176778539 1.209289233 
38.65 -0.3572133922 1.208800932 
38.7 -0.2967733456 1.208619402 
38.75 -0.2363423755 1.20859489 
38.8 -0.175912631 1.208564331 
38.85 -0.1154844145 1.208353119 
38.9 -0.05506675852 1.207777137 
38.95 0.005322098318 1.206645007 
39 0.06565434866 1.204760566 
39.05 0.125892377 1.201925525 
39.1 0.1859886532 1.197942273 
39.15 0.2458857669 1.19261679 
39.2 0.3055166064 1.185761593 
39.25 0.364804686 1.177198662 
39.3 0.4236646191 1.166762267 
39.35 0.4820027325 1.154301613 
39.4 0.5397178131 1.13968324 
39.45 0.5967019751 1.122793092 
39.5 0.6528416297 1.103538195 
39.55 0.7080185394 1.081847891 
39.6 0.762110934 1.057674584 
39.65 0.8149946632 1.03099398 
39.7 0.8665443622 1.001804825 
39.75 0.9166346034 0.9701281425 
39.8 0.9651410105 0.9360060264 
39.85 1.011941312 0.8995000273 
39.9 1.056916313 0.860689211 
39.95 1.099950774 0.8196679631 
40 1.140934172 0.7765436258 
40.05 1.179761353 0.7314340541 
40.1 1.216333056 0.6844651787 
40.15 1.250556315 0.6357686524 
40.2 1.282344747 0.5854796535 
40.25 1.31161873 0.533734905 
40.3 1.338305475 0.4806709575 
40.35 1.362339023 0.4264227701 
40.4 1.383660162 0.3711226093 
40.45 1.402216292 0.3148992773 
40.5 1.417961256 0.2578776633 
40.55 1.430855139 0.2001786075 
40.6 1.44086407 0.141919055 
40.65 1.447960022 0.08321247097 
40.7 1.452120646 0.02416948215 
40.75 1.45332912 -0.0351012936 
40.8 1.451574055 -0.09449227345 
40.85 1.446849442 -0.1538958362 
40.9 1.43915465 -0.2132031968 
40.95 1.42849449 -0.2723032774 
41 1.414879326 -0.3310816251 
41.05 1.398325245 -0.3894194256 
41.1 1.378854274 -0.4471926635 
41.15 1.35649464 -0.5042714776 
41.2 1.331281067 -0.5605197582 
41.25 1.303255079 -0.6157950309 
41.3 1.272465327 -0.6699486654 
41.35 1.238967894 -0.7228264419 
41.4 1.202826572 -0.7742694999 
41.45 1.164113097 -0.8241156822 
41.5 1.122907313 -0.8722012746 
41.55 1.079297249 -0.9183631259 
41.6 1.033379093 -0.9624411182 
41.65 0.9852570367 -1.004280936 
41.7 0.9350429899 -1.04373707 
41.75 0.8828561364 -1.080675964 
41.8 0.8288223382 -1.114979217 
41.85 0.7730733774 -1.146546715 
41.9 0.7157460416 -1.175299589 
41.95 0.6569810622 -1.201182858 
42 0.5969219193 -1.224167668 
42.05 0.5357135359 -1.244253003 
42.1 0.4735008858 -1.261466781 
42.15 0.4104275467 -1.275866294 
42.2 0.346634232 -1.287537922 
42.25 0.2822573359 -1.296596154 
42.3 0.2174275282 -1.303181901 
42.35 0.1522684332 -1.307460193 
42.4 0.08689542354 -1.309617312 
42.45 0.02141455796 -1.309857472 
42.5 -0.04407831562 -1.308399162 
42.55 -0.1094982737 -1.305471271 
42.6 -0.1747718373 -1.301309112 
42.65 -0.2398372929 -1.296150472 
42.7 -0.3046448165 -1.290231783 
42.75 -0.3691564057 -1.283784516 
42.8 -0.4333456315 -1.277031857 
42.85 -0.4971972243 -1.270185729 
42.9 -0.5607065108 -1.263444198 
42.95 -0.6238787207 -1.256989265 
43 -0.6867281839 -1.250985075 
43.05 -0.7492774376 -1.245576503 
43.1 -0.8115562628 -1.240888128 
43.15 -0.8736006692 -1.237023545 
43.2 -0.9354518464 -1.234065005 
43.25 -0.9971550967 -1.232073349 
43.3 -1.058758764 -1.231088199 
43.35 -1.120313174 -1.231128394 
43.4 -1.181869594 -1.232192636 
43.45 -1.243479226 -1.234260337 
43.5 -1.305192242 -1.237292648 
43.55 -1.367056875 -1.24123366 
43.6 -1.429118558 -1.246011774 
43.65 -1.491419147 -1.251541231 
43.7 -1.553996208 -1.257723803 
43.75 -1.616882398 -1.264450634 
43.8 -1.68010493 -1.271604243 
43.85 -1.743685142 -1.27906066 
43.9 -1.807638175 -1.2866917 
43.95 -1.87197276 -1.29436735 
44 -1.936691128 -1.301958249 
44.05 -2.00178904 -1.309338231 
44.1 -2.067255952 -1.316386887 
44.15 -2.133075296 -1.322992122 
44.2 -2.199224902 -1.329052632 
44.25 -2.265677534 -1.334480273 
44.3 -2.332401547 -1.339202252 
44.35 -2.39936166 -1.343163088 
44.4 -2.466519814 -1.346326296 
44.45 -2.533836129 -1.348675744 
44.5 -2.601269916 -1.350216637 
44.55 -2.668780748 -1.350976106 
44.6 -2.736329553 -1.351003386 
44.65 -2.803879723 -1.350369562 
44.7 -2.871398201 -1.349166903 
44.75 -2.938856546 -1.347507803 
44.8 -3.006231936 -1.345523343 
44.85 -3.073508103 -1.343361536 
44.9 -3.14067618 -1.34118528 
44.95 -3.207735444 -1.339170082 
45 -3.274693948 -1.337501598 
45.05 -3.341569028 -1.336373045 
45.1 -3.40838768 -1.335982519 
45.15 -3.475186806 -1.336530272 
45.2 -3.54201332 -1.338215967 
45.25 -3.608924118 -1.34123594 
45.3 -3.675985915 -1.345780475 
45.35 -3.743274939 -1.352031106 
45.4 -3.810876494 -1.360157919 
45.45 -3.87888439 -1.370316862 
45.5 -3.947400233 -1.38264703 
45.55 -4.016532585 -1.397267904 
45.6 -4.08639598 -1.414276528 
45.65 -4.157109806 -1.433744595 
45.7 -4.228797036 -1.455715434 
45.75 -4.301582808 -1.480200897 
45.8 -4.375592853 -1.507178156 
45.85 -4.45095176 -1.536586448 
45.9 -4.527781083 -1.568323827 
45.95 -4.606197274 -1.602244011 
46 -4.686309475 -1.638153457 
46.05 -4.768217148 -1.67580881 
46.1 -4.852007588 -1.714914949 
46.15 -4.937753336 -1.755123849 
46.2 -5.025509528 -1.796034537 
46.25 -5.115311255 -1.837194425 
46.3 -5.207170976 -1.878102317 
46.35 -5.301076092 -1.918213347 
46.4 -5.396986759 -1.956946085 
46.45 -5.494834064 -1.993691943 
46.5 -5.594518661 -2.027826895 
46.55 -5.695910005 -2.05872538 
46.6 -5.798846274 -2.08577609 
46.65 -5.903135079 -2.108399104 
46.7 -6.008555034 -2.126063711 
46.75 -6.11485822 -2.138306028 
46.8 -6.221773521 -2.144745468 
46.85 -6.329010795 -2.145099052 
46.9 -6.436265747 -2.139192599 
46.95 -6.543225377 -2.126968017 
47 -6.649573778 -2.108486123 
47.05 -6.754998084 -2.083924739 
47.1 -6.859194321 -2.053572153 
47.15 -6.961872929 -2.017816358 
47.2 -7.062763747 -1.977130802 
47.25 -7.161620287 -1.932057555 
47.3 -7.258223164 -1.883188969 
47.35 -7.352382613 -1.831148892 
47.4 -7.443940057 -1.77657443 
47.45 -7.532768779 -1.72009911 
47.5 -7.618773734 -1.662338074 
47.55 -7.701890638 -1.603875736 
47.6 -7.782084425 -1.545256093 
47.65 -7.85934723 -1.486975707 
47.7 -7.933696015 -1.429479195 
47.75 -8.005169975 -1.373156986 
47.8 -8.073827824 -1.318344993 
47.85 -8.139745074 -1.26532585 
47.9 -8.203011366 -1.214331345 
47.95 -8.263727933 -1.165545713 
48 -8.322005219 -1.119109483 
48.05 -8.377960693 -1.075123628 
48.1 -8.431716875 -1.033653807 
48.15 -8.483399565 -0.9947345388 
48.2 -8.533136292 -0.9583731916 
48.25 -8.581054952 -0.9245537139 
48.3 -8.627282637 -0.8932400457 
48.35 -8.67194464 -0.8643791969 
48.4 -8.715163599 -0.837903983 
48.45 -8.757058799 -0.8137354286 
48.5 -8.79774557 -0.7917848578 
48.55 -8.837334813 -0.7719556987 
48.6 -8.875932598 -0.7541450298 
48.65 -8.913639849 -0.7382449016 
48.7 -8.950552094 -0.7241434643 
48.75 -8.986759268 -0.7117259319 
48.8 -9.022345564 -0.7008754139 
48.85 -9.057389335 -0.6914736385 
48.9 -9.091963017 -0.6834015938 
48.95 -9.126133096 -0.6765401081 
49 -9.159960102 -0.6707703869 
49.05 -9.193498621 -0.6659745239 
49.1 -9.226797347 -0.662035998 
49.15 -9.259899147 -0.6588401663 
49.2 -9.292841156 -0.656274762 
49.25 -9.325654894 -0.6542303998 
49.3 -9.358366414 -0.6526010934 
49.35 -9.390996468 -0.6512847842 
49.4 -9.423560708 -0.6501838783 
49.45 -9.456069901 -0.6492057901 
49.5 -9.488530191 -0.6482634841 
49.55 -9.520943365 -0.6472760098 
49.6 -9.553307166 -0.6461690212 
49.65 -9.585615617 -0.64487527 
49.7 -9.61785938 -0.643335066 
49.75 -9.650026134 -0.6414966927 
49.8 -9.682100968 -0.6393167697 
49.85 -9.714066807 -0.6367605533 
49.9 -9.745904834 -0.6338021677 
49.95 -9.777594943 -0.6304247599 
50 -9.809116181 -0.6266205736 
