0.05 0.00499625 0.09987508513 
0.1 0.009987502535 0.09979954087 
0.15 0.01497619027 0.09977129326 
0.2 0.01996461028 0.09978699776 
0.25 0.02495486078 0.09984205216 
0.3 0.02994877864 0.09993061262 
0.35 0.03494787771 0.1000456133 
0.4 0.03995328828 0.1001787902 
0.45 0.04496569785 0.1003207093 
0.5 0.04998529334 0.1004608004 
0.55 0.05501170524 0.1005873965 
0.6 0.06004395383 0.1006877802 
0.65 0.06508039794 0.1007482375 
0.7 0.07011868649 0.1007541198 
0.75 0.07515571349 0.1006899145 
0.8 0.08018757672 0.1005393261 
0.85 0.0852095407 0.1002853668 
0.9 0.09021600453 0.09991045843 
0.95 0.095200475 0.09939654502 
1 0.1001555457 0.09872521755 
1.05 0.1050728826 0.09787784973 
1.1 0.1099432169 0.0968357454 
1.15 0.1147563449 0.09558029702 
1.2 0.1195011371 0.09409315471 
1.25 0.124165555 0.092356405 
1.3 0.1287366779 0.09035275824 
1.35 0.1332007383 0.08806574331 
1.4 0.1375431685 0.08547990804 
1.45 0.1417486558 0.08258102348 
1.5 0.1458012097 0.07935628985 
1.55 0.1496842375 0.07579454186 
1.6 0.153380632 0.0718864509 
1.65 0.1568728679 0.06762472127 
1.7 0.1601431082 0.06300427762 
1.75 0.1631733199 0.05802244065 
1.8 0.1659453982 0.05267908809 
1.85 0.1684412975 0.04697679778 
1.9 0.1706431707 0.04092097011 
1.95 0.1725335122 0.03451992682 
2 0.1740953067 0.02778498344 
2.05 0.1753121798 0.02073049306 
2.1 0.1761685514 0.01337385907 
2.15 0.1766497873 0.005735515179 
2.2 0.1767423502 -0.002161128974 
2.25 0.1764339467 -0.01028977741 
2.3 0.1757136688 -0.0186213734 
2.35 0.1745721284 -0.02712426096 
2.4 0.1730015828 -0.03576438198 
2.45 0.1709960494 -0.04450550774 
2.5 0.1685514081 -0.05330950348 
2.55 0.1656654895 -0.06213662375 
2.6 0.1623381478 -0.07094583587 
2.65 0.1585713166 -0.07969516826 
2.7 0.154369047 -0.08834207997 
2.75 0.1497375267 -0.09684384699 
2.8 0.144685079 -0.105157961 
2.85 0.1392221422 -0.113242535 
2.9 0.1333612286 -0.1210567115 
2.95 0.1271168621 -0.1285610663 
3 0.1205054974 -0.1357180042 
3.05 0.1135454182 -0.1424921382 
3.1 0.1062566179 -0.1488506503 
3.15 0.09866066237 -0.1547636252 
3.2 0.09078053677 -0.1602043537 
3.25 0.08264047816 -0.1651496009 
3.3 0.07426579556 -0.169579835 
3.35 0.06568267958 -0.1734794132 
3.4 0.05691800392 -0.176836722 
3.45 0.04799912095 -0.1796442707 
3.5 0.03895365387 -0.1818987351 
3.55 0.02980928791 -0.1836009535 
3.6 0.02059356286 -0.1847558739 
3.65 0.01133366957 -0.1853724537 
3.7 0.002056252467 -0.1854635162 
3.75 -0.007212779538 -0.1850455637 
3.8 -0.01644843191 -0.1841385536 
3.85 -0.0256267912 -0.1827656402 
3.9 -0.03472517803 -0.1809528871 
3.95 -0.0437222851 -0.1787289556 
4 -0.05259829899 -0.1761247739 
4.05 -0.06133500512 -0.1731731928 
4.1 -0.06991587508 -0.1699086328 
4.15 -0.07832613631 -0.1663667288 
4.2 -0.08655282389 -0.1625839756 
4.25 -0.09458481484 -0.1585973815 
4.3 -0.1024128452 -0.154444132 
4.35 -0.1100295106 -0.1501612682 
4.4 -0.1174292513 -0.1457853847 
4.45 -0.1246083228 -0.1413523468 
4.5 -0.131564752 -0.1368970329 
4.55 -0.1382982824 -0.1324531008 
4.6 -0.144810307 -0.1280527808 
4.65 -0.1511037925 -0.123726696 
4.7 -0.1571831945 -0.1195037092 
4.75 -0.1630543662 -0.1154107971 
4.8 -0.1687244612 -0.1114729507 
4.85 -0.174201832 -0.1077131002 
4.9 -0.1794959253 -0.1041520641 
4.95 -0.1846171756 -0.1008085199 
5 -0.1895768978 -0.09769899495 
5.05 -0.1943871792 -0.094837875 
5.1 -0.1990607733 -0.09223742878 
5.15 -0.2036109944 -0.08990784584 
5.2 -0.2080516151 -0.08785728559 
5.25 -0.2123967657 -0.08609193523 
5.3 -0.2166608376 -0.08461607434 
5.35 -0.2208583891 -0.08343214392 
5.4 -0.2250040556 -0.08254081798 
5.45 -0.229112463 -0.08194107562 
5.5 -0.2331981445 -0.08163027204 
5.55 -0.2372754614 -0.08160420679 
5.6 -0.2413585269 -0.081857188 
5.65 -0.2454611331 -0.08238209139 
5.7 -0.2495966806 -0.08317041311 
5.75 -0.253778111 -0.08421231574 
5.8 -0.2580178413 -0.0854966669 
5.85 -0.2623276997 -0.08701107018 
5.9 -0.2667188634 -0.08874188843 
5.95 -0.2712017969 -0.09067425945 
6 -0.275786191 -0.0927921045 
6.05 -0.2804809024 -0.09507813029 
6.1 -0.2852938924 -0.0975138251 
6.15 -0.2902321665 -0.1000794502 
6.2 -0.2953017121 -0.1027540274 
6.25 -0.3005074368 -0.1055153246 
6.3 -0.3058531048 -0.1083398403 
6.35 -0.3113412735 -0.1112027891 
6.4 -0.3169732287 -0.1140780897 
6.45 -0.3227489196 -0.1169383572 
6.5 -0.3286668935 -0.1197549025 
6.55 -0.3347242308 -0.1224977394 
6.6 -0.3409164802 -0.1251356025 
6.65 -0.3472375956 -0.1276359779 
6.7 -0.3536798747 -0.1299651484 
6.75 -0.3602338996 -0.1320882548 
6.8 -0.3668884821 -0.1339693761 
6.85 -0.3736306125 -0.1355716295 
6.9 -0.3804454146 -0.1368572923 
6.95 -0.3873161065 -0.1377879458 
7 -0.3942239702 -0.1383246441 
7.05 -0.4011483295 -0.1384281064 
7.1 -0.4080665387 -0.1380589345 
7.15 -0.4149539819 -0.1371778555 
7.2 -0.4217840861 -0.1357459871 
7.25 -0.4285283477 -0.1337251284 
7.3 -0.4351563737 -0.1310780707 
7.35 -0.4416359396 -0.1277689291 
7.4 -0.4479330644 -0.1237634925 
7.45 -0.4540121026 -0.1190295875 
7.5 -0.4598358557 -0.1135374551 
7.55 -0.4653657026 -0.1072601358 
7.6 -0.4705617491 -0.1001738593 
7.65 -0.4753829968 -0.09225843499 
7.7 -0.4797875325 -0.08349763845 
7.75 -0.4837327356 -0.07387959017 
7.8 -0.4871755045 -0.06339712137 
7.85 -0.4900725017 -0.05204812236 
7.9 -0.4923804147 -0.03983586894 
7.95 -0.4940562332 -0.02676932195 
8 -0.4950575406 -0.01286339552 
8.05 -0.4953428176 0.001860810583 
8.1 -0.4948717573 0.01737581896 
8.15 -0.493605588 0.03364762725 
8.2 -0.4915074024 0.05063560975 
8.25 -0.4885424909 0.06829247217 
8.3 -0.4846786753 0.08656426348 
8.35 -0.4798866405 0.105390449 
8.4 -0.4741402612 0.1247040481 
8.45 -0.4674169198 0.144431841 
8.5 -0.4596978122 0.1644946466 
8.55 -0.4509682385 0.1848076757 
8.6 -0.4412178728 0.2052809616 
8.65 -0.430441011 0.2258198692 
8.7 -0.4186367901 0.2463256849 
8.75 -0.4058093767 0.2666962853 
8.8 -0.3919681194 0.2868268858 
8.85 -0.3771276626 0.3066108626 
8.9 -0.3613080167 0.3259406471 
8.95 -0.3445345823 0.3447086821 
9 -0.3268381251 0.3628084342 
9.05 -0.3082546987 0.380135448 
9.1 -0.2888255139 0.3965884313 
9.15 -0.2685967535 0.4120703541 
9.2 -0.2476193314 0.4264895439 
9.25 -0.2259485977 0.4397607594 
9.3 -0.2036439908 0.4518062211 
9.35 -0.1807686392 0.462556579 
9.4 -0.1573889172 0.4719517958 
9.45 -0.1335739578 0.4799419269 
9.5 -0.1093951306 0.4864877785 
9.55 -0.08492548955 0.4915614269 
9.6 -0.06023919775 0.4951465878 
9.65 -0.0354109388 0.4972388238 
9.7 -0.01051532113 0.4978455863 
9.75 0.0143737154 0.4969860889 
9.8 0.0391834823 0.4946910158 
9.85 0.06384310676 0.4910020721 
9.9 0.08828406952 0.4859713862 
9.95 0.1124407095 0.4796607796 
10 0.1362506885 0.4721409205 
10.05 0.1596554114 0.4634903815 
10.1 0.1826003968 0.453794621 
10.15 0.2050355948 0.4431449119 
10.2 0.226915651 0.4316372382 
10.25 0.2482001138 0.4193711803 
10.3 0.2688535869 0.4064488107 
10.35 0.2888458262 0.3929736154 
10.4 0.3081517845 0.3790494605 
10.45 0.3267516047 0.3647796144 
10.5 0.3446305669 0.3502658392 
10.55 0.361778991 0.3356075589 
10.6 0.3781921003 0.3209011103 
10.65 0.3938698492 0.3062390818 
10.7 0.4088167203 0.2917097403 
10.75 0.4230414957 0.2773965472 
10.8 0.436557005 0.2633777609 
10.85 0.4493798566 0.249726124 
10.9 0.4615301552 0.2365086285 
10.95 0.4730312092 0.2237863575 
11 0.483909232 0.2116143937 
11.05 0.4941930408 0.2000417919 
11.1 0.5039137552 0.1891116071 
11.15 0.5131044982 0.1788609722 
11.2 0.5218001031 0.1693212197 
11.25 0.5300368264 0.1605180392 
11.3 0.5378520705 0.1524716659 
11.35 0.5452841159 0.1451970941 
11.4 0.5523718646 0.1387043091 
11.45 0.5591545955 0.1329985327 
11.5 0.5656717329 0.1280804778 
11.55 0.5719626271 0.1239466061 
11.6 0.5780663486 0.1205893862 
11.65 0.5840214943 0.1179975469 
11.7 0.5898660076 0.1161563232 
11.75 0.595637009 0.1150476911 
11.8 0.601370639 0.1146505903 
11.85 0.6071019121 0.1149411296 
11.9 0.6128645796 0.1158927773 
11.95 0.6186910025 0.117476531 
12 0.6246120318 0.1196610701 
12.05 0.6306568961 0.1224128871 
12.1 0.6368530955 0.1256964009 
12.15 0.6432263005 0.1294740494 
12.2 0.6498002546 0.1337063657 
12.25 0.6565966815 0.1383520363 
12.3 0.6636351933 0.1433679449 
12.35 0.6709332017 0.1487092034 
12.4 0.6785058301 0.1543291719 
12.45 0.6863658261 0.1601794721 
12.5 0.6945234751 0.1662099948 
12.55 0.7029865139 0.1723689068 
12.6 0.7117600443 0.1786026599 
12.65 0.7208464484 0.184856005 
12.7 0.7302453034 0.1910720159 
12.75 0.7399532986 0.197192125 
12.8 0.7499641546 0.2031561766 
12.85 0.7602685452 0.2089024983 
12.9 0.7708540241 0.2143679963 
12.95 0.7817049558 0.2194882749 
13 0.7928024545 0.2241977845 
13.05 0.8041243303 0.228429999 
13.1 0.8156450448 0.2321176237 
13.15 0.8273356788 0.2351928348 
13.2 0.8391639121 0.2375875503 
13.25 0.8510940173 0.2392337315 
13.3 0.8630868706 0.2400637131 
13.35 0.8750999784 0.2400105615 
13.4 0.8870875236 0.2390084554 
13.45 0.8990004308 0.2369930883 
13.5 0.9107864524 0.2339020868 
13.55 0.9223902758 0.2296754407 
13.6 0.9337536523 0.2242559405 
13.65 0.9448155486 0.2175896176 
13.7 0.9555123192 0.2096261811 
13.75 0.9657779016 0.2003194485 
13.8 0.9755440319 0.1896277643 
13.85 0.9847404821 0.1775144048 
13.9 0.9932953159 0.1639479647 
13.95 1.001135165 0.1489027246 
14 1.00818552 0.1323589985 
14.05 1.014371044 0.1143034609 
14.1 1.019615896 0.09472945581 
14.15 1.023844073 0.07363728792 
14.2 1.026979765 0.05103450148 
14.25 1.028947722 0.02693614827 
14.3 1.029673639 0.001365049853 
14.35 1.029084549 -0.02564794222 
14.4 1.027109233 -0.0540636845 
14.45 1.023678637 -0.08383447522 
14.5 1.018726312 -0.1149037815 
14.55 1.012188859 -0.1472059606 
14.6 1.004006392 -0.1806659766 
14.65 0.9941230164 -0.2151991188 
14.7 0.9824873165 -0.2507107279 
14.75 0.9690528631 -0.2870959439 
14.8 0.9537787271 -0.3242394874 
14.85 0.9366300065 -0.3620154967 
14.9 0.9175783577 -0.4002874404 
14.95 0.896602531 -0.4389081325 
15 0.8736889005 -0.4777198789 
15.05 0.8488319843 -0.5165547851 
15.1 0.8220349444 -0.5552352568 
15.15 0.7933100567 -0.5935747249 
15.2 0.7626791381 -0.6313786217 
15.25 0.7301739188 -0.6684456336 
15.3 0.6958363446 -0.7045692465 
15.35 0.6597187948 -0.7395395927 
15.4 0.6218841996 -0.7731455959 
15.45 0.5824060434 -0.8051773988 
15.5 0.5413682401 -0.8354290428 
15.55 0.4988648682 -0.8637013536 
15.6 0.4549997577 -0.8898049725 
15.65 0.4098859225 -0.9135634576 
15.7 0.3636448368 -0.9348163696 
15.75 0.3164055592 -0.9534222439 
15.8 0.268303712 -0.9692613531 
15.85 0.219480329 -0.9822381572 
15.9 0.1700805899 -0.9922833507 
15.95 0.1202524628 -0.9993554247 
16 0.07014528276 -1.003441679 
16.05 0.01990829282 -1.00455864 
16.1 -0.03031081967 -1.002751862 
16.15 -0.08036736217 -0.9980951268 
16.2 -0.1301210205 -0.9906890465 
16.25 -0.1794371591 -0.9806591541 
16.3 -0.2281880133 -0.9681535256 
16.35 -0.2762537521 -0.9533400358 
16.4 -0.323523396 -0.936403338 
16.45 -0.3698955777 -0.9175416706 
16.5 -0.4152791411 -0.89696359 
16.55 -0.4595935746 -0.8748847237 
16.6 -0.5027692856 -0.8515246293 
16.65 -0.5447477199 -0.8271038309 
16.7 -0.5854813391 -0.8018410903 
16.75 -0.6249334675 -0.7759509564 
16.8 -0.6630780241 -0.7496416206 
16.85 -0.699899155 -0.7231130902 
16.9 -0.7353907826 -0.6965556837 
16.95 -0.7695560875 -0.6701488359 
17 -0.8024069378 -0.6440601974 
17.05 -0.8339632815 -0.6184450035 
17.1 -0.8642525124 -0.5934456847 
17.15 -0.893308823 -0.5691916893 
17.2 -0.9211725537 -0.5457994865 
17.25 -0.9478895451 -0.5233727195 
17.3 -0.9735105027 -0.5020024808 
17.35 -0.9980903774 -0.4817676821 
17.4 -1.021687766 -0.4627354949 
17.45 -1.044364338 -0.4449618424 
17.5 -1.066184282 -0.4284919221 
17.55 -1.087213786 -0.4133607464 
17.6 -1.107520543 -0.399593687 
17.65 -1.127173276 -0.3872070146 
17.7 -1.146241304 -0.3762084248 
17.75 -1.164794122 -0.3665975453 
17.8 -1.182901009 -0.3583664208 
17.85 -1.200630666 -0.3514999708 
17.9 -1.218050864 -0.3459764218 
17.95 -1.235228124 -0.3417677108 
18 -1.252227413 -0.338839862 
18.05 -1.269111852 -0.3371533373 
18.1 -1.285942455 -0.336663362 
18.15 -1.302777867 -0.337320229 
18.2 -1.319674128 -0.3390695819 
18.25 -1.336684448 -0.3418526832 
18.3 -1.353858994 -0.3456066674 
18.35 -1.371244689 -0.3502647864 
18.4 -1.388885025 -0.3557566479 
18.45 -1.406819886 -0.3620084528 
18.5 -1.425085384 -0.3689432364 
18.55 -1.443713706 -0.3764811158 
18.6 -1.462732976 -0.38453955 
18.65 -1.482167128 -0.3930336159 
18.7 -1.502035792 -0.4018763043 
18.75 -1.522354202 -0.4109788405 
18.8 -1.543133112 -0.4202510308 
18.85 -1.564378734 -0.4296016401 
18.9 -1.586092701 -0.4389387989 
18.95 -1.608272039 -0.4481704434 
19 -1.630909172 -0.4572047859 
19.05 -1.653991949 -0.4659508153 
19.1 -1.677503693 -0.4743188227 
19.15 -1.701423283 -0.4822209492 
19.2 -1.725725255 -0.4895717497 
19.25 -1.750379944 -0.4962887637 
19.3 -1.775353642 -0.5022930867 
19.35 -1.800608789 -0.5075099311 
19.4 -1.826104201 -0.5118691666 
19.45 -1.851795306 -0.5153058292 
19.5 -1.87763442 -0.5177605874 
19.55 -1.90357104 -0.519180154 
19.6 -1.929552151 -0.5195176343 
19.65 -1.955522561 -0.5187327997 
19.7 -1.981425233 -0.5167922794 
19.75 -2.007201635 -0.5136696628 
19.8 -2.032792088 -0.5093455081 
19.85 -2.058136117 -0.5038072557 
19.9 -2.083172785 -0.4970490428 
19.95 -2.10784103 -0.489071426 
20 -2.132079972 -0.4798810111 
20.05 -2.155829206 -0.4694900001 
20.1 -2.179029073 -0.4579156625 
20.15 -2.201620896 -0.4451797401 
20.2 -2.223547187 -0.4313077978 
20.25 -2.244751826 -0.4163285323 
20.3 -2.265180197 -0.4002730511 
20.35 -2.284779287 -0.3831741354 
20.4 -2.30349776 -0.3650654995 
20.45 -2.321285976 -0.3459810595 
20.5 -2.338095988 -0.3259542233 
20.55 -2.353881498 -0.3050172113 
20.6 -2.368597782 -0.28320042 
20.65 -2.382201582 -0.260531834 
20.7 -2.394650972 -0.2370364969 
20.75 -2.4059052 -0.2127360445 
20.8 -2.415924503 -0.1876483069 
20.85 -2.424669913 -0.1617869824 
20.9 -2.432103038 -0.1351613872 
20.95 -2.438185842 -0.107776282 
21 -2.442880409 -0.07963177866 
21.05 -2.446148714 -0.05072332668 
21.1 -2.447952388 -0.02104178185 
21.15 -2.448252492 0.009426442267 
21.2 -2.4470093 0.04069913863 
21.25 -2.444182092 0.07279798541 
21.3 -2.439728974 0.1057481369 
21.35 -2.433606715 0.1395777248 
21.4 -2.425770607 0.1743172662 
21.45 -2.416174366 0.2099989768 
21.5 -2.404770065 0.2466559834 
21.55 -2.391508108 0.2843214353 
21.6 -2.376337254 0.3230275079 
21.65 -2.359204691 0.3628042983 
21.7 -2.340056167 0.403678609 
21.75 -2.318836192 0.4456726201 
21.8 -2.295488297 0.4888024518 
21.85 -2.269955381 0.5330766215 
21.9 -2.242180125 0.5784944043 
21.95 -2.2121055 0.625044111 
22 -2.179675357 0.6727013038 
22.05 -2.144835112 0.7214269764 
22.1 -2.107532517 0.7711657359 
22.15 -2.067718526 0.8218440319 
22.2 -2.025348247 0.87336849 
22.25 -1.98038197 0.9256244163 
22.3 -1.932786271 0.9784745546 
22.35 -1.882535164 1.031758181 
22.4 -1.829611294 1.085290639 
22.45 -1.774007136 1.138863408 
22.5 -1.715726184 1.192244819 
22.55 -1.654784074 1.245181506 
22.6 -1.59120963 1.297400673 
22.65 -1.525045761 1.348613249 
22.7 -1.456350191 1.398517954 
22.75 -1.38519595 1.446806264 
22.8 -1.311671607 1.493168215 
22.85 -1.235881183 1.537298943 
22.9 -1.157943729 1.578905774 
22.95 -1.077992528 1.617715652 
23 -0.9961739368 1.65348261 
23.05 -0.912645837 1.685995001 
23.1 -0.8275757514 1.715082135 
23.15 -0.7411386383 1.740620001 
23.2 -0.6535144297 1.76253578 
23.25 -0.5648853761 1.780810892 
23.3 -0.4754332795 1.795482396 
23.35 -0.3853366976 1.806642639 
23.4 -0.29476821 1.814437172 
23.45 -0.2038918318 1.819060999 
23.5 -0.1128606532 1.820753353 
23.55 -0.02181477522 1.819791242 
23.6 0.06912040584 1.81648206 
23.65 0.1598355241 1.811155597 
23.7 0.2502381601 1.804155767 
23.75 0.3402533398 1.795832382 
23.8 0.4298236274 1.786533241 
23.85 0.5189088329 1.776596766 
23.9 0.6074853683 1.766345377 
23.95 0.6955452917 1.756079712 
24 0.7830950857 1.746073783 
24.05 0.8701542165 1.736571087 
24.1 0.9567535231 1.727781661 
24.15 1.042933482 1.719880048 
24.2 1.128742391 1.713004108 
24.25 1.214234518 1.707254625 
24.3 1.299468246 1.702695616 
24.35 1.384504246 1.69935529 
24.4 1.469403725 1.697227592 
24.45 1.554226754 1.696274261 
24.5 1.639030714 1.696427371 
24.55 1.723868888 1.697592296 
24.6 1.808789196 1.69965107 
24.65 1.893833124 1.702466089 
24.7 1.979034837 1.705884124 
24.75 2.064420498 1.709740586 
24.8 2.150007815 1.713863997 
24.85 2.235805803 1.718080581 
24.9 2.321814792 1.722218916 
24.95 2.408026658 1.726114536 
25 2.494425282 1.729614397 
25.05 2.580987232 1.732581081 
25.1 2.667682647 1.734896646 
25.15 2.754476299 1.736465993 
25.2 2.841328812 1.737219662 
25.25 2.928198007 1.737115966 
25.3 3.015040336 1.736142388 
25.35 3.101812363 1.734316198 
25.4 3.18847226 1.731684282 
25.45 3.274981276 1.728322163 
25.5 3.361305131 1.724332283 
25.55 3.447415313 1.719841569 
25.6 3.533290231 1.714998395 
25.65 3.618916205 1.709969005 
25.7 3.704288268 1.704933522 
25.75 3.789410751 1.700081635 
25.8 3.874297654 1.695608076 
25.85 3.958972781 1.691707989 
25.9 4.043469644 1.688572263 
25.95 4.12783114 1.686382927 
26 4.212108984 1.685308652 
26.05 4.296362939 1.685500415 
26.1 4.380659822 1.687087373 
26.15 4.465072312 1.690172972 
26.2 4.54967757 1.694831324 
26.25 4.634555691 1.701103883 
26.3 4.719787982 1.708996461 
26.35 4.80545512 1.718476626 
26.4 4.891635174 1.729471535 
26.45 4.978401536 1.741866302 
26.5 5.065820792 1.755502955 
26.55 5.153950541 1.770180123 
26.6 5.242837236 1.785653547 
26.65 5.332514058 1.801637552 
26.7 5.422998898 1.81780759 
26.75 5.514292491 1.833803966 
26.8 5.606376767 1.849236819 
26.85 5.699213486 1.863692391 
26.9 5.792743211 1.876740561 
26.95 5.886884696 1.887943539 
27 5.981534734 1.896865542 
27.05 6.076568509 1.903083189 
27.1 6.171840476 1.906196256 
27.15 6.267185798 1.905838386 
27.2 6.362422292 1.901687274 
27.25 6.457352882 1.893473856 
27.3 6.551768468 1.880990033 
27.35 6.645451151 1.864094516 
27.4 6.738177686 1.842716489 
27.45 6.829723074 1.816856887 
27.5 6.919864146 1.786587241 
27.55 7.008383038 1.752046171 
27.6 7.095070428 1.713433777 
27.65 7.179728447 1.671004246 
27.7 7.262173182 1.625057124 
27.75 7.342236713 1.57592771 
27.8 7.419768654 1.523977081 
27.85 7.494637195 1.469582176 
27.9 7.566729648 1.413126368 
27.95 7.635952545 1.354990841 
28 7.702231326 1.295547015 
28.05 7.765509675 1.235150177 
28.1 7.825748572 1.174134389 
28.15 7.882925117 1.112808666 
28.2 7.9370312 1.051454377 
28.25 7.988072067 0.9903237536 
28.3 8.036064839 0.9296393733 
28.35 8.081037027 0.8695944818 
28.4 8.123025081 0.8103539873 
28.45 8.162073005 0.752055987 
28.5 8.198231063 0.6948136843 
28.55 8.231554582 0.6387175758 
28.6 8.262102875 0.5838377989 
28.65 8.289938283 0.5302265529 
28.7 8.31512534 0.4779205193 
28.75 8.337730053 0.4269432248 
28.8 8.357819307 0.3773073029 
28.85 8.375460373 0.3290166224 
28.9 8.390720521 0.2820682605 
28.95 8.403666726 0.2364543063 
29 8.414365466 0.1921634871 
29.05 8.42288259 0.1491826137 
29.1 8.429283253 0.1074978447 
29.15 8.433631919 0.06709577314 
29.2 8.435992401 0.02796434027 
29.25 8.436427954 -0.009906419875 
29.3 8.435001396 -0.04652379675 
29.35 8.431775251 -0.0818919751 
29.4 8.426811916 -0.1160117547 
29.45 8.420173834 -0.148880411 
29.5 8.411923676 -0.1804916889 
29.55 8.402124508 -0.2108359221 
29.6 8.390839965 -0.239900268 
29.65 8.378134399 -0.2676690516 
29.7 8.36407301 -0.2941242047 
29.75 8.348721958 -0.3192457925 
29.8 8.332148435 -0.3430126137 
29.85 8.314420719 -0.3654028617 
29.9 8.295608185 -0.3863948319 
29.95 8.27578128 -0.4059676616 
30 8.255011465 -0.4241020854 
30.05 8.233371114 -0.4407811902 
30.1 8.210933378 -0.4559911545 
30.15 8.187772015 -0.4697219544 
30.2 8.163961179 -0.4819680219 
30.25 8.139575184 -0.4927288409 
30.3 8.114688236 -0.5020094677 
30.35 8.089374145 -0.5098209654 
30.4 8.063706011 -0.5161807428 
30.45 8.037755903 -0.5211127923 
30.5 8.011594524 -0.5246478213 
30.55 7.985290872 -0.5268232792 
30.6 7.958911907 -0.527683278 
30.65 7.932522216 -0.5272784141 
30.7 7.906183698 -0.5256654969 
30.75 7.879955263 -0.5229071919 
30.8 7.853892543 -0.5190715913 
30.85 7.828047637 -0.5142317219 
30.9 7.802468877 -0.5084650044 
30.95 7.77720062 -0.5018526763 
31 7.752283074 -0.4944791916 
31.05 7.727752151 -0.4864316106 
31.1 7.703639352 -0.4777989895 
31.15 7.679971684 -0.468671783 
31.2 7.656771602 -0.4591412663 
31.25 7.634056985 -0.4492989855 
31.3 7.611841135 -0.4392362417 
31.35 7.5901328 -0.429043614 
31.4 7.568936222 -0.4188105214 
31.45 7.548251207 -0.4086248284 
31.5 7.528073211 -0.3985724897 
31.55 7.508393445 -0.3887372361 
31.6 7.489198992 -0.3792002965 
31.65 7.470472938 -0.3700401535 
31.7 7.452194518 -0.3613323281 
31.75 7.434339267 -0.3531491888 
31.8 7.416879181 -0.3455597808 
31.85 7.399782893 -0.3386296691 
31.9 7.383015841 -0.3324207918 
31.95 7.366540463 -0.3269913176 
32 7.350316382 -0.3223955041 
32.05 7.33430061 -0.3186835515 
32.1 7.31844775 -0.3159014493 
32.15 7.302710215 -0.3140908116 
32.2 7.287038447 -0.3132886995 
32.25 7.271381153 -0.3135274271 
32.3 7.255685543 -0.3148343512 
32.35 7.239897589 -0.317231643 
32.4 7.223962285 -0.320736042 
32.45 7.207823929 -0.3253585918 
32.5 7.191426409 -0.3311043611 
32.55 7.174713517 -0.3379721494 
32.6 7.157629264 -0.3459541821 
32.65 7.140118216 -0.3550357976 
32.7 7.122125852 -0.3651951322 
32.75 7.103598924 -0.376402806 
32.8 7.084485847 -0.3886216195 
32.85 7.064737097 -0.4018062655 
32.9 7.044305617 -0.415903067 
32.95 7.02314725 -0.4308497501 
33 7.001221168 -0.4465752634 
33.05 6.978490317 -0.4629996551 
33.1 6.954921863 -0.480034022 
33.15 6.930487644 -0.4975805435 
33.2 6.905164606 -0.5155326146 
33.25 6.878935245 -0.533775093 
33.3 6.851788023 -0.5521846744 
33.35 6.823717764 -0.5706304085 
33.4 6.794726024 -0.5889743674 
33.45 6.764821418 -0.6070724771 
33.5 6.734019908 -0.6247755157 
33.55 6.70234503 -0.6419302824 
33.6 6.669828065 -0.6583809345 
33.65 6.636508131 -0.6739704821 
33.7 6.602432207 -0.6885424297 
33.75 6.56765506 -0.7019425407 
33.8 6.532239091 -0.7140206996 
33.85 6.49625408 -0.7246328374 
33.9 6.459776832 -0.7336428813 
33.95 6.422890735 -0.7409246857 
34 6.38568521 -0.7463638956 
34.05 6.348255081 -0.7498596967 
34.1 6.310699852 -0.7513264015 
34.15 6.273122916 -0.7506948285 
34.2 6.235630698 -0.7479134319 
34.25 6.198331748 -0.74294915 
34.3 6.161335799 -0.7357879452 
34.35 6.124752809 -0.7264350213 
34.4 6.088691994 -0.7149147121 
34.45 6.053260878 -0.7012700488 
34.5 6.018564377 -0.6855620199 
34.55 5.984703922 -0.6678685518 
34.6 5.951776635 -0.6482832427 
34.65 5.91987459 -0.6269138894 
34.7 5.889084132 -0.6038808525 
34.75 5.859485298 -0.5793153056 
34.8 5.831151318 -0.5533574146 
34.85 5.804148211 -0.526154493 
34.9 5.778534477 -0.4978591715 
34.95 5.754360871 -0.4686276206 
35 5.731670275 -0.4386178549 
35.05 5.710497642 -0.4079881438 
35.1 5.690870026 -0.3768955455 
35.15 5.672806674 -0.3454945781 
35.2 5.656319186 -0.3139360306 
35.25 5.641411729 -0.2823659184 
35.3 5.6280813 -0.2509245775 
35.35 5.616318032 -0.2197458936 
35.4 5.606105531 -0.1889566552 
35.45 5.597421252 -0.1586760242 
35.5 5.590236883 -0.1290151096 
35.55 5.584518767 -0.1000766368 
35.6 5.580228319 -0.07195470096 
35.65 5.577322471 -0.04473459515 
35.7 5.57575411 -0.018492706 
35.75 5.575472527 0.006703530913 
35.8 5.576423866 0.03079562109 
35.85 5.578551567 0.05373395089 
35.9 5.581796813 0.07547768062 
35.95 5.58609896 0.09599459321 
36 5.591395968 0.1152609004 
36.05 5.597624815 0.1332610078 
36.1 5.6047219 0.1499872402 
36.15 5.612623433 0.165439528 
36.2 5.621265807 0.1796250572 
36.25 5.63058595 0.1925578838 
36.3 5.64052166 0.2042585159 
36.35 5.651011915 0.2147534661 
36.4 5.661997165 0.2240747782 
36.45 5.673419592 0.2322595313 
36.5 5.685223353 0.2393493281 
36.55 5.697354792 0.2453897697 
36.6 5.709762626 0.2504299242 
36.65 5.722398104 0.2545217945 
36.7 5.735215143 0.2577197893 
36.75 5.748170435 0.2600802044 
36.8 5.761223527 0.261660718 
36.85 5.774336878 0.2625199056 
36.9 5.787475893 0.2627167779 
36.95 5.800608931 0.2623103459 
37 5.813707299 0.2613592154 
37.05 5.826745219 0.2599212141 
37.1 5.839699779 0.2580530516 
37.15 5.852550872 0.2558100147 
37.2 5.865281117 0.2532456967 
37.25 5.877875765 0.2504117612 
37.3 5.890322601 0.2473577394 
37.35 5.90261183 0.2441308592 
37.4 5.914735961 0.2407759045 
37.45 5.926689678 0.2373351029 
37.5 5.938469711 0.2338480381 
37.55 5.950074704 0.2303515864 
37.6 5.961505074 0.2268798733 
37.65 5.972762877 0.2234642478 
37.7 5.983851666 0.2201332719 
37.75 5.994776354 0.2169127229 
37.8 6.005543071 0.2138256064 
37.85 6.01615903 0.2108921761 
37.9 6.026632388 0.2081299614 
37.95 6.036972109 0.2055537983 
38 6.047187835 0.2031758638 
38.05 6.057289747 0.2010057116 
38.1 6.067288441 0.1990503093 
38.15 6.077194798 0.1973140759 
38.2 6.087019855 0.1957989188 
38.25 6.096774681 0.1945042718 
38.3 6.106470259 0.1934271325 
38.35 6.116117357 0.1925621019 
38.4 6.125726417 0.191901424 
38.45 6.135307434 0.1914350302 
38.5 6.144869841 0.1911505858 
38.55 6.1544224 0.191033543 
38.6 6.163973089 0.1910672003 
38.65 6.173529001 0.1912327704 
38.7 6.183096235 0.191509458 
38.75 6.192679803 0.1918745496 
38.8 6.202283535 0.1923035163 
38.85 6.21190999 0.1927701316 
38.9 6.221560373 0.1932466054 
38.95 6.231234466 0.1937037355 
39 6.240930554 0.194111077 
39.05 6.250645375 0.1944371314 
39.1 6.260374064 0.1946495544 
39.15 6.270110123 0.1947153835 
39.2 6.279845394 0.1946012839 
39.25 6.289570044 0.1942738128 
39.3 6.29927257 0.1936997 
39.35 6.308939814 0.1928461433 
39.4 6.318556992 0.1916811162 
39.45 6.328107743 0.1901736849 
39.5 6.33757419 0.1882943324 
39.55 6.346937021 0.1860152848 
39.6 6.356175581 0.1833108358 
39.65 6.365267988 0.1801576671 
39.7 6.374191255 0.176535157 
39.75 6.382921436 0.1724256758 
39.8 6.391433782 0.1678148609 
39.85 6.399702912 0.162691868 
39.9 6.407702992 0.1570495945 
39.95 6.415407928 0.1508848694 
40 6.42279157 0.1441986072 
40.05 6.429827917 0.136995921 
40.1 6.436491327 0.1292861941 
40.15 6.442756738 0.1210831047 
40.2 6.448599877 0.1124046048 
40.25 6.453997475 0.1032728503 
40.3 6.458927474 0.09371408348 
40.35 6.463369229 0.08375846706 
40.4 6.467303699 0.07343987184 
40.45 6.470713625 0.06279561925 
40.5 6.473583698 0.05186618172 
40.55 6.475900705 0.04069484371 
40.6 6.477653665 0.02932732747 
40.65 6.478833939 0.01781138757 
40.7 6.47943532 0.006196379189 
40.75 6.479454104 -0.005467194837 
40.8 6.478889134 -0.01712815256 
40.85 6.477741824 -0.02873511144 
40.9 6.476016156 -0.04023697075 
40.95 6.473718654 -0.05158339207 
41 6.470858334 -0.06272527163 
41.05 6.46744663 -0.07361519874 
41.1 6.463497298 -0.08420789442 
41.15 6.459026302 -0.0944606248 
41.2 6.454051672 -0.1043335841 
41.25 6.448593352 -0.1137902426 
41.3 6.442673025 -0.1227976549 
41.35 6.436313929 -0.1313267253 
41.4 6.42954066 -0.1393524275 
41.45 6.422378957 -0.1468539757 
41.5 6.414855495 -0.1538149454 
41.55 6.406997656 -0.160223345 
41.6 6.398833315 -0.166071635 
41.65 6.390390608 -0.1713566992 
41.7 6.381697722 -0.1760797669 
41.75 6.372782672 -0.1802462893 
41.8 6.363673098 -0.1838657738 
41.85 6.354396065 -0.1869515786 
41.9 6.344977879 -0.1895206721 
41.95 6.335443908 -0.1915933628 
42 6.325818425 -0.1931930027 
42.05 6.316124466 -0.1943456703 
42.1 6.306383695 -0.1950798381 
42.15 6.2966163 -0.1954260305 
42.2 6.286840895 -0.1954164752 
42.25 6.277074443 -0.1950847548 
42.3 6.2673322 -0.194465462 
42.35 6.25762767 -0.1935938627 
42.4 6.247972583 -0.192505571 
42.45 6.238376881 -0.1912362382 
42.5 6.228848728 -0.18982126 
42.55 6.219394527 -0.1882955026 
42.6 6.210018954 -0.1866930497 
42.65 6.200725005 -0.1850469722 
42.7 6.191514049 -0.1833891201 
42.75 6.182385895 -0.181749937 
42.8 6.173338867 -0.1801582975 
42.85 6.164369889 -0.1786413657 
42.9 6.155474568 -0.1772244751 
42.95 6.146647292 -0.175931027 
43 6.137881329 -0.1747824071 
43.05 6.129168929 -0.1737979184 
43.1 6.12050143 -0.1729947279 
43.15 6.111869363 -0.1723878259 
43.2 6.103262569 -0.1719899955 
43.25 6.0946703 -0.1718117907 
43.3 6.08608134 -0.1718615214 
43.35 6.077484112 -0.1721452431 
43.4 6.068866794 -0.17266675 
43.45 6.060217429 -0.1734275702 
43.5 6.051524043 -0.1744269617 
43.55 6.042774753 -0.1756619078 
43.6 6.033957885 -0.1771271124 
43.65 6.025062089 -0.1788149924 
43.7 6.016076447 -0.1807156698 
43.75 6.006990595 -0.1828169615 
43.8 5.997794838 -0.1851043673 
43.85 5.98848026 -0.187561058 
43.9 5.979038847 -0.1901678632 
43.95 5.969463602 -0.1929032597 
44 5.959748664 -0.1957433638 
44.05 5.949889423 -0.1986619268 
44.1 5.939882642 -0.2016303367 
44.15 5.929726575 -0.2046176285 
44.2 5.919421079 -0.2075905044 
44.25 5.908967738 -0.2105133664 
44.3 5.898369971 -0.2133483644 
44.35 5.887633144 -0.2160554613 
44.4 5.876764681 -0.2185925179 
44.45 5.865774161 -0.2209154001 
44.5 5.854673421 -0.2229781095 
44.55 5.843476642 -0.2247329416 
44.6 5.832200429 -0.2261306699 
44.65 5.820863886 -0.2271207608 
44.7 5.809488671 -0.2276516175 
44.75 5.798099046 -0.2276708543 
44.8 5.786721911 -0.2271256019 
44.85 5.775386812 -0.2259628422 
44.9 5.764125951 -0.2241297711 
44.95 5.752974154 -0.221574189 
45 5.741968843 -0.2182449147 
45.05 5.731149962 -0.2140922221 
45.1 5.720559905 -0.2090682935 
45.15 5.710243399 -0.2031276881 
45.2 5.70024738 -0.1962278199 
45.25 5.690620835 -0.188329441 
45.3 5.681414624 -0.1793971253 
45.35 5.672681276 -0.1693997481 
45.4 5.664474764 -0.1583109556 
45.45 5.656850254 -0.1461096221 
45.5 5.649863831 -0.1327802865 
45.55 5.643572205 -0.1183135681 
45.6 5.638032401 -0.1027065543 
45.65 5.633301421 -0.08596315884 
45.7 5.629435898 -0.0680944461 
45.75 5.626491728 -0.04911891958 
45.8 5.624523695 -0.02906277103 
45.85 5.623585075 -0.007960088164 
45.9 5.623727242 0.0141469815 
45.95 5.624999261 0.03720811355 
46 5.627447472 0.06116473911 
46.05 5.631115084 0.08595003005 
46.1 5.636041755 0.111488941 
46.15 5.642263189 0.1376983129 
46.2 5.64981073 0.1644870424 
46.25 5.658710972 0.1917563248 
46.3 5.668985378 0.2193999753 
46.35 5.680649924 0.2473048362 
46.4 5.693714761 0.275351278 
46.45 5.708183901 0.3034137997 
46.5 5.724054945 0.3313617363 
46.55 5.74131884 0.3590600777 
46.6 5.759959688 0.3863704019 
46.65 5.779954595 0.413151925 
46.7 5.801273583 0.4392626645 
46.75 5.823879563 0.4645607103 
46.8 5.847728367 0.4889055947 
46.85 5.872768859 0.5121597452 
46.9 5.898943114 0.5341900028 
46.95 5.926186681 0.5548691814 
47 5.954428916 0.5740776395 
47.05 5.983593404 0.5917048343 
47.1 6.013598448 0.6076508224 
47.15 6.044357636 0.6218276711 
47.2 6.075780476 0.6341607446 
47.25 6.107773092 0.6445898288 
47.3 6.14023897 0.6530700632 
47.35 6.173079745 0.6595726507 
47.4 6.206196021 0.6640853238 
47.45 6.239488204 0.6666125503 
47.5 6.272857344 0.667175472 
47.55 6.306205959 0.665811575 
47.6 6.339438843 0.6625741009 
47.65 6.372463837 0.6575312152 
47.7 6.40519255 0.6507649551 
47.75 6.437541026 0.6423699863 
47.8 6.469430339 0.6324522032 
47.85 6.50078712 0.6211272077 
47.9 6.531544004 0.6085187062 
47.95 6.561639991 0.5947568617 
48 6.591020732 0.5799766388 
48.05 6.619638726 0.5643161749 
48.1 6.647453437 0.5479152074 
48.15 6.674431337 0.5309135838 
48.2 6.700545876 0.5134498752 
48.25 6.725777386 0.4956601096 
48.3 6.75011292 0.4776766358 
48.35 6.773546046 0.4596271257 
48.4 6.796076585 0.441633716 
48.45 6.817710319 0.4238122896 
48.5 6.838458661 0.4062718918 
48.55 6.858338297 0.3891142744 
48.6 6.877370816 0.3724335604 
48.65 6.895582319 0.3563160175 
48.7 6.91300302 0.3408399317 
48.75 6.92966685 0.3260755683 
48.8 6.945611052 0.3120852109 
48.85 6.960875785 0.2989232652 
48.9 6.975503733 0.2866364191 
48.95 6.989539724 0.2752638482 
49 7.003030359 0.2648374578 
49.05 7.016023657 0.2553821525 
49.1 7.028568712 0.2469161263 
49.15 7.040715361 0.2394511655 
49.2 7.052513875 0.2329929586 
49.25 7.064014661 0.2275414083 
49.3 7.075267982 0.2230909389 
49.35 7.086323686 0.2196307976 
49.4 7.097230959 0.2171453436 
49.45 7.108038086 0.2156143242 
49.5 7.118792229 0.2150131339 
49.55 7.129539212 0.2153130564 
49.6 7.140323323 0.2164814866 
49.65 7.151187126 0.2184821333 
49.7 7.16217128 0.2212752021 
49.75 7.17331437 0.2248175587 
49.8 7.184652742 0.2290628737 
49.85 7.196220346 0.2339617507 
49.9 7.208048589 0.2394618394 
49.95 7.220166186 0.2455079361 
50 7.232599024 0.2520420746 
