0.05 0.004996667773 0.09987503381 
0.1 0.009988326334 0.0997993924 
0.15 0.0149773954 0.09977100211 
0.2 0.01996615918 0.0997865185 
0.25 0.02495670317 0.09984133921 
0.3 0.02995085162 0.09992962018 
0.35 0.03495010592 0.1000442953 
0.4 0.03995558413 0.1001771004 
0.45 0.04496796169 0.1003186017 
0.5 0.04998741384 0.1004582292 
0.55 0.0550135597 0.1005843173 
0.6 0.06004540868 0.1006841501 
0.65 0.06508130926 0.1007440165 
0.7 0.07011890075 0.1007492716 
0.75 0.07515506833 0.1006844079 
0.8 0.08018590191 0.1005331366 
0.85 0.08520665928 0.1002784781 
0.9 0.09021173412 0.09990286401 
0.95 0.09519462926 0.09938825051 
1 0.1001479361 0.09871624241 
1.05 0.1050633201 0.09786822941 
1.1 0.1099315142 0.09682553342 
1.15 0.1147423187 0.09556956704 
1.2 0.1194846105 0.09408200253 
1.25 0.1241463603 0.09234495043 
1.3 0.128714659 0.09034114677 
1.35 0.1331757542 0.08805414756 
1.4 0.1375150958 0.08546852887 
1.45 0.1417173922 0.08257009073 
1.5 0.145766677 0.07934606265 
1.55 0.1496463849 0.07578530851 
1.6 0.153339439 0.07187852811 
1.65 0.1568283476 0.06761845287 
1.7 0.1600953099 0.06300003265 
1.75 0.163122332 0.05802061079 
1.8 0.1658913503 0.05268008441 
1.85 0.1683843629 0.04698104686 
1.9 0.1705835675 0.04092890946 
1.95 0.1724715051 0.0345319997 
2 0.1740312073 0.02780163309 
2.05 0.1752463473 0.02075215638 
2.1 0.1761013918 0.0134009599 
2.15 0.1765817524 0.005768457143 
2.2 0.1766739363 -0.002121969837 
2.25 0.1763656921 -0.01024406018 
2.3 0.1756461507 -0.01856879981 
2.35 0.1745059594 -0.02706458285 
2.4 0.1729374066 -0.03569740844 
2.45 0.1709345357 -0.04443111187 
2.5 0.1684932472 -0.05322762857 
2.55 0.1656113862 -0.06204728877 
2.6 0.1622888145 -0.07084914008 
2.65 0.1585274668 -0.07959129486 
2.7 0.1543313876 -0.08823129857 
2.75 0.1497067504 -0.09672651497 
2.8 0.144661857 -0.1050345234 
2.85 0.139207116 -0.1131135234 
2.9 0.1333550025 -0.1209227409 
2.95 0.1271199959 -0.1284228312 
3 0.1205184991 -0.1355762727 
3.05 0.1135687373 -0.1423477455 
3.1 0.1062906395 -0.1487044901 
3.15 0.09870570132 -0.1546166405 
3.2 0.0908368332 -0.1600575264 
3.25 0.08270819344 -0.1650039408 
3.3 0.07434500932 -0.1694363675 
3.35 0.06577338766 -0.1733391676 
3.4 0.05702011733 -0.1767007186 
3.45 0.04811246582 -0.1795135086 
3.5 0.03907797245 -0.1817741798 
3.55 0.02994424055 -0.1834835254 
3.6 0.02073873101 -0.184646437 
3.65 0.01148855963 -0.1852718061 
3.7 0.002220300556 -0.1853723805 
3.75 -0.007040202122 -0.1849645797 
3.8 -0.01626801249 -0.1840682719 
3.85 -0.02543926898 -0.1827065172 
3.9 -0.03453133692 -0.1809052818 
3.95 -0.0435229462 -0.1786931278 
4 -0.05239431287 -0.1761008839 
4.05 -0.06112724395 -0.1731613027 
4.1 -0.0697052249 -0.1699087092 
4.15 -0.07811348932 -0.1663786464 
4.2 -0.08633907111 -0.1626075229 
4.25 -0.09437083895 -0.1586322666 
4.3 -0.1021995139 -0.1544899898 
4.35 -0.1098176706 -0.1502176682 
4.4 -0.1172197227 -0.1458518391 
4.45 -0.1244018936 -0.1414283196 
4.5 -0.1313621745 -0.1369819483 
4.55 -0.138100269 -0.1325463523 
4.6 -0.1446175273 -0.1281537402 
4.65 -0.1509168709 -0.1238347215 
4.7 -0.1570027084 -0.1196181539 
4.75 -0.1628808449 -0.1155310168 
4.8 -0.1685583854 -0.1115983106 
4.85 -0.1740436338 -0.1078429818 
4.9 -0.1793459888 -0.1042858708 
4.95 -0.1844758379 -0.100945682 
5 -0.18944445 -0.0978389741 
5.05 -0.1942638686 -0.09498016775 
5.1 -0.1989468051 -0.09238156931 
5.15 -0.2035065343 -0.09005340807 
5.2 -0.2079567913 -0.08800388451 
5.25 -0.2123116719 -0.08623922764 
5.3 -0.2165855352 -0.08476375884 
5.35 -0.2207929103 -0.08357996045 
5.4 -0.2249484056 -0.08268854674 
5.45 -0.2290666228 -0.08208853553 
5.5 -0.2331620735 -0.08177731882 
5.55 -0.2372490995 -0.08175073064 
5.6 -0.241341797 -0.08200311097 
5.65 -0.2454539428 -0.08252736451 
5.7 -0.2495989242 -0.08331501333 
5.75 -0.2537896713 -0.08435624266 
5.8 -0.2580385905 -0.08563993944 
5.85 -0.2623575009 -0.0871537232 
5.9 -0.2667575713 -0.08888396926 
5.95 -0.2712492587 -0.09081582449 
6 -0.2758422468 -0.09293321587 
6.05 -0.2805453852 -0.09521885255 
6.1 -0.2853666285 -0.09765422211 
6.15 -0.2903129748 -0.1002195821 
6.2 -0.2953904043 -0.1028939477 
6.25 -0.3006038165 -0.1056550779 
6.3 -0.3059569671 -0.1084794595 
6.35 -0.3114524042 -0.1113422936 
6.4 -0.3170914033 -0.1142174834 
6.45 -0.3228739027 -0.1170776272 
6.5 -0.3287984378 -0.1198940178 
6.55 -0.3348620761 -0.1226366501 
6.6 -0.341060353 -0.1252742395 
6.65 -0.347387208 -0.1277742531 
6.7 -0.3538349239 -0.1301029546 
6.75 -0.3603940678 -0.1322254669 
6.8 -0.3670534359 -0.1341058524 
6.85 -0.3738000033 -0.1357072134 
6.9 -0.3806188785 -0.1369918142 
6.95 -0.3874932653 -0.1379212258 
7 -0.3944044323 -0.138456495 
7.05 -0.4013316911 -0.1385583368 
7.1 -0.4082523855 -0.1381873524 
7.15 -0.4151418912 -0.1373042721 
7.2 -0.4219736293 -0.135870221 
7.25 -0.4287190932 -0.1338470094 
7.3 -0.43534789 -0.1311974441 
7.35 -0.4418277993 -0.1278856602 
7.4 -0.4481248477 -0.12387747 
7.45 -0.4542034019 -0.1191407277 
7.5 -0.4600262802 -0.1136457054 
7.55 -0.4655548831 -0.1073654777 
7.6 -0.4707493428 -0.1002763112 
7.65 -0.4755686929 -0.09235805396 
7.7 -0.4799710568 -0.08359452176 
7.75 -0.483913856 -0.07397387595 
7.8 -0.4873540363 -0.06348898842 
7.85 -0.490248312 -0.05213778915 
7.9 -0.4925534273 -0.0399235917 
7.95 -0.4942264329 -0.02685539181 
8 -0.4952249772 -0.01294813466 
8.05 -0.495507609 0.001777053694 
8.1 -0.4950340926 0.01729267538 
8.15 -0.4937657291 0.0335647143 
8.2 -0.4916656859 0.05055253871 
8.25 -0.4886993283 0.06820885688 
8.3 -0.4848345523 0.08647972983 
8.35 -0.4800421161 0.1053046451 
8.4 -0.4742959646 0.1246166553 
8.45 -0.4675735471 0.1443425853 
8.5 -0.4598561217 0.1644033105 
8.55 -0.4511290441 0.1847141106 
8.6 -0.4413820373 0.2051851 
8.65 -0.430609437 0.2257217367 
8.7 -0.4188104106 0.2462254118 
8.75 -0.4059891436 0.2665941177 
8.8 -0.3921549917 0.2867231951 
8.85 -0.3773225926 0.3065061544 
8.9 -0.3615119361 0.3258355674 
8.95 -0.3447483868 0.3446040219 
9 -0.3270626589 0.3627051314 
9.05 -0.3084907381 0.3800345864 
9.1 -0.2890737515 0.3964912365 
9.15 -0.2688577817 0.4119781859 
9.2 -0.2478936269 0.4264038854 
9.25 -0.2262365069 0.4396832025 
9.3 -0.2039457161 0.4517384481 
9.35 -0.181084227 0.4625003413 
9.4 -0.1577182474 0.4719088898 
9.45 -0.1339167362 0.4799141671 
9.5 -0.1097508827 0.4864769687 
9.55 -0.08529355771 0.4915693306 
9.6 -0.06061874086 0.4951748978 
9.65 -0.03580093479 0.4972891323 
9.7 -0.01091457235 0.4979193563 
9.75 0.013966574 0.4970846276 
9.8 0.03876997238 0.494815451 
9.85 0.06342489334 0.4911533315 
9.9 0.0878629456 0.4861501813 
9.95 0.1120185788 0.4798675938 
10 0.1358295471 0.472376002 
10.05 0.1592373276 0.4637537405 
10.1 0.182187491 0.4540860321 
10.15 0.204630019 0.4434639211 
10.2 0.2265195684 0.4319831732 
10.25 0.2478156789 0.4197431659 
10.3 0.2684829266 0.4068457856 
10.35 0.2884910221 0.3933943537 
10.4 0.3078148562 0.3794925932 
10.45 0.3264344956 0.3652436537 
10.5 0.3443351309 0.3507492028 
10.55 0.3615069817 0.3361085948 
10.6 0.3779451617 0.3214181214 
10.65 0.3936495086 0.3067703496 
10.7 0.408624383 0.2922535473 
10.75 0.4228784413 0.2779511982 
10.8 0.4364243861 0.2639416027 
10.85 0.4492786985 0.2502975625 
10.9 0.4614613572 0.2370861447 
10.95 0.4729955474 0.2243685208 
11 0.4839073634 0.2121998733 
11.05 0.4942255083 0.2006293663 
11.1 0.5039809931 0.1897001713 
11.15 0.5132068393 0.1794495432 
11.2 0.5219377855 0.1699089396 
11.25 0.5302100015 0.1611041773 
11.3 0.5380608106 0.1530556187 
11.35 0.5455284225 0.1457783836 
11.4 0.5526516764 0.1392825803 
11.45 0.5594697968 0.1335735493 
11.5 0.5660221612 0.1286521171 
11.55 0.5723480809 0.1245148525 
11.6 0.5784865948 0.1211543243 
11.65 0.5844762752 0.1185593534 
11.7 0.590355047 0.1167152585 
11.75 0.5961600186 0.1156040904 
11.8 0.6019273236 0.1152048534 
11.85 0.6076919741 0.1154937119 
11.9 0.6134877233 0.116444179 
11.95 0.6193469376 0.1180272873 
12 0.6253004759 0.1202117405 
12.05 0.6313775772 0.1229640455 
12.1 0.637605753 0.126248625 
12.15 0.6440106861 0.1300279113 
12.2 0.6506161324 0.1342624213 
12.25 0.6574438275 0.1389108165 
12.3 0.6645133941 0.1439299462 
12.35 0.6718422533 0.1492748793 
12.4 0.6794455351 0.1548989251 
12.45 0.6873359916 0.1607536464 
12.5 0.6955239093 0.1667888687 
12.55 0.7040170229 0.172952687 
12.6 0.7128204287 0.1791914759 
12.65 0.721936499 0.1854499048 
12.7 0.7313647975 0.1916709617 
12.75 0.7411019959 0.197795991 
12.8 0.7511417932 0.2037647467 
12.85 0.7614748377 0.2095154657 
12.9 0.7720886537 0.2149849632 
12.95 0.7829675731 0.2201087541 
13 0.7940926742 0.2248212017 
13.05 0.805441728 0.2290556958 
13.1 0.8169891554 0.2327448621 
13.15 0.8287059941 0.2358208023 
13.2 0.8405598794 0.238215366 
13.25 0.8525150392 0.2398604526 
13.3 0.8645323043 0.2406883427 
13.35 0.8765691365 0.2406320558 
13.4 0.8885796749 0.2396257324 
13.45 0.9005148022 0.2376050359 
13.5 0.9123222307 0.2345075708 
13.55 0.9239466107 0.2302733131 
13.6 0.9353296595 0.2248450471 
13.65 0.9464103131 0.2181688048 
13.7 0.9571248992 0.2101943024 
13.75 0.9674073327 0.2008753698 
13.8 0.9771893313 0.1901703682 
13.85 0.9864006526 0.178042594 
13.9 0.9949693504 0.1644606638 
13.95 1.00282205 0.1493988812 
14 1.009884242 0.1328375826 
14.05 1.016080589 0.1147634634 
14.1 1.021335258 0.0951698853 
14.15 1.025572253 0.07405716741 
14.2 1.028715776 0.05143286319 
14.25 1.030690591 0.02731202801 
14.3 1.031422411 0.001717480629 
14.35 1.030838285 -0.02531993712 
14.4 1.028867014 -0.05376109892 
14.45 1.025439567 -0.08355832771 
14.5 1.020489515 -0.1146551231 
14.55 1.013953481 -0.1469858824 
14.6 1.005771603 -0.1804756177 
14.65 0.9958880064 -0.2150396731 
14.7 0.9842512989 -0.2505834518 
14.75 0.970815071 -0.2870021624 
14.8 0.9555384124 -0.3241806006 
14.85 0.9383864371 -0.3619929855 
14.9 0.9193308142 -0.4003028713 
14.95 0.8983503021 -0.4389631621 
15 0.8754312772 -0.4778162575 
15.05 0.8505682527 -0.5166943588 
15.1 0.8237643767 -0.5554199689 
15.15 0.7950319 -0.5938066153 
15.2 0.7643926017 -0.631659824 
15.25 0.7318781592 -0.6687783702 
15.3 0.6975304485 -0.7049558198 
15.35 0.6614017596 -0.7399823726 
15.4 0.6235549128 -0.7736470028 
15.45 0.5840632603 -0.8057398815 
15.5 0.5430105607 -0.8360550498 
15.55 0.5004907141 -0.8643932992 
15.6 0.4566073495 -0.8905651957 
15.65 0.4114732585 -0.9143941756 
15.7 0.3652096752 -0.9357196253 
15.75 0.3179454032 -0.9543998498 
15.8 0.2698157998 -0.9703148317 
15.85 0.2209616295 -0.9833686815 
15.9 0.1715278043 -0.9934916864 
15.95 0.1216620338 -1.000641877 
16 0.07151341 -1.004806045 
16.05 0.02123095611 -1.006000175 
16.1 -0.02903783111 -1.004269255 
16.15 -0.0791484142 -0.9996864881 
16.2 -0.1289605937 -0.9923519171 
16.25 -0.1783398047 -0.9823905247 
16.3 -0.2271583067 -0.9699498742 
16.35 -0.2752962453 -0.9551973779 
16.4 -0.3226425712 -0.9383172899 
16.45 -0.3690958024 -0.9195075223 
16.5 -0.414564626 -0.898976385 
16.55 -0.4589683372 -0.8769393429 
16.6 -0.5022371171 -0.8536158755 
16.65 -0.5443121593 -0.8292265115 
16.7 -0.5851456524 -0.8039900952 
16.75 -0.6247006332 -0.7781213297 
16.8 -0.6629507247 -0.751828623 
16.85 -0.6998797741 -0.7253122532 
16.9 -0.7354814069 -0.6987628523 
16.95 -0.7697585134 -0.6723602022 
17 -0.8027226821 -0.6462723235 
17.05 -0.8343935948 -0.6206548351 
17.1 -0.8647983952 -0.5956505564 
17.15 -0.8939710439 -0.5713893219 
17.2 -0.9219516683 -0.5479879778 
17.25 -0.9487859159 -0.5255505299 
17.3 -0.9745243191 -0.5041684142 
17.35 -0.9992216754 -0.4839208634 
17.4 -1.022936448 -0.4648753457 
17.45 -1.045730188 -0.4470880537 
17.5 -1.067666988 -0.4306044275 
17.55 -1.088812953 -0.4154596937 
17.6 -1.109235705 -0.4016794107 
17.65 -1.129003915 -0.3892800079 
17.7 -1.148186857 -0.3782693129 
17.75 -1.166853992 -0.3686470592 
17.8 -1.185074577 -0.3604053721 
17.85 -1.202917293 -0.3535292274 
17.9 -1.220449901 -0.3479968848 
17.95 -1.237738915 -0.3437802923 
18 -1.254849297 -0.3408454642 
18.05 -1.271844169 -0.3391528329 
18.1 -1.28878454 -0.3386575754 
18.15 -1.305729056 -0.339309919 
18.2 -1.322733755 -0.3410554261 
18.25 -1.33985184 -0.3438352632 
18.3 -1.357133473 -0.3475864566 
18.35 -1.374625563 -0.3522421386 
18.4 -1.392371589 -0.3577317886 
18.45 -1.410411412 -0.3639814731 
18.5 -1.42878112 -0.3709140883 
18.55 -1.447512871 -0.3784496111 
18.6 -1.466634753 -0.3865053619 
18.65 -1.486170661 -0.3949962838 
18.7 -1.506140184 -0.4038352419 
18.75 -1.526558506 -0.4129333475 
18.8 -1.547436333 -0.4222003084 
18.85 -1.568779829 -0.43154481 
18.9 -1.590590575 -0.4408749262 
18.95 -1.612865547 -0.4500985631 
19 -1.635597126 -0.4591239334 
19.05 -1.658773119 -0.4678600589 
19.1 -1.682376816 -0.4762173005 
19.15 -1.70638707 -0.4841079081 
19.2 -1.730778406 -0.4914465858 
19.25 -1.755521156 -0.4981510653 
19.3 -1.780581628 -0.5041426774 
19.35 -1.805922298 -0.5093469135 
19.4 -1.83150203 -0.5136939656 
19.45 -1.857276327 -0.5171192342 
19.5 -1.883197604 -0.5195637923 
19.55 -1.909215476 -0.5209747957 
19.6 -1.935277079 -0.5213058277 
19.65 -1.961327393 -0.5205171692 
19.7 -1.987309582 -0.5185759871 
19.75 -2.013165347 -0.5154564322 
19.8 -2.038835267 -0.5111396443 
19.85 -2.064259154 -0.5056136604 
19.9 -2.089376388 -0.4988732266 
19.95 -2.114126251 -0.4909195152 
20 -2.138448235 -0.4817597522 
20.05 -2.162282336 -0.4714067606 
20.1 -2.185569319 -0.4598784287 
20.15 -2.20825096 -0.4471971128 
20.2 -2.230270248 -0.4333889867 
20.25 -2.251571565 -0.4184833479 
20.3 -2.272100819 -0.402511897 
20.35 -2.291805547 -0.3855079991 
20.4 -2.310634983 -0.367505944 
20.45 -2.328540082 -0.3485402148 
20.5 -2.345473511 -0.3286447782 
20.55 -2.361389612 -0.3078524057 
20.6 -2.376244321 -0.2861940378 
20.65 -2.389995061 -0.2636981968 
20.7 -2.402600612 -0.240390457 
20.75 -2.414020948 -0.2162929783 
20.8 -2.424217057 -0.1914241071 
20.85 -2.433150742 -0.1657980492 
20.9 -2.440784409 -0.1394246173 
20.95 -2.447080839 -0.1123090543 
21 -2.452002959 -0.08445193557 
21.05 -2.455513609 -0.05584915031 
21.1 -2.457575305 -0.02649196316 
21.15 -2.458150015 0.00363284286 
21.2 -2.457198939 0.03454274101 
21.25 -2.454682303 0.0662591518 
21.3 -2.450559169 0.09880704856 
21.35 -2.444787275 0.1322144755 
21.4 -2.43732289 0.1665119755 
21.45 -2.428120705 0.2017319256 
21.5 -2.417133767 0.237907775 
21.55 -2.404313436 0.2750731843 
21.6 -2.389609407 0.3132610614 
21.65 -2.37296977 0.352502491 
21.7 -2.354341129 0.3928255563 
21.75 -2.333668788 0.4342540511 
21.8 -2.310896995 0.4768060849 
21.85 -2.285969267 0.5204925832 
21.9 -2.258828787 0.5653156924 
21.95 -2.229418885 0.611267101 
22 -2.197683605 0.6583262951 
22.05 -2.163568358 0.7064587741 
22.1 -2.127020667 0.7556142604 
22.15 -2.087990999 0.8057249446 
22.2 -2.046433688 0.8567038219 
22.25 -2.002307928 0.9084431805 
22.3 -1.955578842 0.9608133191 
22.35 -1.906218611 1.013661577 
22.4 -1.854207635 1.06681177 
22.45 -1.799535715 1.12006413 
22.5 -1.742203218 1.17319585 
22.55 -1.682222203 1.22596233 
22.6 -1.619617466 1.278099199 
22.65 -1.554427455 1.3293252 
22.7 -1.486705028 1.379345947 
22.75 -1.416517994 1.427858579 
22.8 -1.343949405 1.474557246 
22.85 -1.269097553 1.519139345 
22.9 -1.192075636 1.561312343 
22.95 -1.113011077 1.600800984 
23 -1.032044478 1.637354636 
23.05 -0.9493282063 1.670754453 
23.1 -0.8650246361 1.700820078 
23.15 -0.7793040722 1.727415526 
23.2 -0.6923424071 1.750453968 
23.25 -0.6043185711 1.769901161 
23.3 -0.5154118504 1.785777298 
23.35 -0.4257991527 1.798157193 
23.4 -0.3356523084 1.807168745 
23.45 -0.2451354887 1.812989756 
23.5 -0.154402822 1.815843236 
23.55 -0.06359627824 1.815991434 
23.6 0.02715612239 1.813728853 
23.65 0.117741732 1.809374566 
23.7 0.208064303 1.803264156 
23.75 0.2980446102 1.795741591 
23.8 0.387620671 1.787151319 
23.85 0.4767475806 1.777830818 
23.9 0.5653969911 1.768103812 
23.95 0.6535562702 1.75827428 
24 0.7412273825 1.748621346 
24.05 0.8284255389 1.739395111 
24.1 0.91517766 1.730813414 
24.15 1.001520702 1.723059496 
24.2 1.087499885 1.71628054 
24.25 1.173166871 1.710586993 
24.3 1.258577929 1.70605264 
24.35 1.34379211 1.702715331 
24.4 1.42886949 1.70057832 
24.45 1.513869477 1.699612146 
24.5 1.598849241 1.699757016 
24.55 1.683862258 1.700925632 
24.6 1.768957021 1.703006431 
24.65 1.854175912 1.705867192 
24.7 1.939554266 1.709358971 
24.75 2.025119641 1.71332031 
24.8 2.1108913 1.71758167 
24.85 2.196879924 1.721970016 
24.9 2.28308755 1.72631348 
24.95 2.369507749 1.730446009 
25 2.45612603 1.734211891 
25.05 2.542920464 1.73747007 
25.1 2.629862519 1.740098109 
25.15 2.716918083 1.741995712 
25.2 2.804048644 1.743087691 
25.25 2.891212609 1.743326285 
25.3 2.978366716 1.742692756 
25.35 3.065467513 1.741198213 
25.4 3.152472849 1.73888363 
25.45 3.239343357 1.735819069 
25.5 3.326043865 1.732102123 
25.55 3.412544728 1.727855639 
25.6 3.49882301 1.723224797 
25.65 3.584863525 1.718373633 
25.7 3.670659676 1.7134811 
25.75 3.756214101 1.708736788 
25.8 3.841539086 1.704336402 
25.85 3.926656761 1.700477096 
25.9 4.011599051 1.697352758 
25.95 4.096407394 1.695149324 
26 4.181132233 1.694040191 
26.05 4.265832273 1.694181773 
26.1 4.350573526 1.695709265 
26.15 4.435428151 1.698732619 
26.2 4.520473091 1.703332799 
26.25 4.605788544 1.709558319 
26.3 4.691456254 1.717422122 
26.35 4.777557666 1.726898832 
26.4 4.864171949 1.737922451 
26.45 4.951373917 1.750384561 
26.5 5.039231877 1.764133142 
26.55 5.127805435 1.778972089 
26.6 5.217143292 1.794661573 
26.65 5.307281092 1.810919349 
26.7 5.398239353 1.827423154 
26.75 5.490021552 1.843814292 
26.8 5.582612417 1.859702496 
26.85 5.675976503 1.87467211 
26.9 5.770057098 1.888289565 
26.95 5.864775542 1.900112073 
27 5.960031008 1.909697347 
27.05 6.055700784 1.91661411 
27.1 6.151641095 1.92045302 
27.15 6.247688479 1.920837622 
27.2 6.343661692 1.917434827 
27.25 6.439364121 1.909964448 
27.3 6.534586638 1.898207292 
27.35 6.629110815 1.882011407 
27.4 6.722712397 1.861296118 
27.45 6.815164917 1.836053668 
27.5 6.906243329 1.806348357 
27.55 6.99572754 1.77231328 
27.6 7.083405723 1.734144868 
27.65 7.169077307 1.69209557 
27.7 7.252555564 1.646465102 
27.75 7.33366973 1.59759075 
27.8 7.412266638 1.545837221 
27.85 7.488211825 1.491586514 
27.9 7.561390162 1.435228225 
27.95 7.631705998 1.377150644 
28 7.699082901 1.317732904 
28.05 7.763463023 1.257338331 
28.1 7.824806174 1.196309103 
28.15 7.883088658 1.134962209 
28.2 7.938301938 1.073586661 
28.25 7.99045119 1.012441849 
28.3 8.039553808 0.9517569153 
28.35 8.085637885 0.8917309947 
28.4 8.128740744 0.8325341566 
28.45 8.168907511 0.7743089072 
28.5 8.206189791 0.7171721031 
28.55 8.240644433 0.6612171498 
28.6 8.272332421 0.6065163739 
28.65 8.301317878 0.5531234767 
28.7 8.3276672 0.5010759926 
28.75 8.351448304 0.450397692 
28.8 8.372729999 0.4011008844 
28.85 8.391581471 0.3531885878 
28.9 8.408071864 0.3066565411 
28.95 8.422269968 0.2614950453 
29 8.434243987 0.2176906251 
29.05 8.444061385 0.1752275087 
29.1 8.451788812 0.1340889248 
29.15 8.457492074 0.09425822174 
29.2 8.461236169 0.05571981288 
29.25 8.463085361 0.01845995457 
29.3 8.463103283 -0.01753263625 
29.35 8.461353076 -0.05226631754 
29.4 8.457897544 -0.08574620335 
29.45 8.452799321 -0.1179739828 
29.5 8.446121041 -0.148947869 
29.55 8.437925515 -0.1786626703 
29.6 8.428275896 -0.207109974 
29.65 8.417235829 -0.2342784355 
29.7 8.404869596 -0.2601541614 
29.75 8.391242223 -0.2847211776 
29.8 8.37641958 -0.30796197 
29.85 8.360468437 -0.3298580876 
29.9 8.343456495 -0.3503907926 
29.95 8.325452387 -0.3695417472 
30 8.306525637 -0.3872937194 
30.05 8.286746589 -0.4036312961 
30.1 8.266186297 -0.4185415869 
30.15 8.244916383 -0.4320149046 
30.2 8.223008857 -0.4440454077 
30.25 8.200535915 -0.4546316928 
30.3 8.177569702 -0.4637773222 
30.35 8.154182048 -0.4714912787 
30.4 8.130444193 -0.4777883364 
30.45 8.106426486 -0.4826893427 
30.5 8.082198079 -0.4862214052 
30.55 8.057826608 -0.4884179829 
30.6 8.03337788 -0.4893188811 
30.65 8.008915552 -0.488970153 
30.7 7.984500827 -0.4874239131 
30.75 7.960192157 -0.4847380694 
30.8 7.936044961 -0.4809759826 
30.85 7.91211136 -0.4762060624 
30.9 7.888439938 -0.4705013123 
30.95 7.865075526 -0.4639388337 
31 7.842059008 -0.456599301 
31.05 7.819427154 -0.4485664197 
31.1 7.797212487 -0.4399263772 
31.15 7.775443168 -0.4307672972 
31.2 7.754142916 -0.4211787056 
31.25 7.733330949 -0.411251016 
31.3 7.713021953 -0.4010750408 
31.35 7.69322607 -0.3907415321 
31.4 7.67394892 -0.3803407558 
31.45 7.655191625 -0.3699621005 
31.5 7.636950871 -0.3596937218 
31.55 7.619218971 -0.3496222213 
31.6 7.601983953 -0.339832358 
31.65 7.585229662 -0.3304067894 
31.7 7.568935862 -0.3214258405 
31.75 7.553078369 -0.3129672941 
31.8 7.537629174 -0.3051062006 
31.85 7.522556587 -0.2979147018 
31.9 7.50782539 -0.2914618643 
31.95 7.49339699 -0.285813518 
32 7.479229587 -0.2810320959 
32.05 7.465278348 -0.2771764708 
32.1 7.451495589 -0.2743017857 
32.15 7.437830964 -0.2724592735 
32.2 7.42423167 -0.2716960651 
32.25 7.410642652 -0.2720549811 
32.3 7.397006828 -0.2735743069 
32.35 7.383265319 -0.2762875486 
32.4 7.369357697 -0.2802231691 
32.45 7.35522224 -0.2854043034 
32.5 7.340796212 -0.291848453 
32.55 7.326016147 -0.2995671603 
32.6 7.310818161 -0.3085656624 
32.65 7.29513827 -0.3188425282 
32.7 7.278912738 -0.3303892786 
32.75 7.262078437 -0.3431899945 
32.8 7.244573229 -0.357220916 
32.85 7.226336369 -0.3724500379 
32.9 7.207308926 -0.3888367081 
32.95 7.187434226 -0.4063312361 
33 7.166658315 -0.4248745214 
33.05 7.144930435 -0.4443977122 
33.1 7.12220352 -0.4648219079 
33.15 7.098434706 -0.4860579191 
33.2 7.07358585 -0.508006102 
33.25 7.047624055 -0.5305562845 
33.3 7.020522192 -0.5535878046 
33.35 6.992259428 -0.5769696796 
33.4 6.962821728 -0.6005609285 
33.45 6.932202347 -0.6242110665 
33.5 6.900402289 -0.6477607917 
33.55 6.867430724 -0.6710428786 
33.6 6.833305359 -0.6938832939 
33.65 6.798052745 -0.71610254 
33.7 6.761708514 -0.7375172282 
33.75 6.724317524 -0.7579418763 
33.8 6.685933923 -0.777190914 
33.85 6.64662109 -0.7950808733 
33.9 6.606451478 -0.8114327286 
33.95 6.56550633 -0.8260743416 
34 6.523875272 -0.8388429604 
34.05 6.481655779 -0.8495877094 
34.1 6.438952524 -0.8581720052 
34.15 6.395876603 -0.8644758295 
34.2 6.352544657 -0.8683977886 
34.25 6.309077892 -0.8698568954 
34.3 6.265601022 -0.8687940139 
34.35 6.222241149 -0.865172918 
34.4 6.1791266 -0.8589809284 
34.45 6.136385742 -0.8502291062 
34.5 6.094145799 -0.8389519987 
34.55 6.052531695 -0.8252069481 
34.6 6.011664938 -0.8090729902 
34.65 5.971662574 -0.7906493836 
34.7 5.932636215 -0.7700538231 
34.75 5.89469117 -0.7474203969 
34.8 5.857925681 -0.7228973549 
34.85 5.82243027 -0.6966447571 
34.9 5.788287214 -0.6688320669 
34.95 5.75557013 -0.6396357553 
35 5.724343684 -0.609236969 
35.05 5.694663416 -0.5778193127 
35.1 5.666575668 -0.545566783 
35.15 5.64011761 -0.5126618824 
35.2 5.615317361 -0.4792839329 
35.25 5.592194186 -0.4456075995 
35.3 5.570758757 -0.4118016237 
35.35 5.551013483 -0.3780277642 
35.4 5.532952874 -0.3444399323 
35.45 5.516563959 -0.3111835096 
35.5 5.501826721 -0.2783948288 
35.55 5.488714558 -0.2462008002 
35.6 5.477194768 -0.2147186652 
35.65 5.467229029 -0.184055857 
35.7 5.458773893 -0.1543099531 
35.75 5.451781282 -0.1255687026 
35.8 5.446198971 -0.09791011565 
35.85 5.441971078 -0.07140260353 
35.9 5.439038535 -0.04610515981 
35.95 5.437339557 -0.02206757586 
36 5.436810093 0.0006693149152 
36.05 5.437384268 0.02207336792 
36.1 5.438994813 0.04212083583 
36.15 5.441573475 0.06079605627 
36.2 5.44505141 0.07809111973 
36.25 5.44935957 0.09400551825 
36.3 5.454429055 0.1085457755 
36.35 5.46019146 0.1217250592 
36.4 5.466579196 0.1335627756 
36.45 5.473525794 0.1440841497 
36.5 5.480966179 0.1533197909 
36.55 5.488836933 0.1613052469 
36.6 5.497076531 0.1680805505 
36.65 5.50562555 0.1736897598 
36.7 5.514426863 0.178180498 
36.75 5.523425803 0.1816034952 
36.8 5.532570305 0.1840121377 
36.85 5.541811036 0.1854620266 
36.9 5.551101484 0.1860105531 
36.95 5.560398047 0.185716491 
37 5.569660086 0.1846396116 
37.05 5.578849968 0.1828403241 
37.1 5.58793309 0.1803793434 
37.15 5.596877886 0.177317387 
37.2 5.605655821 0.1737149034 
37.25 5.614241367 0.1696318316 
37.3 5.622611982 0.1651273931 
37.35 5.630748057 0.1602599145 
37.4 5.638632878 0.1550866809 
37.45 5.646252565 0.149663818 
37.5 5.653596015 0.1440462008 
37.55 5.660654833 0.1382873877 
37.6 5.667423271 0.1324395754 
37.65 5.673898155 0.1265535734 
37.7 5.680078817 0.1206787938 
37.75 5.685967023 0.1148632542 
37.8 5.691566907 0.1091535889 
37.85 5.696884902 0.1035950667 
37.9 5.701929666 0.09823161047 
37.95 5.706712024 0.09310581633 
38 5.711244898 0.08825896892 
38.05 5.715543238 0.08373104976 
38.1 5.719623963 0.07956073619 
38.15 5.723505895 0.0757853884 
38.2 5.727209686 0.07244102246 
38.25 5.730757758 0.06956226732 
38.3 5.734174227 0.06718230451 
38.35 5.737484831 0.0653327892 
38.4 5.740716848 0.06404375189 
38.45 5.74389902 0.06334348042 
38.5 5.747061451 0.06325838212 
38.55 5.750235519 0.06381282664 
38.6 5.753453764 0.06502897022 
38.65 5.756749775 0.06692656251 
38.7 5.760158065 0.06952273774 
38.75 5.763713932 0.07283179206 
38.8 5.767453315 0.07686494947 
38.85 5.77141263 0.08163011926 
38.9 5.775628602 0.08713164781 
38.95 5.78013808 0.09337006848 
39 5.784977835 0.1003418532 
39.05 5.790184361 0.10803917 
39.1 5.795793642 0.1164496506 
39.15 5.80184093 0.125556173 
39.2 5.808360496 0.1353366637 
39.25 5.81538538 0.1457639245 
39.3 5.822947131 0.1568054897 
39.35 5.831075541 0.1684235178 
39.4 5.839798374 0.1805747246 
39.45 5.849141092 0.193210361 
39.5 5.859126585 0.2062762436 
39.55 5.869774899 0.2197128397 
39.6 5.881102972 0.2334554149 
39.65 5.893124381 0.2474342448 
39.7 5.905849097 0.2615748966 
39.75 5.919283258 0.2757985825 
39.8 5.933428963 0.2900225872 
39.85 5.948284088 0.3041607715 
39.9 5.963842128 0.31812415 
39.95 5.980092071 0.331821543 
40 5.997018305 0.3451602977 
40.05 6.014600567 0.3580470747 
40.1 6.032813925 0.3703886915 
40.15 6.051628812 0.3820930154 
40.2 6.071011099 0.3930698936 
40.25 6.090922219 0.4032321079 
40.3 6.111319339 0.4124963397 
40.35 6.132155574 0.4207841297 
40.4 6.15338026 0.4280228139 
40.45 6.174939263 0.4341464198 
40.5 6.196775335 0.4390965039 
40.55 6.21882851 0.4428229134 
40.6 6.241036536 0.4452844556 
40.65 6.263335337 0.44644946 
40.7 6.285659502 0.44629622 
40.75 6.307942788 0.4448133047 
40.8 6.330118644 0.4419997319 
40.85 6.352120732 0.4378649995 
40.9 6.373883446 0.4324289747 
40.95 6.395342431 0.4257216413 
41 6.416435075 0.4177827148 
41.05 6.437100983 0.4086611307 
41.1 6.457282428 0.3984144198 
41.15 6.476924756 0.3871079837 
41.2 6.495976766 0.3748142867 
41.25 6.514391036 0.3616119794 
41.3 6.532124214 0.3475849735 
41.35 6.549137255 0.3328214837 
41.4 6.565395611 0.3174130543 
41.45 6.580869374 0.3014535866 
41.5 6.595533372 0.2850383819 
41.55 6.609367213 0.2682632136 
41.6 6.622355284 0.2512234404 
41.65 6.634486716 0.2340131694 
41.7 6.645755296 0.216724479 
41.75 6.656159348 0.1994467058 
41.8 6.665701584 0.182265802 
41.85 6.674388913 0.1652637647 
41.9 6.682232237 0.1485181401 
41.95 6.689246216 0.1321016018 
42 6.695449011 0.116081603 
42.05 6.700862022 0.1005201008 
42.1 6.705509605 0.08547335074 
42.15 6.709418781 0.07099176754 
42.2 6.712618947 0.05711984931 
42.25 6.715141575 0.04389616105 
42.3 6.717019916 0.03135337333 
42.35 6.718288713 0.01951835155 
42.4 6.718983905 0.008412291283 
42.45 6.719142357 -0.001949105003 
42.5 6.718801584 -0.01155541484 
42.55 6.717999494 -0.02040125091 
42.6 6.716774147 -0.02848598951 
42.65 6.715163519 -0.03581347702 
42.7 6.71320529 -0.04239171917 
42.75 6.71093664 -0.04823255781 
42.8 6.708394071 -0.05335133965 
42.85 6.705613234 -0.0577665812 
42.9 6.702628784 -0.06149963409 
42.95 6.699474245 -0.06457435463 
43 6.696181889 -0.06701678095 
43.05 6.692782641 -0.06885482105 
43.1 6.689305989 -0.07011795454 
43.15 6.685779915 -0.07083695058 
43.2 6.682230834 -0.0710436039 
43.25 6.678683551 -0.07077049074 
43.3 6.675161229 -0.07005074591 
43.35 6.671685362 -0.06891786174 
43.4 6.668275767 -0.06740550944 
43.45 6.664950574 -0.06554738304 
43.5 6.661726232 -0.06337706546 
43.55 6.658617515 -0.06092791633 
43.6 6.655637536 -0.05823298053 
43.65 6.652797768 -0.0553249164 
43.7 6.65010806 -0.05223594214 
43.75 6.64757666 -0.04899779884 
43.8 6.645210245 -0.04564172848 
43.85 6.64301394 -0.04219846475 
43.9 6.640991347 -0.03869823495 
43.95 6.63914457 -0.0351707706 
44 6.637474236 -0.03164532481 
44.05 6.635979524 -0.02815069414 
44.1 6.63465818 -0.02471524272 
44.15 6.633506547 -0.02136692652 
44.2 6.632519576 -0.01813331562 
44.25 6.63169085 -0.0150416125 
44.3 6.631012602 -0.01211866422 
44.35 6.630475729 -0.009390966771 
44.4 6.630069815 -0.006884659852 
44.45 6.629783144 -0.004625510393 
44.5 6.629602722 -0.002638883535 
44.55 6.629514298 -0.000949699769 
44.6 6.629502387 0.0004176227517 
44.65 6.629550298 0.001439241517 
44.7 6.629640163 0.002091979115 
44.75 6.629752974 0.002353429121 
44.8 6.629868625 0.002202078399 
44.85 6.629965959 0.001617445531 
44.9 6.630022825 0.0005802347615 
44.95 6.63001614 -0.0009274954622 
45 6.629921959 -0.002922150594 
45.05 6.629715563 -0.005418406301 
45.1 6.629371545 -0.008429004863 
45.15 6.628863912 -0.01196454387 
45.2 6.628166202 -0.0160332597 
45.25 6.627251603 -0.02064080862 
45.3 6.62609309 -0.02579004845 
45.35 6.62466357 -0.0314808243 
45.4 6.622936036 -0.03770976168 
45.45 6.620883735 -0.04447007083 
45.5 6.618480343 -0.05175136605 
45.55 6.615700148 -0.05953950402 
45.6 6.612518243 -0.06781644501 
45.65 6.608910721 -0.07656014107 
45.7 6.604854881 -0.08574445516 
45.75 6.600329433 -0.09533911482 
45.8 6.595314701 -0.1053097043 
45.85 6.589792836 -0.1156176986 
45.9 6.583748014 -0.1262205418 
45.95 6.577166639 -0.1370717732 
46 6.570037531 -0.1481212035 
46.05 6.562352108 -0.1593151411 
46.1 6.554104555 -0.1705966721 
46.15 6.545291976 -0.1819059917 
46.2 6.535914529 -0.1931807875 
46.25 6.525975544 -0.204356674 
46.3 6.51548161 -0.2153676744 
46.35 6.504442642 -0.2261467466 
46.4 6.492871927 -0.2366263499 
46.45 6.480786123 -0.2467390456 
46.5 6.468205251 -0.2564181251 
46.55 6.455152629 -0.2655982581 
46.6 6.441654798 -0.2742161531 
46.65 6.427741398 -0.2822112184 
46.7 6.413445015 -0.2895262166 
46.75 6.398801003 -0.2961079002 
46.8 6.383847263 -0.3019076182 
46.85 6.368624004 -0.3068818826 
46.9 6.353173468 -0.310992886 
46.95 6.337539637 -0.3142089586 
47 6.321767914 -0.3165049571 
47.05 6.305904788 -0.3178625772 
47.1 6.28999749 -0.318270584 
47.15 6.27409363 -0.3177249545 
47.2 6.258240841 -0.3162289306 
47.25 6.24248641 -0.3137929805 
47.3 6.226876923 -0.3104346692 
47.35 6.211457915 -0.3061784416 
47.4 6.196273533 -0.3010553214 
47.45 6.181366216 -0.2951025327 
47.5 6.166776396 -0.2883630509 
47.55 6.152542224 -0.280885093 
47.6 6.138699317 -0.2727215547 
47.65 6.125280549 -0.2639294062 
47.7 6.11231585 -0.2545690574 
47.75 6.099832062 -0.2447037015 
47.8 6.08785281 -0.2343986495 
47.85 6.076398414 -0.2237206649 
47.9 6.065485834 -0.2127373082 
47.95 6.055128644 -0.2015162997 
48 6.045337043 -0.1901249095 
48.05 6.036117888 -0.1786293803 
48.1 6.027474761 -0.1670943906 
48.15 6.019408061 -0.1555825609 
48.2 6.011915115 -0.1441540089 
48.25 6.004990316 -0.1328659545 
48.3 5.998625276 -0.1217723778 
48.35 5.992808993 -0.1109237305 
48.4 5.987528039 -0.1003666992 
48.45 5.982766748 -0.09014402293 
48.5 5.978507417 -0.08029435974 
48.55 5.974730517 -0.07085220337 
48.6 5.971414897 -0.06184784546 
48.65 5.968537997 -0.05330738112 
48.7 5.966076058 -0.04525275433 
48.75 5.964004323 -0.03770183939 
48.8 5.962297244 -0.03066855483 
48.85 5.960928669 -0.02416300557 
48.9 5.959872037 -0.0181916494 
48.95 5.959100549 -0.01275748371 
49 5.958587338 -0.007860248388 
49.05 5.958305628 -0.003496641068 
49.1 5.95822888 0.0003394592051 
49.15 5.958330925 0.0036567634 
49.2 5.958586092 0.006466342466 
49.25 5.958969316 0.008781399 
49.3 5.959456241 0.01061704349 
49.35 5.960023309 0.01199007774 
49.4 5.960647842 0.01291878776 
49.45 5.961308108 0.01342274813 
49.5 5.961983382 0.01352263937 
49.55 5.962653997 0.01324007984 
49.6 5.963301389 0.01259747292 
49.65 5.963908128 0.0116178704 
49.7 5.964457952 0.01032485222 
49.75 5.964935789 0.008742422875 
49.8 5.965327776 0.00689492408 
49.85 5.965621274 0.004806963442 
49.9 5.965804878 0.002503358289 
49.95 5.965868432 9.093856517e-06 
50 5.965803029 -0.002650705328 
